[5, 3, 0, 0, 17.937362761062523] 1e+100
[5, 3, 0, 0, 0.3835236884446247] 0.04696568084979
[5, 3, 0, 0, 15.26759261747047] 1e+100
[5, 3, 0, 0, 11.077854837827452] 1e+100
[5, 3, 0, 0, 7.02284601054725] 1e+100
[5, 3, 0, 0, 2.206641452670557] 0.23696061033269
[5, 3, 0, 0, 1.5637887626171398] 0.1130295385706
[5, 3, 0, 0, 10.193570677359068] 1e+100
[5, 3, 0, 0, 17.696349981357656] 1e+100
[5, 3, 0, 0, 1.6096979771745534] 0.1244632937775
[5, 3, 0, 0, 13.133037434720677] 1e+100
[5, 3, 0, 0, 11.179283094590941] 1e+100
[5, 3, 0, 0, 13.775327874891808] 1e+100
[5, 3, 0, 0, 10.80605686879139] 1e+100
[5, 3, 0, 0, 11.463225951743386] 1e+100
[5, 3, 0, 0, 12.987609534475466] 1e+100
[5, 3, 0, 0, 7.402024804101921] 1e+100
[5, 3, 0, 0, 15.147881712129003] 1e+100
[5, 3, 0, 0, 15.215796916636785] 1e+100
[5, 3, 0, 0, 4.309458044090848] 1e+100
[5, 3, 0, 0, 17.782887533181675] 1e+100
[5, 3, 0, 0, 10.574308813573987] 1e+100
[5, 3, 0, 0, 4.597077936563007] 1e+100
[5, 3, 0, 0, 10.139597140945165] 1e+100
[5, 3, 0, 0, 2.7951397958173763] 0.30014310608006
[5, 3, 0, 0, 6.324710301418794] 1e+100
[5, 3, 0, 0, 13.404043460204232] 1e+100
[5, 3, 0, 0, 11.442027756880943] 1e+100
[5, 3, 0, 0, 16.72638299096684] 1e+100
[5, 3, 0, 0, 15.381606580802538] 1e+100
[5, 3, 0, 0, 4.568379080534055] 1e+100
[5, 3, 0, 0, 15.826163639451954] 1e+100
[5, 3, 0, 0, 0.5237727709753504] 0.00130698363897
[5, 3, 0, 0, 5.826645394520728] 1e+100
[5, 3, 0, 0, 5.038100115285626] 1e+100
[5, 3, 0, 0, 18.087509033420908] 1e+100
[5, 3, 0, 0, 4.351064335471078] 1e+100
[5, 3, 0, 0, 8.547394816961457] 1e+100
[5, 3, 0, 0, 7.815548230400189] 1e+100
[5, 3, 0, 0, 9.794044250620168] 1e+100
[5, 3, 0, 0, 18.13659667885446] 1e+100
[5, 3, 0, 0, 17.191060798018167] 1e+100
[5, 3, 0, 0, 6.730138184707297] 1e+100
[5, 3, 0, 0, 3.754473387931543] 1e+100
[5, 3, 0, 0, 7.110347669762842] 1e+100
[5, 3, 0, 0, 13.28688303524025] 1e+100
[5, 3, 0, 0, 0.8079182043776623] 0.0668736401027
[5, 3, 0, 0, 18.08057592163408] 1e+100
[5, 3, 0, 0, 12.885682752370688] 1e+100
[5, 3, 0, 0, 0.30635053046238925] 0.0431177550336
[5, 3, 0, 0, 0.016240738618995554] 1e+100
[5, 3, 0, 0, 17.34182187433927] 1e+100
[5, 3, 0, 0, 15.491576933138306] 1e+100
[5, 3, 0, 0, 19.97279104068661] 1e+100
[5, 3, 0, 0, 4.647786105116987] 1e+100
[5, 3, 0, 0, 9.270569389308246] 1e+100
[5, 3, 0, 0, 5.720637730751623] 1e+100
[5, 3, 0, 0, 0.347721083386876] 0.04662235785905
[5, 3, 0, 0, 16.939651091716378] 1e+100
[5, 3, 0, 0, 7.199353884914885] 1e+100
[5, 3, 0, 0, 5.720154753449358] 1e+100
[5, 3, 0, 0, 16.6949910000694] 1e+100
[5, 3, 0, 0, 18.44971711373469] 1e+100
[5, 3, 0, 0, 1.381990072437631] 0.06428301179756
[5, 3, 0, 0, 1.134169372152869] 0.00660309494453
[5, 3, 0, 0, 10.253769932653046] 1e+100
[5, 3, 0, 0, 13.837094229016238] 1e+100
[5, 3, 0, 0, 19.930156926990897] 1e+100
[5, 3, 0, 0, 16.133635033764637] 1e+100
[5, 3, 0, 0, 9.994897303719089] 1e+100
[5, 3, 0, 0, 6.081664514470919] 1e+100
[5, 3, 0, 0, 0.1958542316709977] 0.15863622589194
[5, 3, 0, 0, 15.263704374922547] 1e+100
[5, 3, 0, 0, 19.669286421328483] 1e+100
[5, 3, 0, 0, 2.8000921531270606] 0.30058659404015
[5, 3, 0, 0, 7.496859723989275] 1e+100
[5, 3, 0, 0, 0.32173748615477615] 0.04428678183723
[5, 3, 0, 0, 16.71321614873881] 1e+100
[5, 3, 0, 0, 15.315577182513199] 1e+100
[5, 3, 0, 0, 4.325790224260557] 1e+100
[5, 3, 0, 0, 0.9254522411334065] 0.0553670416395
[5, 3, 0, 0, 13.726048562307032] 1e+100
[5, 3, 0, 0, 3.1721701092268173] 0.33213042815089
[5, 3, 0, 0, 18.026028351850698] 1e+100
[5, 3, 0, 0, 17.818188087730853] 1e+100
[5, 3, 0, 0, 0.6580314493607742] 0.05011005099196
[5, 3, 0, 0, 1.5953028217410314] 0.12091968424564
[5, 3, 0, 0, 9.395973524620606] 1e+100
[5, 3, 0, 0, 15.564755529632057] 1e+100
[5, 3, 0, 0, 19.445462371020557] 1e+100
[5, 3, 0, 0, 17.244963829045364] 1e+100
[5, 3, 0, 0, 3.179926165600784] 0.33275497076359
[5, 3, 0, 0, 14.042175954776306] 1e+100
[5, 3, 0, 0, 0.09699179645253908] 1e+100
[5, 3, 0, 0, 7.538005421340812] 1e+100
[5, 3, 0, 0, 15.714599641059564] 1e+100
[5, 3, 0, 0, 4.275336713139555] 1e+100
[5, 3, 0, 0, 0.0670852469920824] 1e+100
[5, 3, 0, 0, 13.567659378650172] 1e+100
[5, 3, 0, 0, 4.044443107979394] 1e+100
[5, 3, 0, 0, 12.773972717527414] 1e+100
[5, 3, 0, 0, 19.2275565546067] 1e+100
[5, 3, 0, 0, 6.2266977854255545] 1e+100
[5, 3, 0, 0, 10.071309800186972] 1e+100
[5, 3, 0, 0, 4.300380254211628] 1e+100
[5, 3, 0, 0, 16.781586556859377] 1e+100
[5, 3, 0, 0, 6.947425198972352] 1e+100
[5, 3, 0, 0, 5.265353795373078] 1e+100
[5, 3, 0, 0, 2.103309095007311] 0.22205990929622
[5, 3, 0, 0, 19.810175923142708] 1e+100
[5, 3, 0, 0, 4.261229015449237] 1e+100
[5, 3, 0, 0, 2.474930226970613] 0.2691619001878
[5, 3, 0, 0, 18.082305590164026] 1e+100
[5, 3, 0, 0, 5.043385130693656] 1e+100
[5, 3, 0, 0, 10.679943310571623] 1e+100
[5, 3, 0, 0, 10.680449853641775] 1e+100
[5, 3, 0, 0, 16.175556922948168] 1e+100
[5, 3, 0, 0, 6.545325266519479] 1e+100
[5, 3, 0, 0, 10.770342277693072] 1e+100
[5, 3, 0, 0, 8.520449898358631] 1e+100
[5, 3, 0, 0, 17.585651619572356] 1e+100
[5, 3, 0, 0, 17.722897004459295] 1e+100
[5, 3, 0, 0, 4.19549572439184] 1e+100
[5, 3, 0, 0, 7.137756383909737] 1e+100
[5, 3, 0, 0, 11.854831447912279] 1e+100
[5, 3, 0, 0, 7.865705942271526] 1e+100
[5, 3, 0, 0, 7.865965583449963] 1e+100
[5, 3, 0, 0, 15.758748611780595] 1e+100
[5, 3, 0, 0, 8.188528650401166] 1e+100
[5, 3, 0, 0, 19.784520855287898] 1e+100
[5, 3, 0, 0, 9.1385358546767] 1e+100
[5, 3, 0, 0, 10.811893174823936] 1e+100
[5, 3, 0, 0, 14.74650336772871] 1e+100
[5, 3, 0, 0, 10.540252669077848] 1e+100
[5, 3, 0, 0, 1.4950777241836932] 0.09521867906664
[5, 3, 0, 0, 1.366296908292004] 0.05985677275432
[5, 3, 0, 0, 18.950159737679776] 1e+100
[5, 3, 0, 0, 17.71330942370556] 1e+100
[5, 3, 0, 0, 2.058643240001936] 0.21508767996107
[5, 3, 0, 0, 14.857524768154972] 1e+100
[5, 3, 0, 0, 19.206638899593955] 1e+100
[5, 3, 0, 0, 14.164206447622693] 1e+100
[5, 3, 0, 0, 12.857966458971966] 1e+100
[5, 3, 0, 0, 5.248555050619485] 1e+100
[5, 3, 0, 0, 16.544330704379778] 1e+100
[5, 3, 0, 0, 4.5144302273938175] 1e+100
[5, 3, 0, 0, 14.282332216669895] 1e+100
[5, 3, 0, 0, 17.58713526257743] 1e+100
[5, 3, 0, 0, 19.531268132255974] 1e+100
[5, 3, 0, 0, 12.593059834500771] 1e+100
[5, 3, 0, 0, 8.45759294750231] 1e+100
[5, 3, 0, 0, 2.9395442250031323] 0.31278950484484
[5, 3, 0, 0, 4.71535582675374] 1e+100
[5, 3, 0, 0, 4.880531763457318] 1e+100
[5, 3, 0, 0, 0.9897560689617557] 0.04303408757615
[5, 3, 0, 0, 1.6246882902153792] 0.12811253180226
[5, 3, 0, 0, 9.179853381952976] 1e+100
[5, 3, 0, 0, 4.161108344458104] 1e+100
[5, 3, 0, 0, 6.764695953467954] 1e+100
[5, 3, 0, 0, 8.309555908064244] 1e+100
[5, 3, 0, 0, 1.622087936792882] 0.12748250888384
[5, 3, 0, 0, 12.994105958847795] 1e+100
[5, 3, 0, 0, 14.51062161294888] 1e+100
[5, 3, 0, 0, 19.968257828432797] 1e+100
[5, 3, 0, 0, 0.6208353019123769] 0.03904465782518
[5, 3, 0, 0, 0.3898232639926835] 0.04647796664665
[5, 3, 0, 0, 8.21048202142077] 1e+100
[5, 3, 0, 0, 11.427563520050079] 1e+100
[5, 3, 0, 0, 9.529247927831717] 1e+100
[5, 3, 0, 0, 10.98876746183694] 1e+100
[5, 3, 0, 0, 15.75749565967046] 1e+100
[5, 3, 0, 0, 15.730960741071993] 1e+100
[5, 3, 0, 0, 13.380426388434863] 1e+100
[5, 3, 0, 0, 0.1344833077109553] 0.53993433706864
[5, 3, 0, 0, 11.166832354152397] 1e+100
[5, 3, 0, 0, 18.69963967054072] 1e+100
[5, 3, 0, 0, 0.13692075686688288] 0.44239967961602
[5, 3, 0, 0, 11.548748885597497] 1e+100
[5, 3, 0, 0, 12.317625358683761] 1e+100
[5, 3, 0, 0, 10.053119772596961] 1e+100
[5, 3, 0, 0, 12.112777125736638] 1e+100
[5, 3, 0, 0, 9.649124830933628] 1e+100
[5, 3, 0, 0, 17.670776736155386] 1e+100
[5, 3, 0, 0, 17.110997807787438] 1e+100
[5, 3, 0, 0, 9.273776079637058] 1e+100
[5, 3, 0, 0, 3.4175269452033574] 1e+100
[5, 3, 0, 0, 3.023789654629443] 0.31993024265032
[5, 3, 0, 0, 12.715074606118966] 1e+100
[5, 3, 0, 0, 13.321084410873203] 1e+100
[5, 3, 0, 0, 4.677295524011768] 1e+100
[5, 3, 0, 0, 11.054580296975935] 1e+100
[5, 3, 0, 0, 5.713655881057321] 1e+100
[5, 3, 0, 0, 1.2539823991216958] 0.02760791442779
[5, 3, 0, 0, 12.606219424560969] 1e+100
[5, 3, 0, 0, 18.343275490401613] 1e+100
[5, 3, 0, 0, 16.04639853758184] 1e+100
[5, 3, 0, 0, 10.94039468284122] 1e+100
[5, 3, 0, 0, 10.43520561643714] 1e+100
[5, 3, 0, 0, 0.035524407328184626] 1e+100
[5, 3, 0, 0, 18.144574673648933] 1e+100
[5, 3, 0, 0, 10.591191851985517] 1e+100
[5, 3, 0, 0, 9.977881552931684] 1e+100
[5, 3, 0, 0, 14.829205748337825] 1e+100
[5, 3, 0, 0, 9.780594494757258] 1e+100
[5, 3, 0, 0, 2.6038803219284246] 0.28229620240819
[5, 3, 0, 0, 16.72441054489274] 1e+100
[5, 3, 0, 0, 10.879474143773688] 1e+100
[5, 3, 0, 0, 9.59467871934186] 1e+100
[5, 3, 0, 0, 4.153741102453443] 1e+100
[5, 3, 0, 0, 18.45745071273572] 1e+100
[5, 3, 0, 0, 11.560246054297421] 1e+100
[5, 3, 0, 0, 2.6070286315311653] 0.28260369501885
[5, 3, 0, 0, 12.25618510308366] 1e+100
[5, 3, 0, 0, 11.667607986439844] 1e+100
[5, 3, 0, 0, 1.1622066972435907] 0.00125291709751
[5, 3, 0, 0, 11.044801031686527] 1e+100
[5, 3, 0, 0, 19.086055737078755] 1e+100
[5, 3, 0, 0, 10.571786719639473] 1e+100
[5, 3, 0, 0, 12.519952864724392] 1e+100
[5, 3, 0, 0, 0.9709568863890428] 0.04697523778008
[5, 3, 0, 0, 3.1820739972158063] 0.33292769877352
[5, 3, 0, 0, 4.034883260663551] 1e+100
[5, 3, 0, 0, 14.115209391208626] 1e+100
[5, 3, 0, 0, 14.339049939068904] 1e+100
[5, 3, 0, 0, 4.429909284076022] 1e+100
[5, 3, 0, 0, 12.84307569367005] 1e+100
[5, 3, 0, 0, 2.342539405019972] 0.25427403505341
[5, 3, 0, 0, 5.38214602071958] 1e+100
[5, 3, 0, 0, 13.446731040334747] 1e+100
[5, 3, 0, 0, 0.12421327957978123] 0.6134901493115
[5, 3, 0, 0, 17.30719725799443] 1e+100
[5, 3, 0, 0, 10.272710693234954] 1e+100
[5, 3, 0, 0, 11.36488425350342] 1e+100
[5, 3, 0, 0, 9.950973308373596] 1e+100
[5, 3, 0, 0, 4.466504535656219] 1e+100
[5, 3, 0, 0, 4.72871808408901] 1e+100
[5, 3, 0, 0, 19.70354897789551] 1e+100
[5, 3, 0, 0, 5.656039804694459] 1e+100
[5, 3, 0, 0, 8.049073312724664] 1e+100
[5, 3, 0, 0, 3.7832710914446777] 1e+100
[5, 3, 0, 0, 1.3738523279278092] 0.06199116616388
[5, 3, 0, 0, 6.320277763496735] 1e+100
[5, 3, 0, 0, 4.828351666915336] 1e+100
[5, 3, 0, 0, 11.020101553680863] 1e+100
[5, 3, 0, 0, 9.287641475921296] 1e+100
[5, 3, 0, 0, 11.520345411362012] 1e+100
[5, 3, 0, 0, 2.7200050616193883] 0.2933123827374
[5, 3, 0, 0, 5.44084956060344] 1e+100
[5, 3, 0, 0, 18.870519166031492] 1e+100
[5, 3, 0, 0, 9.88303151013322] 1e+100
[5, 3, 0, 0, 9.169665651687973] 1e+100
[5, 3, 0, 0, 5.743130881321054] 1e+100
[5, 3, 0, 0, 9.671401742499253] 1e+100
[5, 3, 0, 0, 10.806098756508282] 1e+100
[5, 3, 0, 0, 10.622716992277997] 1e+100
[5, 3, 0, 0, 12.075902147197748] 1e+100
[5, 3, 0, 0, 12.306185130379326] 1e+100
[5, 3, 0, 0, 7.512346391954418] 1e+100
[5, 3, 0, 0, 16.496654141089408] 1e+100
[5, 3, 0, 0, 2.316964539843438] 0.25119066493017
[5, 3, 0, 0, 19.059206068473415] 1e+100
[5, 3, 0, 0, 2.526743230721633] 0.27457588368235
[5, 3, 0, 0, 6.701952254825228] 1e+100
[5, 3, 0, 0, 16.893169243115487] 1e+100
[5, 3, 0, 0, 19.046337313538032] 1e+100
[5, 3, 0, 0, 8.984399787366534] 1e+100
[5, 3, 0, 0, 6.895230189289688] 1e+100
[5, 3, 0, 0, 12.457461699692146] 1e+100
[5, 3, 0, 0, 7.582175212713094] 1e+100
[5, 3, 0, 0, 10.596988234611768] 1e+100
[5, 3, 0, 0, 0.8380426394794416] 0.06560377531099
[5, 3, 0, 0, 5.360258766325867] 1e+100
[5, 3, 0, 0, 16.15981403388802] 1e+100
[5, 3, 0, 0, 9.55512564805986] 1e+100
[5, 3, 0, 0, 2.5362266664793043] 0.27554568079788
[5, 3, 0, 0, 3.352351689778421] 1e+100
[5, 3, 0, 0, 6.755848775852067] 1e+100
[5, 3, 0, 0, 19.891239413441344] 1e+100
[5, 3, 0, 0, 12.604795333064981] 1e+100
[5, 3, 0, 0, 1.3875404131965041] 0.06584179843064
[5, 3, 0, 0, 6.981358948810237] 1e+100
[5, 3, 0, 0, 18.039442947133637] 1e+100
[5, 3, 0, 0, 7.423755367128299] 1e+100
[5, 3, 0, 0, 15.677666490949381] 1e+100
[5, 3, 0, 0, 16.236061171777585] 1e+100
[5, 3, 0, 0, 15.82289789928544] 1e+100
[5, 3, 0, 0, 11.231130298220513] 1e+100
[5, 3, 0, 0, 0.6066137837900776] 0.03406764040348
[5, 3, 0, 0, 1.6053839935812064] 0.12340535358884
[5, 3, 0, 0, 3.039051504405099] 0.32120711650815
[5, 3, 0, 0, 3.254379098597331] 1e+100
[5, 3, 0, 0, 3.4487822272209856] 1e+100
[5, 3, 0, 0, 4.0999142636681345] 1e+100
[5, 3, 0, 0, 15.939438601312544] 1e+100
[5, 3, 0, 0, 3.8102722938221634] 1e+100
[5, 3, 0, 0, 12.345898263418126] 1e+100
[5, 3, 0, 0, 1.755974920707497] 0.15824497472103
[5, 3, 0, 0, 5.7281045854571015] 1e+100
[5, 3, 0, 0, 5.37499444602912] 1e+100
[5, 3, 0, 0, 12.422321395282616] 1e+100
[5, 3, 0, 0, 13.952430660091588] 1e+100
[5, 3, 0, 0, 12.566261342952485] 1e+100
[5, 3, 0, 0, 13.874681780717388] 1e+100
[5, 3, 0, 0, 14.525903907471553] 1e+100
[5, 3, 0, 0, 11.194439406374082] 1e+100
[5, 3, 0, 0, 0.47152365923813333] 0.02468880941425
[5, 3, 0, 0, 4.9050544383409385] 1e+100
[5, 3, 0, 0, 15.151380063019852] 1e+100
[5, 3, 0, 0, 10.890145339068402] 1e+100
[5, 3, 0, 0, 4.059355958563318] 1e+100
[5, 3, 0, 0, 10.467675954893194] 1e+100
[5, 3, 0, 0, 12.739473482305561] 1e+100
[5, 3, 0, 0, 8.60267575246505] 1e+100
[5, 3, 0, 0, 0.4163137324880517] 0.04242284296646
[5, 3, 0, 0, 0.9897859159721234] 0.0430276348575
[5, 3, 0, 0, 11.102130362925514] 1e+100
[5, 3, 0, 0, 7.618311048196569] 1e+100
[5, 3, 0, 0, 8.845261202522188] 1e+100
[5, 3, 0, 0, 18.24221356553458] 1e+100
[5, 3, 0, 0, 1.4768791128411296] 0.09036853353627
[5, 3, 0, 0, 17.059649272170823] 1e+100
[5, 3, 0, 0, 5.646712155090081] 1e+100
[5, 3, 0, 0, 8.647623212282474] 1e+100
[5, 3, 0, 0, 11.454305737463171] 1e+100
[5, 3, 0, 0, 19.5093388200085] 1e+100
[5, 3, 0, 0, 17.48194722798791] 1e+100
[5, 3, 0, 0, 17.357471692646016] 1e+100
[5, 3, 0, 0, 16.986456812681922] 1e+100
[5, 3, 0, 0, 5.757919215298227] 1e+100
[5, 3, 0, 0, 13.66271798683593] 1e+100
[5, 3, 0, 0, 19.311536214335767] 1e+100
[5, 3, 0, 0, 2.106810628782805] 0.22259239307405
[5, 3, 0, 0, 0.47094619544525873] 0.0249244531958
[5, 3, 0, 0, 11.559832290268213] 1e+100
[5, 3, 0, 0, 9.784622799890668] 1e+100
[5, 3, 0, 0, 11.895449319707467] 1e+100
[5, 3, 0, 0, 8.87138719491778] 1e+100
[5, 3, 0, 0, 1.8643242163789409] 0.18059596228743
[5, 3, 0, 0, 18.62531025012332] 1e+100
[5, 3, 0, 0, 10.685023527681501] 1e+100
[5, 3, 0, 0, 16.52039581456245] 1e+100
[5, 3, 0, 0, 11.536586506544925] 1e+100
[5, 3, 0, 0, 7.600074520679792] 1e+100
[5, 3, 0, 0, 3.0735825314816623] 0.3240773865304
[5, 3, 0, 0, 19.240220015590268] 1e+100
[5, 3, 0, 0, 15.906332748636041] 1e+100
[5, 3, 0, 0, 17.051960344643653] 1e+100
[5, 3, 0, 0, 10.425101675463758] 1e+100
[5, 3, 0, 0, 17.420177195552863] 1e+100
[5, 3, 0, 0, 19.24585348624239] 1e+100
[5, 3, 0, 0, 16.389202392281494] 1e+100
[5, 3, 0, 0, 5.197328771495588] 1e+100
[5, 3, 0, 0, 8.193197120044955] 1e+100
[5, 3, 0, 0, 4.484726900811222] 1e+100
[5, 3, 0, 0, 17.92426093346593] 1e+100
[5, 3, 0, 0, 8.13530907169598] 1e+100
[5, 3, 0, 0, 5.832103794189452] 1e+100
[5, 3, 0, 0, 1.3500701543175975] 0.05525279049953
[5, 3, 0, 0, 7.160468722505047] 1e+100
[5, 3, 0, 0, 8.932695556012412] 1e+100
[5, 3, 0, 0, 13.552229264346007] 1e+100
[5, 3, 0, 0, 6.310518653911464] 1e+100
[5, 3, 0, 0, 7.879146042943804] 1e+100
[5, 3, 0, 0, 14.237661027734225] 1e+100
[5, 3, 0, 0, 5.770132202650253] 1e+100
[5, 3, 0, 0, 18.26583889274285] 1e+100
[5, 3, 0, 0, 1.9666430003928714] 0.19962798224318
[5, 3, 0, 0, 11.820786618102456] 1e+100
[5, 3, 0, 0, 3.2279199324558494] 0.33658886030968
[5, 3, 0, 0, 2.496998035677782] 0.27149296722825
[5, 3, 0, 0, 7.8565311074707385] 1e+100
[5, 3, 0, 0, 11.771259812936655] 1e+100
[5, 3, 0, 0, 13.53005896240808] 1e+100
[5, 3, 0, 0, 7.067562252996867] 1e+100
[5, 3, 0, 0, 10.10384153001154] 1e+100
[5, 3, 0, 0, 9.502638952390726] 1e+100
[5, 3, 0, 0, 17.103186583331354] 1e+100
[5, 3, 0, 0, 7.297973006722714] 1e+100
[5, 3, 0, 0, 4.543476016106696] 1e+100
[5, 3, 0, 0, 19.110749319466155] 1e+100
[5, 3, 0, 0, 16.816301071148704] 1e+100
[5, 3, 0, 0, 5.1565891315327566] 1e+100
[5, 3, 0, 0, 0.0055171623214023136] 1e+100
[5, 3, 0, 0, 14.05543267808138] 1e+100
[5, 3, 0, 0, 12.563899047690981] 1e+100
[5, 3, 0, 0, 4.7404895428336875] 1e+100
[5, 3, 0, 0, 15.984669032508831] 1e+100
[5, 3, 0, 0, 4.186940445247542] 1e+100
[5, 3, 0, 0, 2.1040071354973833] 0.22216622230128
[5, 3, 0, 0, 9.922841855842808] 1e+100
[5, 3, 0, 0, 7.058898844005006] 1e+100
[5, 3, 0, 0, 8.284443521293705] 1e+100
[5, 3, 0, 0, 4.633224314045283] 1e+100
[5, 3, 0, 0, 3.6071213820230197] 1e+100
[5, 3, 0, 0, 15.708154020852001] 1e+100
[5, 3, 0, 0, 18.037784394003687] 1e+100
[5, 3, 0, 0, 6.009349517097247] 1e+100
[5, 3, 0, 0, 9.136032530202996] 1e+100
[5, 3, 0, 0, 18.211280680087302] 1e+100
[5, 3, 0, 0, 1.2736478909885718] 0.0332970386336
[5, 3, 0, 0, 3.177411704097286] 0.33255275689446
[5, 3, 0, 0, 0.4687706413596393] 0.025805062822
[5, 3, 0, 0, 0.47636594189755854] 0.02268314505933
[5, 3, 0, 0, 17.837826031446955] 1e+100
[5, 3, 0, 0, 16.96284366447295] 1e+100
[5, 3, 0, 0, 10.908819991303771] 1e+100
[5, 3, 0, 0, 17.62969633639195] 1e+100
[5, 3, 0, 0, 15.200287332921347] 1e+100
[5, 3, 0, 0, 4.308992286395421] 1e+100
[5, 3, 0, 0, 1.2975601356818012] 0.04020251901016
[5, 3, 0, 0, 15.881422547248663] 1e+100
[5, 3, 0, 0, 18.716644950561797] 1e+100
[5, 3, 0, 0, 17.80200538785263] 1e+100
[5, 3, 0, 0, 8.01055363649295] 1e+100
[5, 3, 0, 0, 14.760342676681566] 1e+100
[5, 3, 0, 0, 2.182456475645096] 0.2336190561505
[5, 3, 0, 0, 18.916866967784927] 1e+100
[5, 3, 0, 0, 3.3864462460625178] 1e+100
[5, 3, 0, 0, 19.195350999224942] 1e+100
[5, 3, 0, 0, 5.185158515052121] 1e+100
[5, 3, 0, 0, 18.166376945169503] 1e+100
[5, 3, 0, 0, 15.896093649490755] 1e+100
[5, 3, 0, 0, 4.302952427679648] 1e+100
[5, 3, 0, 0, 11.752510072539287] 1e+100
[5, 3, 0, 0, 1.8576466354728782] 0.17928438292487
[5, 3, 0, 0, 16.88939174432873] 1e+100
[5, 3, 0, 0, 6.406610357396303] 1e+100
[5, 3, 0, 0, 4.758383601077016] 1e+100
[5, 3, 0, 0, 13.35523116930409] 1e+100
[5, 3, 0, 0, 14.664330203529756] 1e+100
[5, 3, 0, 0, 9.098637376462019] 1e+100
[5, 3, 0, 0, 11.836509917059718] 1e+100
[5, 3, 0, 0, 17.765668224956485] 1e+100
[5, 3, 0, 0, 14.62808096771208] 1e+100
[5, 3, 0, 0, 6.357849413510682] 1e+100
[5, 3, 0, 0, 11.571053881999319] 1e+100
[5, 3, 0, 0, 19.816356728167918] 1e+100
[5, 3, 0, 0, 13.592217063089343] 1e+100
[5, 3, 0, 0, 15.701880365265417] 1e+100
[5, 3, 0, 0, 19.032729905560878] 1e+100
[5, 3, 0, 0, 14.387654027305976] 1e+100
[5, 3, 0, 0, 3.5445686208912774] 1e+100
[5, 3, 0, 0, 14.620171984956203] 1e+100
[5, 3, 0, 0, 8.790610204122476] 1e+100
[5, 3, 0, 0, 12.630958523264306] 1e+100
[5, 3, 0, 0, 11.472101484229402] 1e+100
[5, 3, 0, 0, 13.25318785558518] 1e+100
[5, 3, 0, 0, 0.9239361091624732] 0.0556152919431
[5, 3, 0, 0, 19.415484224668123] 1e+100
[5, 3, 0, 0, 3.217256151193577] 0.33574159022906
[5, 3, 0, 0, 0.7749782703180541] 0.06667577722995
[5, 3, 0, 0, 7.4283527212350275] 1e+100
[5, 3, 0, 0, 9.127146307921926] 1e+100
[5, 3, 0, 0, 4.536584400638692] 1e+100
[5, 3, 0, 0, 14.03369675159307] 1e+100
[5, 3, 0, 0, 15.177023500304642] 1e+100
[5, 3, 0, 0, 8.081243534920802] 1e+100
[5, 3, 0, 0, 19.15101952494715] 1e+100
[5, 3, 0, 0, 2.876688770426783] 0.30735342602315
[5, 3, 0, 0, 12.96597273739221] 1e+100
[5, 3, 0, 0, 12.25193419059606] 1e+100
[5, 3, 0, 0, 17.96949942679552] 1e+100
[5, 3, 0, 0, 2.6465183007970428] 0.28641575472757
[5, 3, 0, 0, 7.564498366967367] 1e+100
[5, 3, 0, 0, 18.059871174114875] 1e+100
[5, 3, 0, 0, 12.057083553370784] 1e+100
[5, 3, 0, 0, 16.255774387613503] 1e+100
[5, 3, 0, 0, 15.742206286964427] 1e+100
[5, 3, 0, 0, 17.17028649086657] 1e+100
[5, 3, 0, 0, 5.034356400684108] 1e+100
[5, 3, 0, 0, 8.654646672265756] 1e+100
[5, 3, 0, 0, 15.96392187632792] 1e+100
[5, 3, 0, 0, 10.059368530834332] 1e+100
[5, 3, 0, 0, 14.473273397187898] 1e+100
[5, 3, 0, 0, 0.4458211632824316] 0.03428757976938
[5, 3, 0, 0, 3.2127497241162373] 0.33538274579357
[5, 3, 0, 0, 11.7833128599786] 1e+100
[5, 3, 0, 0, 7.251694980480268] 1e+100
[5, 3, 0, 0, 12.255578994749587] 1e+100
[5, 3, 0, 0, 0.17283100046354694] 0.24595869367344
[5, 3, 0, 0, 4.62360435353099] 1e+100
[5, 3, 0, 0, 19.404904162136653] 1e+100
[5, 3, 0, 0, 14.275647153429896] 1e+100
[5, 3, 0, 0, 15.059140850922681] 1e+100
[5, 3, 0, 0, 5.075746298188031] 1e+100
[5, 3, 0, 0, 0.4516546619193851] 0.03228614385909
[5, 3, 0, 0, 3.818036020520472] 1e+100
[5, 3, 0, 0, 3.5822910034728617] 1e+100
[5, 3, 0, 0, 1.5221604297023905] 0.10233565170002
[5, 3, 0, 0, 8.88459741261953] 1e+100
[5, 3, 0, 0, 9.311425546738917] 1e+100
[5, 3, 0, 0, 16.96502735279379] 1e+100
[5, 3, 0, 0, 3.6588447432401527] 1e+100
[5, 3, 0, 0, 1.4036095542839] 0.07033376674069
[5, 3, 0, 0, 18.99582144207396] 1e+100
[5, 3, 0, 0, 16.953975669139453] 1e+100
[5, 3, 0, 0, 17.930149575241128] 1e+100
[5, 3, 0, 0, 15.302785151048102] 1e+100
[5, 3, 0, 0, 1.7397063999455864] 0.1546916572322
[5, 3, 0, 0, 3.275756417528062] 1e+100
[5, 3, 0, 0, 11.933226674740977] 1e+100
[5, 3, 0, 0, 10.701800269118568] 1e+100
[5, 3, 0, 0, 19.604726745660066] 1e+100
[5, 3, 0, 0, 9.692434142872994] 1e+100
[5, 3, 0, 0, 13.378170881017295] 1e+100
[5, 3, 0, 0, 9.407444363151786] 1e+100
[5, 3, 0, 0, 1.7274314496099863] 0.1519765122523
[5, 3, 0, 0, 5.688396137885359] 1e+100
[5, 3, 0, 0, 17.245093079708255] 1e+100
[5, 3, 0, 0, 7.840475553836066] 1e+100
[5, 3, 0, 0, 2.375237733865232] 0.25811099218746
[5, 3, 0, 0, 18.4097771895676] 1e+100
[5, 3, 0, 0, 10.946330486996462] 1e+100
[5, 3, 0, 0, 10.813627691603607] 1e+100
[5, 3, 0, 0, 2.1016694218762977] 0.22180986796794
[5, 3, 0, 0, 7.276994804645966] 1e+100
[5, 3, 0, 0, 0.24847801646909584] 0.05934878623652
[5, 3, 0, 0, 19.87105429618194] 1e+100
[5, 3, 0, 0, 8.400949560428646] 1e+100
[5, 3, 0, 0, 3.6158916547221365] 1e+100
[5, 3, 0, 0, 8.957690582532823] 1e+100
[5, 3, 0, 0, 19.919816876714144] 1e+100
[5, 3, 0, 0, 3.5634616659637808] 1e+100
[5, 3, 0, 0, 12.73773798610266] 1e+100
[5, 3, 0, 0, 2.3012859249184547] 0.24926276989855
[5, 3, 0, 0, 2.603820248570099] 0.28229032973915
[5, 3, 0, 0, 10.397759341652364] 1e+100
[5, 3, 0, 0, 16.83800504482214] 1e+100
[5, 3, 0, 0, 8.185056391720737] 1e+100
[5, 3, 0, 0, 8.19806457685697] 1e+100
[5, 3, 0, 0, 11.683874523413166] 1e+100
[5, 3, 0, 0, 1.4886935459472062] 0.0935233046862
[5, 3, 0, 0, 1.5744931757894465] 0.11572977383341
[5, 3, 0, 0, 17.049177525361856] 1e+100
[5, 3, 0, 0, 8.869186833430687] 1e+100
[5, 3, 0, 0, 5.46923300976623] 1e+100
[5, 3, 0, 0, 18.727368773078922] 1e+100
[5, 3, 0, 0, 9.026582601496742] 1e+100
[5, 3, 0, 0, 10.176511582833944] 1e+100
[5, 3, 0, 0, 0.6396874899705551] 0.04501209801311
[5, 3, 0, 0, 3.073446674555873] 0.32406614379785
[5, 3, 0, 0, 13.218856002603454] 1e+100
[5, 3, 0, 0, 10.028159127134115] 1e+100
[5, 3, 0, 0, 9.024918386501696] 1e+100
[5, 3, 0, 0, 19.581181146815386] 1e+100
[5, 3, 0, 0, 5.745139988421495] 1e+100
[5, 3, 0, 0, 14.221158850652243] 1e+100
[5, 3, 0, 0, 8.289623876852787] 1e+100
[5, 3, 0, 0, 8.990934257951292] 1e+100
[5, 3, 0, 0, 0.3191141038404943] 0.04404670032116
[5, 3, 0, 0, 15.603916815093665] 1e+100
[5, 3, 0, 0, 16.168168707469786] 1e+100
[5, 3, 0, 0, 1.8602244848220928] 0.1797917326676
[5, 3, 0, 0, 17.42334067766976] 1e+100
[5, 3, 0, 0, 6.451019071052215] 1e+100
[5, 3, 0, 0, 15.930348764959781] 1e+100
[5, 3, 0, 0, 11.66823254427551] 1e+100
[5, 3, 0, 0, 11.149951308543786] 1e+100
[5, 3, 0, 0, 12.366725997931772] 1e+100
[5, 3, 0, 0, 6.696411099107391] 1e+100
[5, 3, 0, 0, 4.9057531731753095] 1e+100
[5, 3, 0, 0, 19.504301747070194] 1e+100
[5, 3, 0, 0, 8.364621227766047] 1e+100
[5, 3, 0, 0, 19.822088027906943] 1e+100
[5, 3, 0, 0, 18.31396510994051] 1e+100
[5, 3, 0, 0, 13.76967665512613] 1e+100
[5, 3, 0, 0, 2.506929800746711] 0.27252962245266
[5, 3, 0, 0, 8.6644019275485] 1e+100
[5, 3, 0, 0, 12.234844594036396] 1e+100
[5, 3, 0, 0, 6.888192053941735] 1e+100
[5, 3, 0, 0, 13.638586468456854] 1e+100
[5, 3, 0, 0, 7.155395179800454] 1e+100
[5, 3, 0, 0, 7.7458996567760625] 1e+100
[5, 3, 0, 0, 5.882090188444469] 1e+100
[5, 3, 0, 0, 17.735783541809823] 1e+100
[5, 3, 0, 0, 3.1418397107813667] 0.32967549532762
[5, 3, 0, 0, 2.1575825806968707] 0.23009157191355
[5, 3, 0, 0, 12.891409580093773] 1e+100
[5, 3, 0, 0, 11.86659168431493] 1e+100
[5, 3, 0, 0, 10.727359497945566] 1e+100
[5, 3, 0, 0, 7.2401849232590365] 1e+100
[5, 3, 0, 0, 3.8284345980375223] 1e+100
[5, 3, 0, 0, 4.113240542569116] 1e+100
[5, 3, 0, 0, 12.985184030225751] 1e+100
[5, 3, 0, 0, 4.378373204264241] 1e+100
[5, 3, 0, 0, 11.672579559450753] 1e+100
[5, 3, 0, 0, 2.902679365623686] 0.3096131407849
[5, 3, 0, 0, 16.37038303131083] 1e+100
[5, 3, 0, 0, 11.913588821227336] 1e+100
[5, 3, 0, 0, 8.515126052530412] 1e+100
[5, 3, 0, 0, 8.497318415494837] 1e+100
[5, 3, 0, 0, 16.880125574117127] 1e+100
[5, 3, 0, 0, 12.933925292683067] 1e+100
[5, 3, 0, 0, 2.7292504822647734] 0.2941639818256
[5, 3, 0, 0, 10.322944311185704] 1e+100
[5, 3, 0, 0, 18.261177284708364] 1e+100
[5, 3, 0, 0, 2.507867402482411] 0.27262710818911
[5, 3, 0, 0, 12.950795823309582] 1e+100
[5, 3, 0, 0, 12.31913970274167] 1e+100
[5, 3, 0, 0, 14.290361319919247] 1e+100
[5, 3, 0, 0, 14.764887529912098] 1e+100
[5, 3, 0, 0, 0.5667882124582668] 0.01816380420434
[5, 3, 0, 0, 18.74768735467828] 1e+100
[5, 3, 0, 0, 12.399369076838813] 1e+100
[5, 3, 0, 0, 9.033298638172782] 1e+100
[5, 3, 0, 0, 5.57148093521765] 1e+100
[5, 3, 0, 0, 0.3151588325394328] 0.04370799434683
[5, 3, 0, 0, 0.9342598076294162] 0.05388244231607
[5, 3, 0, 0, 17.48649809440648] 1e+100
[5, 3, 0, 0, 4.118885234833409] 1e+100
[5, 3, 0, 0, 10.225827965548964] 1e+100
[5, 3, 0, 0, 5.496187006313784] 1e+100
[5, 3, 0, 0, 7.626968300493728] 1e+100
[5, 3, 0, 0, 10.262316157296425] 1e+100
[5, 3, 0, 0, 11.8581278698076] 1e+100
[5, 3, 0, 0, 15.001906869768618] 1e+100
[5, 3, 0, 0, 11.81825095882046] 1e+100
[5, 3, 0, 0, 18.526793898433475] 1e+100
[5, 3, 0, 0, 4.455706131683474] 1e+100
[5, 3, 0, 0, 19.90351658645306] 1e+100
[5, 3, 0, 0, 16.671839505632782] 1e+100
[5, 3, 0, 0, 5.275449441165705] 1e+100
[5, 3, 0, 0, 6.716463001161741] 1e+100
[5, 3, 0, 0, 14.27996251675192] 1e+100
[5, 3, 0, 0, 12.405138341721415] 1e+100
[5, 3, 0, 0, 2.6399819423047233] 0.28579031382333
[5, 3, 0, 0, 8.858722473081457] 1e+100
[5, 3, 0, 0, 7.218388988356123] 1e+100
[5, 3, 0, 0, 11.476899422440107] 1e+100
[5, 3, 0, 0, 2.7299219048756673] 0.29422569825868
[5, 3, 0, 0, 9.11973739885633] 1e+100
[5, 3, 0, 0, 19.496620906882157] 1e+100
[5, 3, 0, 0, 3.742467535038221] 1e+100
[5, 3, 0, 0, 16.764259645413876] 1e+100
[5, 3, 0, 0, 7.633488110930491] 1e+100
[5, 3, 0, 0, 16.813788736762326] 1e+100
[5, 3, 0, 0, 11.843018568883963] 1e+100
[5, 3, 0, 0, 8.535587827854961] 1e+100
[5, 3, 0, 0, 7.03222709709568] 1e+100
[5, 3, 0, 0, 0.7831941512188223] 0.06688957753543
[5, 3, 0, 0, 19.89179322107851] 1e+100
[5, 3, 0, 0, 5.0175070303378755] 1e+100
[5, 3, 0, 0, 0.013427469656701607] 1e+100
[5, 3, 0, 0, 3.7323774987619296] 1e+100
[5, 3, 0, 0, 12.696051329599777] 1e+100
[5, 3, 0, 0, 4.7529857189986675] 1e+100
[5, 3, 0, 0, 1.4438301009136056] 0.08142803931301
[5, 3, 0, 0, 7.865431339454592] 1e+100
[5, 3, 0, 0, 18.512933188016333] 1e+100
[5, 3, 0, 0, 10.80711666947942] 1e+100
[5, 3, 0, 0, 14.52719479101814] 1e+100
[5, 3, 0, 0, 18.15407907216852] 1e+100
[5, 3, 0, 0, 4.061918249086367] 1e+100
[5, 3, 0, 0, 19.099878927788833] 1e+100
[5, 3, 0, 0, 13.333189575325212] 1e+100
[5, 3, 0, 0, 17.046645851146607] 1e+100
[5, 3, 0, 0, 0.6197554526586679] 0.03868085998203
[5, 3, 0, 0, 1.7663101730071817] 0.16047560290465
[5, 3, 0, 0, 9.729787819267123] 1e+100
[5, 3, 0, 0, 17.898167124753652] 1e+100
[5, 3, 0, 0, 4.39618470622309] 1e+100
[5, 3, 0, 0, 12.025288691736316] 1e+100
[5, 3, 0, 0, 16.090794525967816] 1e+100
[5, 3, 0, 0, 18.72964027899061] 1e+100
[5, 3, 0, 0, 11.654850955864266] 1e+100
[5, 3, 0, 0, 8.337360526821705] 1e+100
[5, 3, 0, 0, 5.169196982064288] 1e+100
[5, 3, 0, 0, 19.65177975887062] 1e+100
[5, 3, 0, 0, 12.703147211908378] 1e+100
[5, 3, 0, 0, 19.36055445376272] 1e+100
[5, 3, 0, 0, 11.956372263088113] 1e+100
[5, 3, 0, 0, 13.301221936654619] 1e+100
[5, 3, 0, 0, 7.800704190403518] 1e+100
[5, 3, 0, 0, 6.007434243707676] 1e+100
[5, 3, 0, 0, 1.679806253856564] 0.14116610249034
[5, 3, 0, 0, 12.48489698711072] 1e+100
[5, 3, 0, 0, 14.635338432251926] 1e+100
[5, 3, 0, 0, 13.532237030644259] 1e+100
[5, 3, 0, 0, 9.139722083316208] 1e+100
[5, 3, 0, 0, 9.333685631501169] 1e+100
[5, 3, 0, 0, 15.237678434847883] 1e+100
[5, 3, 0, 0, 0.051964055453135316] 1e+100
[5, 3, 0, 0, 1.062184483374713] 0.02585532737004
[5, 3, 0, 0, 0.008087001824461648] 1e+100
[5, 3, 0, 0, 19.889994256733516] 1e+100
[5, 3, 0, 0, 3.72706818548711] 1e+100
[5, 3, 0, 0, 19.302229151412924] 1e+100
[5, 3, 0, 0, 16.012465367438107] 1e+100
[5, 3, 0, 0, 5.353612223687394] 1e+100
[5, 3, 0, 0, 3.94402562452703] 1e+100
[5, 3, 0, 0, 8.681278711749115] 1e+100
[5, 3, 0, 0, 13.289017048276396] 1e+100
[5, 3, 0, 0, 15.164625118188525] 1e+100
[5, 3, 0, 0, 10.92940082565663] 1e+100
[5, 3, 0, 0, 15.340269960893632] 1e+100
[5, 3, 0, 0, 7.099973920159948] 1e+100
[5, 3, 0, 0, 19.625818922334663] 1e+100
[5, 3, 0, 0, 3.2509125384288606] 1e+100
[5, 3, 0, 0, 14.203913854316635] 1e+100
[5, 3, 0, 0, 9.870831719415715] 1e+100
[5, 3, 0, 0, 8.264628091940573] 1e+100
[5, 3, 0, 0, 3.7422278489671257] 1e+100
[5, 3, 0, 0, 5.388245032782766] 1e+100
[5, 3, 0, 0, 3.420413654842085] 1e+100
[5, 3, 0, 0, 18.24463464518356] 1e+100
[5, 3, 0, 0, 2.12382942913522] 0.22515197649433
[5, 3, 0, 0, 9.299544402018755] 1e+100
[5, 3, 0, 0, 12.340827580723293] 1e+100
[5, 3, 0, 0, 5.086006084367185] 1e+100
[5, 3, 0, 0, 19.952054476014403] 1e+100
[5, 3, 0, 0, 12.51821327457513] 1e+100
[5, 3, 0, 0, 14.206977895574804] 1e+100
[5, 3, 0, 0, 18.25374926063828] 1e+100
[5, 3, 0, 0, 17.50529416126863] 1e+100
[5, 3, 0, 0, 4.149725169863945] 1e+100
[5, 3, 0, 0, 9.359005390141133] 1e+100
[5, 3, 0, 0, 3.7675166649611103] 1e+100
[5, 3, 0, 0, 19.629133715082826] 1e+100
[5, 3, 0, 0, 10.478408941687366] 1e+100
[5, 3, 0, 0, 16.56036276525799] 1e+100
[5, 3, 0, 0, 10.880749581184201] 1e+100
[5, 3, 0, 0, 6.344633227534344] 1e+100
[5, 3, 0, 0, 14.492157137750263] 1e+100
[5, 3, 0, 0, 3.2437273070268025] 0.33783989418125
[5, 3, 0, 0, 5.063527831549428] 1e+100
[5, 3, 0, 0, 16.439576546315177] 1e+100
[5, 3, 0, 0, 6.7550915519602555] 1e+100
[5, 3, 0, 0, 15.959051492114206] 1e+100
[5, 3, 0, 0, 2.224954633945291] 0.23943491455968
[5, 3, 0, 0, 9.792765222431408] 1e+100
[5, 3, 0, 0, 0.8199399353311354] 0.0665248472783
[5, 3, 0, 0, 0.3237076749559531] 0.04447259214037
[5, 3, 0, 0, 6.5765956728129] 1e+100
[5, 3, 0, 0, 3.6114996568150937] 1e+100
[5, 3, 0, 0, 1.667947870686377] 0.13840648331548
[5, 3, 0, 0, 9.5147960474571] 1e+100
[5, 3, 0, 0, 2.4540492607983677] 0.26692067658997
[5, 3, 0, 0, 10.695371457969465] 1e+100
[5, 3, 0, 0, 19.425848652861927] 1e+100
[5, 3, 0, 0, 16.128145224856564] 1e+100
[5, 3, 0, 0, 8.156469638145943] 1e+100
[5, 3, 0, 0, 7.622386998762181] 1e+100
[5, 3, 0, 0, 13.930148445726642] 1e+100
[5, 3, 0, 0, 4.147605535085459] 1e+100
[5, 3, 0, 0, 13.518592854849455] 1e+100
[5, 3, 0, 0, 14.520993593444459] 1e+100
[5, 3, 0, 0, 4.543624447385676] 1e+100
[5, 3, 0, 0, 2.7268207539188216] 0.29394049935175
[5, 3, 0, 0, 2.733198228910505] 0.29452660786708
[5, 3, 0, 0, 6.658200688949032] 1e+100
[5, 3, 0, 0, 16.988165681059066] 1e+100
[5, 3, 0, 0, 2.868990444673025] 0.30668063628746
[5, 3, 0, 0, 19.096655213639014] 1e+100
[5, 3, 0, 0, 17.70604979924366] 1e+100
[5, 3, 0, 0, 9.937871465465218] 1e+100
[5, 3, 0, 0, 18.481945629528024] 1e+100
[5, 3, 0, 0, 4.96502999431951] 1e+100
[5, 3, 0, 0, 12.323683271970257] 1e+100
[5, 3, 0, 0, 0.7864895744453926] 0.06694394909726
[5, 3, 0, 0, 15.370806571863067] 1e+100
[5, 3, 0, 0, 12.433263597871594] 1e+100
[5, 3, 0, 0, 18.772619063183154] 1e+100
[5, 3, 0, 0, 19.648882062468267] 1e+100
[5, 3, 0, 0, 19.825615318640338] 1e+100
[5, 3, 0, 0, 2.1227425120312637] 0.22498990904332
[5, 3, 0, 0, 12.984341943893252] 1e+100
[5, 3, 0, 0, 0.38555612737671385] 0.04682806374839
[5, 3, 0, 0, 12.790031883373052] 1e+100
[5, 3, 0, 0, 17.672193116339564] 1e+100
[5, 3, 0, 0, 16.929322904963694] 1e+100
[5, 3, 0, 0, 13.095261325695395] 1e+100
[5, 3, 0, 0, 12.195902664074831] 1e+100
[5, 3, 0, 0, 13.542317056619934] 1e+100
[5, 3, 0, 0, 4.107644369745211] 1e+100
[5, 3, 0, 0, 17.27569761892348] 1e+100
[5, 3, 0, 0, 18.15003276649785] 1e+100
[5, 3, 0, 0, 5.351798459121513] 1e+100
[5, 3, 0, 0, 16.9945434967704] 1e+100
[5, 3, 0, 0, 3.11028693483951] 0.32710021965608
[5, 3, 0, 0, 19.15897263390348] 1e+100
[5, 3, 0, 0, 7.755933487077309] 1e+100
[5, 3, 0, 0, 12.710923470744127] 1e+100
[5, 3, 0, 0, 13.708189373154696] 1e+100
[5, 3, 0, 0, 12.867416627803776] 1e+100
[5, 3, 0, 0, 8.714850070707916] 1e+100
[5, 3, 0, 0, 17.813588514712176] 1e+100
[5, 3, 0, 0, 11.930570068606414] 1e+100
[5, 3, 0, 0, 11.946880350839361] 1e+100
[5, 3, 0, 0, 14.72937751377285] 1e+100
[5, 3, 0, 0, 4.12678952270886] 1e+100
[5, 3, 0, 0, 8.086417308129333] 1e+100
[5, 3, 0, 0, 2.7257869453541006] 0.29384534237274
[5, 3, 0, 0, 16.87991513005076] 1e+100
[5, 3, 0, 0, 6.626186318800622] 1e+100
[5, 3, 0, 0, 13.510741002588386] 1e+100
[5, 3, 0, 0, 15.697583797797229] 1e+100
[5, 3, 0, 0, 6.491949254717147] 1e+100
[5, 3, 0, 0, 14.065162695290269] 1e+100
[5, 3, 0, 0, 1.3066809547466551] 0.0428300243055
[5, 3, 0, 0, 2.6093066564128797] 0.28282584596873
[5, 3, 0, 0, 2.8514898511185116] 0.30514554613919
[5, 3, 0, 0, 6.196338678101496] 1e+100
[5, 3, 0, 0, 9.459977657931457] 1e+100
[5, 3, 0, 0, 9.298010786333933] 1e+100
[5, 3, 0, 0, 15.899362420017626] 1e+100
[5, 3, 0, 0, 1.2859123304948294] 0.03684134486236
[5, 3, 0, 0, 9.435532839068737] 1e+100
[5, 3, 0, 0, 14.852845056912177] 1e+100
[5, 3, 0, 0, 9.916608430401325] 1e+100
[5, 3, 0, 0, 2.0611110055854387] 0.21548173533008
[5, 3, 0, 0, 16.474684038200998] 1e+100
[5, 3, 0, 0, 0.2562463866935216] 0.05358102447618
[5, 3, 0, 0, 2.636099119925581] 0.28541777121959
[5, 3, 0, 0, 18.239268747574492] 1e+100
[5, 3, 0, 0, 11.700669248924392] 1e+100
[5, 3, 0, 0, 11.711856364844017] 1e+100
[5, 3, 0, 0, 12.52630589684701] 1e+100
[5, 3, 0, 0, 8.628038185759724] 1e+100
[5, 3, 0, 0, 1.5734380572404594] 0.11546453259627
[5, 3, 0, 0, 11.84833803667598] 1e+100
[5, 3, 0, 0, 3.9774824890076776] 1e+100
[5, 3, 0, 0, 6.358032540684353] 1e+100
[5, 3, 0, 0, 9.544784597425561] 1e+100
[5, 3, 0, 0, 0.9898455256165395] 0.04301474587443
[5, 3, 0, 0, 9.398111396154697] 1e+100
[5, 3, 0, 0, 15.778212165502152] 1e+100
[5, 3, 0, 0, 11.627423349121177] 1e+100
[5, 3, 0, 0, 8.382712478277806] 1e+100
[5, 3, 0, 0, 10.284454176367957] 1e+100
[5, 3, 0, 0, 11.904159072337826] 1e+100
[5, 3, 0, 0, 14.424786200147873] 1e+100
[5, 3, 0, 0, 13.587901295403796] 1e+100
[5, 3, 0, 0, 15.556888000632075] 1e+100
[5, 3, 0, 0, 9.306676598451403] 1e+100
[5, 3, 0, 0, 12.720083846392665] 1e+100
[5, 3, 0, 0, 7.501261932821242] 1e+100
[5, 3, 0, 0, 19.758659748049986] 1e+100
[5, 3, 0, 0, 7.696692746639899] 1e+100
[5, 3, 0, 0, 19.711896540233827] 1e+100
[5, 3, 0, 0, 4.785418699374812] 1e+100
[5, 3, 0, 0, 13.332272368692038] 1e+100
[5, 3, 0, 0, 0.8206197175836616] 0.0664987300846
[5, 3, 0, 0, 18.162550224144763] 1e+100
[5, 3, 0, 0, 12.41647003104335] 1e+100
[5, 3, 0, 0, 2.7839714193008014] 0.29914008857696
[5, 3, 0, 0, 10.551361588186294] 1e+100
[5, 3, 0, 0, 6.829342341336977] 1e+100
[5, 3, 0, 0, 1.4830196566649056] 0.09201101336265
[5, 3, 0, 0, 7.928942551627505] 1e+100
[5, 3, 0, 0, 14.44525839819926] 1e+100
[5, 3, 0, 0, 14.565693568630394] 1e+100
[5, 3, 0, 0, 5.314117332325261] 1e+100
[5, 3, 0, 0, 5.886900886699271] 1e+100
[5, 3, 0, 0, 3.5139027480514917] 1e+100
[5, 3, 0, 0, 1.6494334685663814] 0.13404422770381
[5, 3, 0, 0, 12.519561495773427] 1e+100
[5, 3, 0, 0, 19.99560162135587] 1e+100
[5, 3, 0, 0, 1.869090202892767] 0.18152681213138
[5, 3, 0, 0, 18.240303519028053] 1e+100
[5, 3, 0, 0, 2.4216254146158267] 0.26336695795365
[5, 3, 0, 0, 15.24951379691922] 1e+100
[5, 3, 0, 0, 17.551426614898553] 1e+100
[5, 3, 0, 0, 1.3099115967314168] 0.0437596022445
[5, 3, 0, 0, 3.1019222995449725] 0.32641385971805
[5, 3, 0, 0, 15.881272034879213] 1e+100
[5, 3, 0, 0, 5.043886475556903] 1e+100
[5, 3, 0, 0, 0.2627312167939211] 0.04994316494251
[5, 3, 0, 0, 16.51240326098303] 1e+100
[5, 3, 0, 0, 9.314866589548707] 1e+100
[5, 3, 0, 0, 0.7363351811002317] 0.06409883146354
[5, 3, 0, 0, 2.6450892671305737] 0.2862791959949
[5, 3, 0, 0, 9.05096266550164] 1e+100
[5, 3, 0, 0, 1.9937069040954758] 0.20433406183347
[5, 3, 0, 0, 7.813786066678712] 1e+100
[5, 3, 0, 0, 0.663114707380934] 0.05139809924328
[5, 3, 0, 0, 0.13261830848831702] 0.5533090936143
[5, 3, 0, 0, 17.29073794123217] 1e+100
[5, 3, 0, 0, 9.8018553683227] 1e+100
[5, 3, 0, 0, 19.481823803537537] 1e+100
[5, 3, 0, 0, 4.854643625306254] 1e+100
[5, 3, 0, 0, 10.424040363112004] 1e+100
[5, 3, 0, 0, 3.2441310791464395] 0.33787176900553
[5, 3, 0, 0, 11.699894246899984] 1e+100
[5, 3, 0, 0, 2.9174851373792543] 0.3108927769253
[5, 3, 0, 0, 15.521635478600055] 1e+100
[5, 3, 0, 0, 19.574822936089433] 1e+100
[5, 3, 0, 0, 11.242846386761027] 1e+100
[5, 3, 0, 0, 1.4198990912618092] 0.07485369994871
[5, 3, 0, 0, 17.127592100675496] 1e+100
[5, 3, 0, 0, 3.5027123032895857] 1e+100
[5, 3, 0, 0, 16.289135592054954] 1e+100
[5, 3, 0, 0, 19.110498791829787] 1e+100
[5, 3, 0, 0, 16.940683377354226] 1e+100
[5, 3, 0, 0, 9.092543722869962] 1e+100
[5, 3, 0, 0, 14.864402358982273] 1e+100
[5, 3, 0, 0, 4.613218345837216] 1e+100
[5, 3, 0, 0, 15.963647960733178] 1e+100
[5, 3, 0, 0, 12.398006610242788] 1e+100
[5, 3, 0, 0, 4.627760725053509] 1e+100
[5, 3, 0, 0, 0.5945489185527308] 0.02953978280268
[5, 3, 0, 0, 4.8110258785020354] 1e+100
[5, 3, 0, 0, 17.830614623460338] 1e+100
[5, 3, 0, 0, 15.211376368002798] 1e+100
[5, 3, 0, 0, 10.767649326471382] 1e+100
[5, 3, 0, 0, 19.414678311415706] 1e+100
[5, 3, 0, 0, 18.301307324477367] 1e+100
[5, 3, 0, 0, 13.07344340872948] 1e+100
[5, 3, 0, 0, 9.801468759041416] 1e+100
[5, 3, 0, 0, 5.547189450712818] 1e+100
[5, 3, 0, 0, 10.502216294143382] 1e+100
[5, 3, 0, 0, 12.976427939931941] 1e+100
[5, 3, 0, 0, 16.417122277708465] 1e+100
[5, 3, 0, 0, 1.4716339742449902] 0.08896082946807
[5, 3, 0, 0, 16.544857870837177] 1e+100
[5, 3, 0, 0, 19.433596241768562] 1e+100
[5, 3, 0, 0, 8.470333674277908] 1e+100
[5, 3, 0, 0, 11.601524751076187] 1e+100
[5, 3, 0, 0, 16.29556155510539] 1e+100
[5, 3, 0, 0, 8.691031745273314] 1e+100
[5, 3, 0, 0, 15.969799890302404] 1e+100
[5, 3, 0, 0, 5.298755020288128] 1e+100
[5, 3, 0, 0, 9.361935603553022] 1e+100
[5, 3, 0, 0, 12.367281019342453] 1e+100
[5, 3, 0, 0, 12.012755202376349] 1e+100
[5, 3, 0, 0, 9.603073695195075] 1e+100
[5, 3, 0, 0, 1.0558052254396544] 0.02747402115659
[5, 3, 0, 0, 3.062574154778801] 0.32316507603477
[5, 3, 0, 0, 11.39238982289996] 1e+100
[5, 3, 0, 0, 12.074347045914035] 1e+100
[5, 3, 0, 0, 14.732171714323172] 1e+100
[5, 3, 0, 0, 13.93192832630971] 1e+100
[5, 3, 0, 0, 17.58466602252774] 1e+100
[5, 3, 0, 0, 7.304194405015425] 1e+100
[5, 3, 0, 0, 19.240803855227274] 1e+100
[5, 3, 0, 0, 7.791278098668741] 1e+100
[5, 3, 0, 0, 16.65519265247822] 1e+100
[5, 3, 0, 0, 1.6198212060758088] 0.12693228576795
[5, 3, 0, 0, 16.3574072588742] 1e+100
[5, 3, 0, 0, 8.632892491573983] 1e+100
[5, 3, 0, 0, 4.704124101233978] 1e+100
[5, 3, 0, 0, 18.968222164607884] 1e+100
[5, 3, 0, 0, 7.331949864643345] 1e+100
[5, 3, 0, 0, 19.617756042672355] 1e+100
[5, 3, 0, 0, 1.1164609713399165] 0.0114800917818
[5, 3, 0, 0, 4.1470345830159] 1e+100
[5, 3, 0, 0, 8.077510353764259] 1e+100
[5, 3, 0, 0, 6.861884105212295] 1e+100
[5, 3, 0, 0, 0.06293841751122686] 1e+100
[5, 3, 0, 0, 8.566430464638547] 1e+100
[5, 3, 0, 0, 8.63773718528645] 1e+100
[5, 3, 0, 0, 9.88693975015696] 1e+100
[5, 3, 0, 0, 11.93839387057192] 1e+100
[5, 3, 0, 0, 12.45326866336181] 1e+100
[5, 3, 0, 0, 14.755135633435144] 1e+100
[5, 3, 0, 0, 17.051136421835253] 1e+100
[5, 3, 0, 0, 2.144207209729083] 0.22815557465114
[5, 3, 0, 0, 16.69283015371097] 1e+100
[5, 3, 0, 0, 1.2849731100890471] 0.03657008303652
[5, 3, 0, 0, 0.8494403283712515] 0.06479157034365
[5, 3, 0, 0, 2.070723521426723] 0.21700670276063
[5, 3, 0, 0, 4.606899857585569] 1e+100
[5, 3, 0, 0, 1.0925553166455249] 0.01793157208655
[5, 3, 0, 0, 17.733243864957263] 1e+100
[5, 3, 0, 0, 8.459058579051664] 1e+100
[5, 3, 0, 0, 9.185103004773676] 1e+100
[5, 3, 0, 0, 1.2831892503824882] 0.0360547924485
[5, 3, 0, 0, 5.2303254374404435] 1e+100
[5, 3, 0, 0, 14.946870578141539] 1e+100
[5, 3, 0, 0, 1.440649519535584] 0.08055897118061
[5, 3, 0, 0, 14.890483366579758] 1e+100
[5, 3, 0, 0, 3.8766477351569506] 1e+100
[5, 3, 0, 0, 2.51580932938422] 0.27344994398601
[5, 3, 0, 0, 9.83664669897446] 1e+100
[5, 3, 0, 0, 2.661235761873395] 0.28781640744862
[5, 3, 0, 0, 5.786626438788907] 1e+100
[5, 3, 0, 0, 14.88136340675779] 1e+100
[5, 3, 0, 0, 2.951478690275504] 0.31381098224585
[5, 3, 0, 0, 10.067557686038171] 1e+100
[5, 3, 0, 0, 10.727855075624777] 1e+100
[5, 3, 0, 0, 5.1509046945016905] 1e+100
[5, 3, 0, 0, 9.221477696343722] 1e+100
[5, 3, 0, 0, 6.958509860775637] 1e+100
[5, 3, 0, 0, 12.260625476230738] 1e+100
[5, 3, 0, 0, 17.196783920069173] 1e+100
[5, 3, 0, 0, 12.251865981169303] 1e+100
[5, 3, 0, 0, 16.71496709297976] 1e+100
[5, 3, 0, 0, 12.173137052208755] 1e+100
[5, 3, 0, 0, 7.1322639115376525] 1e+100
[5, 3, 0, 0, 17.23685153336313] 1e+100
[5, 3, 0, 0, 17.443506979247296] 1e+100
[5, 3, 0, 0, 2.148813447562845] 0.22882543718532
[5, 3, 0, 0, 11.621758308469516] 1e+100
[5, 3, 0, 0, 12.508557026609639] 1e+100
[5, 3, 0, 0, 7.2364590015210695] 1e+100
[5, 3, 0, 0, 16.580091237056358] 1e+100
[5, 3, 0, 0, 5.237124018025394] 1e+100
[5, 3, 0, 0, 8.337328462265386] 1e+100
[5, 3, 0, 0, 2.9368458131955455] 0.31255809009545
[5, 3, 0, 0, 4.7891985046865475] 1e+100
[5, 3, 0, 0, 10.985731207790408] 1e+100
