[1, 2, 1.439721113040353, 0.32885347687399324, 1] 0.05673475489377
[1, 2, 2.221905359392199, -0.017531960236735422, 1] 1e+100
[1, 2, -0.6109300882380939, 0.9104767163987497, 1] 0.03333617908506
[1, 2, 4.650052863475685, 4.4817599445972744, 1] 1e+100
[1, 2, -0.34076508081231527, 2.3576070382819543, 1] 0.08174676251344
[1, 2, 1.3711773454822849, 1.08770307215321, 1] 0.0550553341948
[1, 2, 1.4542631691867278, -0.611568190585609, 1] 0.05192019253821
[1, 2, 4.9704091287951435, 4.756034298073317, 1] 1e+100
[1, 2, 2.9589663346427626, -0.5874099537716491, 1] 1e+100
[1, 2, 0.45993678598764376, 0.33952413045849905, 1] 0.05937358632253
[1, 2, 3.7029376700201215, 4.019393950975697, 1] 1e+100
[1, 2, 3.0270939225742914, 3.9609062025232884, 1] 1e+100
[1, 2, 1.575049224732063, 0.7736664966480844, 1] 0.05655614971943
[1, 2, 3.393806009421482, 0.3377880817318255, 1] 1e+100
[1, 2, 2.5286732122721305, 2.650517992910966, 1] 1e+100
[1, 2, 3.8477812585503983, 4.992674538595539, 1] 1e+100
[1, 2, 1.9637911325536495, 3.639875966924124, 1] 1e+100
[1, 2, -0.16227186255244108, 2.566737693676197, 1] 0.09650107022404
[1, 2, -0.9193563827909856, 2.6014976703784125, 1] 0.17629055321626
[1, 2, 4.967711871608791, 4.880729674021916, 1] 1e+100
[1, 2, 3.970484200748828, 1.7272248599787976, 1] 1e+100
[1, 2, 0.8035762732292537, 4.725409656071941, 1] 1e+100
[1, 2, 2.377196363265529, 0.4484778653152559, 1] 1e+100
[1, 2, -0.005433327560572243, 3.8210419895182515, 1] 1e+100
[1, 2, 0.31089425725054687, 4.525789305786813, 1] 1e+100
[1, 2, 3.1217465027727584, 2.181708317940641, 1] 1e+100
[1, 2, 1.6350884437465565, 0.4895135892616431, 1] 0.05670207424852
[1, 2, 0.9950270793537721, 0.8548054688864986, 1] 0.05555230462029
[1, 2, 2.3151447228088564, 3.8078032081711246, 1] 1e+100
[1, 2, 4.270895640279962, -0.2588640753581224, 1] 1e+100
[1, 2, 3.825904731927462, 0.9088911711641978, 1] 1e+100
[1, 2, 4.619293727450114, 2.5493777468355887, 1] 1e+100
[1, 2, -0.8882438853888732, -0.41920727886424003, 1] 0.06253201909101
[1, 2, 0.471464032120124, 0.5253836243304342, 1] 0.05733543565132
[1, 2, 2.885260722339969, 1.3700072412318187, 1] 1e+100
[1, 2, 1.004381347880292, 2.944655005604815, 1] 0.08412417696708
[1, 2, -0.4291031854203491, -0.7684842874180393, 1] 0.06973918909703
[1, 2, 3.222253690801736, 3.2344634974793154, 1] 1e+100
[1, 2, 0.45809988755455167, 3.2710224907331202, 1] 1e+100
[1, 2, 1.5544477743562952, 1.8816580316248799, 1] 0.05295772221359
[1, 2, 3.834356745660667, 0.7207454431638816, 1] 1e+100
[1, 2, 0.5017072499716462, 1.585219452032531, 1] 0.04553146559129
[1, 2, 0.4837999333824463, 4.9308583625549, 1] 1e+100
[1, 2, 1.0520926692497983, 1.7788394683824653, 1] 0.04987099032236
[1, 2, 1.5668183520328611, 1.6936043931590552, 1] 0.05325463337207
[1, 2, 4.882391063514337, -0.31545323253343804, 1] 1e+100
[1, 2, 1.8638352879633242, -0.005671820473555966, 1] 0.05576585724812
[1, 2, 4.871741775718975, 4.446804622028216, 1] 1e+100
[1, 2, 3.4025696350828705, 2.7567605009909233, 1] 1e+100
[1, 2, 3.278192415616515, 4.000685702709927, 1] 1e+100
[1, 2, -0.3257540002125978, 3.2459458161124317, 1] 1e+100
[1, 2, 2.543753792315586, -0.6426384117510013, 1] 1e+100
[1, 2, 1.1204992779802954, 0.4490529052760657, 1] 0.0575999595125
[1, 2, -0.6750832777106013, 2.6456482962369376, 1] 0.15391288832208
[1, 2, 3.399841715352201, -0.09998162697281887, 1] 1e+100
[1, 2, -0.23170901652690445, 0.8552476811820835, 1] 0.0428328554831
[1, 2, 1.7698347066648612, 4.719122651451794, 1] 1e+100
[1, 2, 1.4290877531659754, 1.6708538255758159, 1] 0.05251645198114
[1, 2, 0.0799074820668737, 3.2165740496954447, 1] 1e+100
[1, 2, 0.8343516891774654, -0.17071469738398726, 1] 0.05848893977795
[1, 2, 1.6056927608852138, -0.7364563781870412, 1] 0.05216073449603
[1, 2, -0.6912454099197378, 2.7949357920839812, 1] 0.19011311833232
[1, 2, -0.04507464627009372, 3.5153030258427043, 1] 1e+100
[1, 2, 2.4959351165963115, 4.1331088679455075, 1] 1e+100
[1, 2, 3.2818281507207567, 3.6409694950942955, 1] 1e+100
[1, 2, 4.707865945426508, -0.5045879602910341, 1] 1e+100
[1, 2, 2.0004074599316137, 3.647567434629946, 1] 1e+100
[1, 2, -0.5757815466887064, 3.3524659640835104, 1] 1e+100
[1, 2, 3.9496889426172856, 0.30623874774506055, 1] 1e+100
[1, 2, -0.7444286973462888, 2.948090948729048, 1] 0.240453526852658
[1, 2, 3.4884877079556826, 3.204163277900366, 1] 1e+100
[1, 2, 0.998125280276823, 1.1817910652265358, 1] 0.05282327405845
[1, 2, -0.4935960626840352, 3.024967924413227, 1] 0.218634488517042
[1, 2, 3.3597449320908233, 2.7565023893592535, 1] 1e+100
[1, 2, 3.790552448004565, -0.8173139284698363, 1] 1e+100
[1, 2, 1.1859945961270002, 1.467524555853298, 1] 0.05190539894935
[1, 2, 4.105944426592801, 3.2392411950681446, 1] 1e+100
[1, 2, -0.7199399849289061, 1.0470959397302035, 1] 0.02929827696252
[1, 2, 4.438953349002226, 3.1989314531867876, 1] 1e+100
[1, 2, 4.185665145464646, -0.650705684281873, 1] 1e+100
[1, 2, 3.613033463850174, 1.0151083943100314, 1] 1e+100
[1, 2, 3.456949729362087, 3.9253979209596146, 1] 1e+100
[1, 2, 4.883845349728823, 3.958629085297426, 1] 1e+100
[1, 2, 0.03623794025295912, 3.670973637925945, 1] 1e+100
[1, 2, 0.7568880788388788, 1.5743501113639535, 1] 0.04803261416904
[1, 2, 2.1564134538884865, 4.579820677678507, 1] 1e+100
[1, 2, 1.9099843225903301, 4.564582148095252, 1] 1e+100
[1, 2, 0.9723343619143012, 0.9683572043894191, 1] 0.05454692214478
[1, 2, -0.6322185463403447, 0.12191327948340791, 1] 0.05245693256684
[1, 2, 0.7705685551017882, 3.366150665629064, 1] 1e+100
[1, 2, 4.890498982165025, 2.4313637913872093, 1] 1e+100
[1, 2, 3.1614582409511467, 0.41600856636779104, 1] 1e+100
[1, 2, 1.714903874695187, 3.1122253561601942, 1] 0.07859843695626
[1, 2, 3.5684892819989242, -0.11258642079853987, 1] 1e+100
[1, 2, 2.5940862402821825, 2.952039943785473, 1] 1e+100
[1, 2, 4.660942241625682, 0.9849541058924469, 1] 1e+100
[1, 2, 0.25301087573183034, 4.413229099733012, 1] 1e+100
[1, 2, 3.075059985526993, 3.7151063651620753, 1] 1e+100
[1, 2, 3.842826740036715, 3.5166782134145675, 1] 1e+100
[1, 2, 1.265942992890409, 3.5345233261866857, 1] 1e+100
[1, 2, 3.3736840143297826, 1.0180919813734945, 1] 1e+100
[1, 2, 2.3495220547505173, 1.5503753416528947, 1] 1e+100
[1, 2, 0.3696657436839579, 2.895878041376114, 1] 0.1059505558276
[1, 2, 4.153604476712621, 4.214496030687933, 1] 1e+100
[1, 2, 4.638264039020383, 3.774465365497713, 1] 1e+100
[1, 2, 0.532269624946945, 3.9221833688457215, 1] 1e+100
[1, 2, 2.146623677988535, 4.261228703480185, 1] 1e+100
[1, 2, 2.045630308722147, 3.6797914943132843, 1] 1e+100
[1, 2, 4.572071051310862, 3.017385586535222, 1] 1e+100
[1, 2, 4.407239384666903, 2.410263459307248, 1] 1e+100
[1, 2, 2.0295849639769634, 2.613384359974439, 1] 0.06035384710453
[1, 2, -0.61518743371561, 2.152840546200824, 1] 0.07288748441295
[1, 2, 1.6838748441712443, 2.9481100868432044, 1] 0.07119075379804
[1, 2, 1.5663200045844081, -0.9732769301651751, 1] 0.05165148810994
[1, 2, 0.36098130088097213, 2.7380508937058545, 1] 0.0891633275199
[1, 2, 0.36097304716210576, -0.16015144918318303, 1] 0.06271743286681
[1, 2, 0.02039867024120845, 3.150656502439432, 1] 0.1770830249386
[1, 2, -0.17888389266423665, 2.9893936264139587, 1] 0.16694106459496
[1, 2, 3.6483992422170006, 1.0665819610009155, 1] 1e+100
[1, 2, 4.88496122730665, -0.9123324858668156, 1] 1e+100
[1, 2, -0.09786119777897784, 4.736012886634969, 1] 1e+100
[1, 2, 0.9593192786825158, 1.9771799350266734, 1] 0.04988087830131
[1, 2, 1.3341680911190892, -0.34335892013927594, 1] 0.05385194467643
[1, 2, -0.7133972448194659, 0.9988664734570578, 1] 0.02984283176125
[1, 2, 0.12086650317838932, 0.9924648380874275, 1] 0.04657255589642
[1, 2, 1.9061568465470655, 0.5767589619410951, 1] 0.05707324740514
[1, 2, 1.6028415196209629, -0.12620576010364637, 1] 0.05477988350527
[1, 2, -0.1321652560291593, 3.850008416726147, 1] 1e+100
[1, 2, 1.4618319404162454, 3.7977568311868115, 1] 1e+100
[1, 2, 3.7040260573988295, 1.7564413981209834, 1] 1e+100
[1, 2, 0.7104766560651776, 2.236557281448198, 1] 0.05342671146584
[1, 2, -0.2803197469275278, 3.4060985581895347, 1] 1e+100
[1, 2, 4.736948794907957, -0.16371768647577678, 1] 1e+100
[1, 2, 4.367981836724281, 2.667398569288032, 1] 1e+100
[1, 2, 0.2015144597429579, 3.9067026046906, 1] 1e+100
[1, 2, 2.231817851259197, 3.623042891630204, 1] 1e+100
[1, 2, 0.4392791970329357, 3.3664304377593304, 1] 1e+100
[1, 2, 2.7957140258047435, 0.8014310137534222, 1] 1e+100
[1, 2, 2.186724776047429, 2.2572197313587816, 1] 1e+100
[1, 2, 4.469664724683, 4.987501736680655, 1] 1e+100
[1, 2, 1.7303092259247852, 1.1164343755297068, 1] 0.05600677200257
[1, 2, 3.809490839947907, 4.3128536255187, 1] 1e+100
[1, 2, -0.638303557348934, 2.645737669900517, 1] 0.14961263346845
[1, 2, 3.426795867321463, 0.9222858060525434, 1] 1e+100
[1, 2, 2.833507335458067, -0.6611019307534278, 1] 1e+100
[1, 2, 0.6319580174419974, 1.4997111435268629, 1] 0.04723790397822
[1, 2, 3.8819328518890757, 1.4796662888804475, 1] 1e+100
[1, 2, 2.551045944264977, 3.5733998287096185, 1] 1e+100
[1, 2, 1.6931953991071413, 0.49347375224218015, 1] 0.05670974031839
[1, 2, 1.4550565716155122, 2.955451061825694, 1] 0.07470234902376
[1, 2, 0.5110691046193903, 3.590803302354611, 1] 1e+100
[1, 2, -0.10434910302236489, 3.9661190388751546, 1] 1e+100
[1, 2, 3.4564883487523943, 3.697716210866636, 1] 1e+100
[1, 2, 4.406304851604182, 1.5840762074951025, 1] 1e+100
[1, 2, -0.9748308247704156, 0.7998245580610084, 1] 0.02600189178679
[1, 2, -0.03211301187442195, 4.5457354861053165, 1] 1e+100
[1, 2, -0.12072486018969575, 2.0514674912618185, 1] 0.05175618967679
[1, 2, 4.6995530805439225, 4.833906631234988, 1] 1e+100
[1, 2, 1.9191001480641496, 4.856343240194297, 1] 1e+100
[1, 2, 0.8914187127604047, 4.960721071422825, 1] 1e+100
[1, 2, 2.1972272773855845, 3.302633790997347, 1] 1e+100
[1, 2, 1.9225948284196352, 4.315931416986775, 1] 1e+100
[1, 2, 4.505925032993841, 1.6113636309681527, 1] 1e+100
[1, 2, 2.5567453759558756, 1.3307224130793296, 1] 1e+100
[1, 2, 1.8819809633513538, 1.8549109955958327, 1] 0.0548143871022
[1, 2, 2.0716022323228227, 1.9017305865030067, 1] 0.05591300718453
[1, 2, 2.277580578683297, 0.24310716452942271, 1] 1e+100
[1, 2, 3.0858682274746636, 3.9464513341151317, 1] 1e+100
[1, 2, 3.5182046149496378, 2.8617051577786734, 1] 1e+100
[1, 2, 0.8406259998117467, 1.4383864789390577, 1] 0.04957639366397
[1, 2, 1.5772505805948676, 4.104719283322999, 1] 1e+100
[1, 2, 4.485475639678162, -0.4763799701131146, 1] 1e+100
[1, 2, 2.2922169011717166, 2.8259770745204325, 1] 1e+100
[1, 2, 0.27477358800391327, 0.7356171744916276, 1] 0.052910566679
[1, 2, 0.7276145296471457, 4.845746681995808, 1] 1e+100
[1, 2, 3.423412422508644, 1.413271159748882, 1] 1e+100
[1, 2, 3.4930526158909077, -0.35810303682558176, 1] 1e+100
[1, 2, 1.673944460552229, -0.030208108515312082, 1] 0.0552486140376
[1, 2, 1.1966338026169874, 4.414945545889401, 1] 1e+100
[1, 2, 1.8514934460154642, 3.9989509629626045, 1] 1e+100
[1, 2, 3.9088319356943666, -0.9696773661238027, 1] 1e+100
[1, 2, 1.604322429145526, 2.5162498229483248, 1] 0.05852311955519
[1, 2, -0.7796492642764039, 4.0446497619746085, 1] 1e+100
[1, 2, 2.7938056982523958, -0.022076777079028886, 1] 1e+100
[1, 2, 4.134499444430011, 0.1710582901322053, 1] 1e+100
[1, 2, 0.03894119811633523, 0.7668789080270784, 1] 0.04938797916161
[1, 2, 1.5355886801915872, 3.9321811679908407, 1] 1e+100
[1, 2, 3.399989874469184, -0.26897307662293146, 1] 1e+100
[1, 2, 1.3222975339892025, 1.0970729956915646, 1] 0.05485046881202
[1, 2, -0.8254389271106868, -0.6550169334542808, 1] 0.06878986577817
[1, 2, -0.1476213336563268, 0.5350530981111388, 1] 0.05129169980512
[1, 2, 2.5935001202217274, 3.0247728570790926, 1] 1e+100
[1, 2, 4.901073601681857, 2.985991723781413, 1] 1e+100
[1, 2, 0.28016033671271234, 3.050470374943419, 1] 0.13329710625055
[1, 2, 1.5366164403899805, 0.7830877527788862, 1] 0.05650840233191
[1, 2, 1.1785480041145675, 1.254849712040377, 1] 0.05323657725345
[1, 2, -0.1453374469957751, 4.406071166445883, 1] 1e+100
[1, 2, 4.171083839030067, 3.2822441082663207, 1] 1e+100
[1, 2, 2.1194397540862946, 4.604105908578842, 1] 1e+100
[1, 2, 3.169573818356465, -0.9977921537827383, 1] 1e+100
[1, 2, 2.7292151494316244, 4.921235155655404, 1] 1e+100
[1, 2, 4.085303973738222, -0.5175444761349328, 1] 1e+100
[1, 2, 2.245381206174237, 0.19315651559133595, 1] 1e+100
[1, 2, 3.1478221678081937, -0.04057091968280546, 1] 1e+100
[1, 2, 1.5749569344649887, 4.124713430012414, 1] 1e+100
[1, 2, 1.951157247231051, 3.43183205570166, 1] 1e+100
[1, 2, 4.0687548469202985, -0.7928235179731244, 1] 1e+100
[1, 2, -0.5993165404613661, 0.22078818779458298, 1] 0.05040512555693
[1, 2, 3.8593862460063404, 4.5870555041282834, 1] 1e+100
[1, 2, 2.744825943028013, 3.4020792454428994, 1] 1e+100
[1, 2, 2.3280685680587956, 2.9491393690731718, 1] 1e+100
[1, 2, 3.261896553983811, 1.2983762497660392, 1] 1e+100
[1, 2, 3.540326655967319, 0.03813651067351076, 1] 1e+100
[1, 2, 1.740682831339897, 1.6307426741226152, 1] 0.05437796815875
[1, 2, 0.36806378582083243, -0.33329159171579126, 1] 0.06250620234171
[1, 2, -0.6247295394410073, 2.070666831600108, 1] 0.06513677623519
[1, 2, 2.3057095908605887, -0.90004684618113, 1] 1e+100
[1, 2, -0.9839590296920588, 4.088096896406589, 1] 1e+100
[1, 2, -0.10725434692599523, 4.180196249326306, 1] 1e+100
[1, 2, 2.1469822623577355, 1.6593906592782761, 1] 1e+100
[1, 2, 2.1266955076508074, 4.640807010170338, 1] 1e+100
[1, 2, 0.25799873649118044, -0.1547178561422733, 1] 0.06341271477231
[1, 2, -0.9503209372083139, 0.16850232144056965, 1] 0.04272015951035
[1, 2, 3.8508978803114147, 1.959723304159505, 1] 1e+100
[1, 2, 0.08555756892133237, -0.5172407509117583, 1] 0.06503219510478
[1, 2, 4.333376772910263, 0.08194835984330862, 1] 1e+100
[1, 2, 1.4322782451095994, 4.976171375718064, 1] 1e+100
[1, 2, 3.0970662919061853, 3.781574552534191, 1] 1e+100
[1, 2, 2.9273858953662395, 1.8254583550010852, 1] 1e+100
[1, 2, 4.298595387451202, 2.383944299599132, 1] 1e+100
[1, 2, 1.402996774571391, 2.338711110035239, 1] 0.0553434078383
[1, 2, 1.2630575477079038, -0.2680203021850831, 1] 0.05468798917006
[1, 2, 1.5291386714134148, -0.38734316703556093, 1] 0.0533409275064
[1, 2, 4.084045494121575, 2.9353621744312703, 1] 1e+100
[1, 2, 2.749338110645269, -0.6125918552879572, 1] 1e+100
[1, 2, 0.7166140607115379, 2.0790093004837384, 1] 0.05005898595242
[1, 2, -0.5306325004048817, 0.45107333602880306, 1] 0.04568043930696
[1, 2, 1.932922767342045, 4.673179439470673, 1] 1e+100
[1, 2, 4.842277775269094, -0.35765038972076746, 1] 1e+100
[1, 2, -0.567040752645745, 2.881218036022375, 1] 0.193127354775432
[1, 2, 1.4022625623698253, 0.519185843416683, 1] 0.05692021910751
[1, 2, 0.5917406380313652, 4.2082529763875165, 1] 1e+100
[1, 2, -0.6314517122922503, -0.7595628158907894, 1] 0.07072872815194
[1, 2, 0.3849248753167691, 0.5462938610504602, 1] 0.05667969168366
[1, 2, 3.863844931041098, 2.6543280568523038, 1] 1e+100
[1, 2, 4.793707428907327, 2.7193323608925635, 1] 1e+100
[1, 2, 4.728402234423999, 4.837195808275339, 1] 1e+100
[1, 2, -0.22788153446666537, 1.4620858702763107, 1] 0.0368854429813
[1, 2, 3.1837608648620845, 2.8133390511829726, 1] 1e+100
[1, 2, 1.6688835948153242, -0.9609001811119231, 1] 0.05288476886907
[1, 2, 1.6373019978553573, -0.18285447679033817, 1] 0.05452705729887
[1, 2, 4.275827118565892, 3.478156435853956, 1] 1e+100
[1, 2, 4.845041379744057, 1.9721543094090643, 1] 1e+100
[1, 2, 3.5611399311011196, 1.433701817625853, 1] 1e+100
[1, 2, 2.7563879545919963, 2.929876680797281, 1] 1e+100
[1, 2, 3.4720217159677293, 3.954729802160136, 1] 1e+100
[1, 2, 2.810902225371128, 0.42849304890933815, 1] 1e+100
[1, 2, 3.7805590935062945, 0.3093124285747051, 1] 1e+100
[1, 2, 4.535226439610428, 2.172277515599726, 1] 1e+100
[1, 2, 0.7946760784559026, 0.47678075375128914, 1] 0.05813707414338
[1, 2, 1.3566049512934502, 4.922259569555029, 1] 1e+100
[1, 2, 0.17059711565153357, 4.150983689261279, 1] 1e+100
[1, 2, 4.383188433258411, 2.479922411540384, 1] 1e+100
[1, 2, 1.6507327844336284, 4.37888967938781, 1] 1e+100
[1, 2, 2.9700386749201395, -0.9190070568202104, 1] 1e+100
[1, 2, -0.9399109660885865, 3.863458876778866, 1] 1e+100
[1, 2, 0.5267815282209594, 4.121868924756027, 1] 1e+100
[1, 2, 0.8212048596782291, 2.69730695804399, 1] 0.07190171205905
[1, 2, -0.09192580172858777, 0.8105341645815436, 1] 0.04638514756466
[1, 2, 0.1900688552279748, 3.972759162821978, 1] 1e+100
[1, 2, 1.0840998524339467, 2.999332010185029, 1] 0.08590115078483
[1, 2, 1.5971540650991587, 3.3845321053574136, 1] 1e+100
[1, 2, -0.25219626186473043, 2.833103092466357, 1] 0.14438170372947
[1, 2, 1.7348518816187757, 0.026049783080945854, 1] 0.05553812898857
[1, 2, 2.710058534405304, 3.8186379870977616, 1] 1e+100
[1, 2, 1.3135101489074241, 2.35850565573912, 1] 0.05559762608101
[1, 2, 3.485333176689341, 2.8090404230675903, 1] 1e+100
[1, 2, -0.2243682612622302, 4.903557605663376, 1] 1e+100
[1, 2, 1.4387994111560554, -0.8834553431533683, 1] 0.05059107812025
[1, 2, 0.08189039702983969, 3.8643652139566864, 1] 1e+100
[1, 2, 4.627778519667833, 4.141627011618164, 1] 1e+100
[1, 2, 2.56341396990768, 3.298974805775221, 1] 1e+100
[1, 2, -0.41916480837123227, 4.690671525248692, 1] 1e+100
[1, 2, -0.35327470272116757, 3.6341371331673704, 1] 1e+100
[1, 2, 2.618703112660033, 1.2691686842663632, 1] 1e+100
[1, 2, 4.311551009651735, 1.3925207675209563, 1] 1e+100
[1, 2, 3.964167921656795, 2.1916046653731533, 1] 1e+100
[1, 2, 4.126199151947248, 1.175631353029412, 1] 1e+100
[1, 2, 2.45987009682552, 4.988896842641642, 1] 1e+100
[1, 2, 1.8757487434108402, -0.0514263987180128, 1] 0.05568165458907
[1, 2, -0.15864950708079495, 2.714577181808665, 1] 0.11642408433611
[1, 2, 2.9564634218320527, -0.713337937058014, 1] 1e+100
[1, 2, 2.615408098604547, 2.8626556083109063, 1] 1e+100
[1, 2, 0.5526689835530187, 4.30026033161991, 1] 1e+100
[1, 2, 4.532556110086208, 4.685559392072963, 1] 1e+100
[1, 2, 3.0503404513508965, 1.8947233385532298, 1] 1e+100
[1, 2, 3.8625679214607693, 1.960905994093988, 1] 1e+100
[1, 2, -0.057990224073493524, -0.29026258558231555, 1] 0.06569067870532
[1, 2, 3.971731940599452, -0.8791610635365372, 1] 1e+100
[1, 2, 0.7560895732200983, 3.037860565002882, 1] 0.10184712186919
[1, 2, 3.3905227735265155, 0.7387639866234668, 1] 1e+100
[1, 2, 1.3891150435429935, 3.2046900955821904, 1] 1e+100
[1, 2, -0.5385867201483518, 3.293202571196387, 1] 1e+100
[1, 2, 0.29883145734084704, 1.386771125048623, 1] 0.04421348600687
[1, 2, 0.3598004728802118, 3.7285568020723776, 1] 1e+100
[1, 2, 2.3525533884221073, 1.5755867003187563, 1] 1e+100
[1, 2, 0.8252042423748716, 0.06079764400547094, 1] 0.05925229708659
[1, 2, 4.843605062418886, 2.0807629610752247, 1] 1e+100
[1, 2, 1.6990809663738835, 0.8666326525458041, 1] 0.056546920684
[1, 2, 1.8023417496687206, 0.1915897988439621, 1] 0.05618529318468
[1, 2, 1.8264647838212058, 1.5352657835282635, 1] 0.05509384482895
[1, 2, 2.412035706709659, 0.8590387967483357, 1] 1e+100
[1, 2, 2.7161930267206875, 2.3105415137324528, 1] 1e+100
[1, 2, 3.2407160789352405, -0.1814548772282898, 1] 1e+100
[1, 2, -0.6886355398617166, 0.5112695834806729, 1] 0.04005489693987
[1, 2, 0.23957622187160843, 0.9518996452985906, 1] 0.04891303230601
[1, 2, 1.3124137909572173, 4.705509786298229, 1] 1e+100
[1, 2, 1.7420384589427083, 1.5114006742562802, 1] 0.05473465765728
[1, 2, 2.816804729432234, 1.9882309655364883, 1] 1e+100
[1, 2, 4.325162598174389, 3.884391015521242, 1] 1e+100
[1, 2, 0.5146544269163409, 4.153241100338164, 1] 1e+100
[1, 2, 3.9631111304764843, 0.12206292119532769, 1] 1e+100
[1, 2, 3.8516640678275333, -0.11228908329002119, 1] 1e+100
[1, 2, 4.8552943338274375, -0.1337685351402751, 1] 1e+100
[1, 2, 1.6372536046452453, 1.1791069295510583, 1] 0.05548931638972
[1, 2, -0.3127470989370149, -0.5467040043961227, 1] 0.0683132565573
[1, 2, 4.203681878838535, 1.3240552421405178, 1] 1e+100
[1, 2, 1.9003285271968329, -0.7531653763905057, 1] 1e+100
[1, 2, 0.1371330168485012, 3.610023752059149, 1] 1e+100
[1, 2, 0.8306405213015118, 2.8109555967268536, 1] 0.07919405509731
[1, 2, -0.5741023903926734, 4.783090203869397, 1] 1e+100
[1, 2, -0.7535653025544984, -0.38975466902711786, 1] 0.06388823399688
[1, 2, 2.705847742651469, -0.42327111665818995, 1] 1e+100
[1, 2, -0.8203243184627493, 2.8410851386981824, 1] 0.223235590558851
[1, 2, 1.6326924342204725, 0.3189692558955557, 1] 0.0564350640356
[1, 2, 4.357773048248493, 0.8792015669769631, 1] 1e+100
[1, 2, 0.05640263225890774, 3.2646756268235944, 1] 1e+100
[1, 2, -0.8959742842138063, 0.12730587210454236, 1] 0.04561147975469
[1, 2, 2.3366618253392684, 4.147431744514859, 1] 1e+100
[1, 2, 2.0699893454592777, 0.7947509825009564, 1] 1e+100
[1, 2, 1.4087999634415933, 3.2519103855373226, 1] 1e+100
[1, 2, 0.4039984969517094, 3.265623118414303, 1] 1e+100
[1, 2, -0.012051279282411231, 3.9549450192843842, 1] 1e+100
[1, 2, 4.0016937960850125, 3.201446100464767, 1] 1e+100
[1, 2, -0.12901511826174383, 3.0493724888666396, 1] 0.1735696891916
[1, 2, 4.5283025684685985, 4.648466758303115, 1] 1e+100
[1, 2, 3.0718167376913526, 4.711847633795266, 1] 1e+100
[1, 2, 2.4596539988636703, 3.9515046937347327, 1] 1e+100
[1, 2, 3.9348180065591247, 3.4682949517749666, 1] 1e+100
[1, 2, 2.7857841630068725, 3.7093002393072947, 1] 1e+100
[1, 2, 1.2508133929405245, 4.6376526494676495, 1] 1e+100
[1, 2, 4.098722440633223, 0.005834524523246065, 1] 1e+100
[1, 2, 0.06999483618446689, 3.061399940293925, 1] 0.15409748362582
[1, 2, 2.4578605249601333, 0.2934357845102298, 1] 1e+100
[1, 2, 0.5706744175121128, -0.5634730027732733, 1] 0.05830071365662
[1, 2, 1.6739770383996806, 4.2606986831967415, 1] 1e+100
[1, 2, 0.5100600954926857, 4.662992725475139, 1] 1e+100
[1, 2, -0.8868224483131462, 0.3076149969355606, 1] 0.04025840064604
[1, 2, 3.0239651247119426, -0.7607617598303116, 1] 1e+100
[1, 2, 1.134150790675776, -0.7296772172637216, 1] 0.05114183023023
[1, 2, 1.4956284657682284, 0.8472912048929611, 1] 0.05630935930028
[1, 2, 3.608268651542814, 4.6750936922959365, 1] 1e+100
[1, 2, -0.004007769256203497, 2.323102766377592, 1] 0.06616562963264
[1, 2, 0.27799556560909133, -0.5653338020355172, 1] 0.06230552681662
[1, 2, 4.589627416066685, 0.2703191872475408, 1] 1e+100
[1, 2, 3.878655203047723, 1.8531821761109382, 1] 1e+100
[1, 2, 1.6207630805176674, 3.9343841379793343, 1] 1e+100
[1, 2, 1.8807773436424857, 2.6506184059143783, 1] 0.06101838097229
[1, 2, 1.4878182140346476, 2.4526326609872413, 1] 0.05734153940494
[1, 2, 2.21111883088578, 4.686719741667531, 1] 1e+100
[1, 2, 1.431406192939293, 3.449116497775706, 1] 1e+100
[1, 2, -0.08260420083793596, 4.353810769404422, 1] 1e+100
[1, 2, 3.0297247560443035, -0.8611846043363633, 1] 1e+100
[1, 2, 3.4118759624884234, 0.8675506836057572, 1] 1e+100
[1, 2, 2.8219615130548767, 2.845949330207341, 1] 1e+100
[1, 2, 1.5577163506825187, 2.60495472224295, 1] 0.06058341423408
[1, 2, 3.684451719464631, 4.481367251841432, 1] 1e+100
[1, 2, 4.648355508081819, 1.3112580155219486, 1] 1e+100
[1, 2, 1.0411789771172808, 1.6082825959796772, 1] 0.05019589698417
[1, 2, 3.0185703160372226, -0.39994370306504434, 1] 1e+100
[1, 2, 0.7015925320149954, 1.9938074317471024, 1] 0.04879566629955
[1, 2, -0.5422146222686344, 3.0972114431113225, 1] 0.247203665463037
[1, 2, 2.049667759761368, 0.5147718946156732, 1] 1e+100
[1, 2, 1.2977518203158431, -0.390448579006885, 1] 0.05361388464664
[1, 2, -0.2804295248271311, 0.926138901423261, 1] 0.04048568557912
[1, 2, 4.302236060812099, 0.4191246358467948, 1] 1e+100
[1, 2, 0.27538223445652843, -0.4715238622750382, 1] 0.06297881650918
[1, 2, 4.350215935348316, 3.6886981142884974, 1] 1e+100
[1, 2, 1.8544669713151043, 2.8522928939958065, 1] 0.06625504343302
[1, 2, 4.674272230619032, -0.0438392861325565, 1] 1e+100
[1, 2, 3.6598117512494603, 3.5514561241403166, 1] 1e+100
[1, 2, 2.7155349832873563, 4.311107396325645, 1] 1e+100
[1, 2, 2.9844441527044894, 3.467493454570956, 1] 1e+100
[1, 2, 3.63630579151339, 4.947088949050125, 1] 1e+100
[1, 2, 2.9387163795895335, 3.98682865955866, 1] 1e+100
[1, 2, 3.623048876506526, 4.831391795248948, 1] 1e+100
[1, 2, 1.289716857259621, -0.7602548668934996, 1] 0.05069111225686
[1, 2, -0.12968001445607413, 1.315748618703727, 1] 0.03846512538171
[1, 2, 1.6897803605545496, 2.2428440424800886, 1] 0.0550192348525
[1, 2, 2.958619768990981, 3.89282383522921, 1] 1e+100
[1, 2, 4.672477815503575, 0.6789520407104179, 1] 1e+100
[1, 2, 0.7878565719783495, 4.457814413757879, 1] 1e+100
[1, 2, 1.3025269525221468, 4.596409903231928, 1] 1e+100
[1, 2, 4.918947294646316, 2.288423989696941, 1] 1e+100
[1, 2, 4.375640332661221, 3.111509742618334, 1] 1e+100
[1, 2, 4.982445247583293, 2.3495890278222005, 1] 1e+100
[1, 2, 1.871481174255814, -0.19921281158851234, 1] 0.05525512969387
[1, 2, 1.1668202218316948, 1.987290459081927, 1] 0.05103363614664
[1, 2, 3.4702264341460154, 2.889931579653704, 1] 1e+100
[1, 2, 1.4997693486976282, 1.7227707901526959, 1] 0.05280145951384
[1, 2, -0.9049549138276756, 2.8406488834317885, 1] 0.238687705664513
[1, 2, -0.3660206057290769, 0.27374128327962577, 1] 0.053725322839
[1, 2, 3.405649021029439, 1.494244287729468, 1] 1e+100
[1, 2, 4.475298150469917, 4.928031877232005, 1] 1e+100
[1, 2, 0.9905766317204712, 4.603113794319756, 1] 1e+100
[1, 2, 2.3747602882856844, 2.7152211282269567, 1] 1e+100
[1, 2, 2.9204086869319816, 2.2623468436595684, 1] 1e+100
[1, 2, -0.40411674371717843, 1.186608940586674, 1] 0.03454427846188
[1, 2, 2.189174617441796, 0.7847662919684979, 1] 1e+100
[1, 2, -0.7216369090780399, -0.4059207427025098, 1] 0.06468637850285
[1, 2, 4.768989439287012, 3.519435702348977, 1] 1e+100
[1, 2, 0.13537020516276477, 1.307053896857349, 1] 0.04263078349148
[1, 2, 0.312843306456674, -0.8131848791740885, 1] 0.0588030954952
[1, 2, 3.235084530323933, -0.9747491351559274, 1] 1e+100
[1, 2, 2.7117880525448728, 3.5851301532791275, 1] 1e+100
[1, 2, 4.600316276759086, 2.425768633198297, 1] 1e+100
[1, 2, 0.46958428470852054, 0.8947564931622947, 1] 0.05231008140277
[1, 2, -0.671858490259482, -0.7485099630495611, 1] 0.0706822873871
[1, 2, -0.8288342857172881, 3.900836061978337, 1] 1e+100
[1, 2, 0.8258476015757432, 0.8717789644786502, 1] 0.05485101032268
[1, 2, -0.05442414360827552, -0.12071841630466618, 1] 0.06410184388566
[1, 2, 3.371659757472351, 3.457687591006364, 1] 1e+100
[1, 2, 4.325090031649041, 1.2268028795056223, 1] 1e+100
[1, 2, -0.3286180985513756, -0.45285059059228505, 1] 0.0676432837646
[1, 2, 1.0021708161697278, 1.022316200112464, 1] 0.05420841408719
[1, 2, 0.7477001110861936, 3.9137472876353323, 1] 1e+100
[1, 2, 2.2747308473441015, 1.8165681575027008, 1] 1e+100
[1, 2, -0.44998993244257823, -0.8543935357055643, 1] 0.06984671813517
[1, 2, 3.757815990709915, 2.896335169753147, 1] 1e+100
[1, 2, 1.3582819017797592, 2.729047596985388, 1] 0.06568850588315
[1, 2, -0.5624108369439171, 3.251984156951224, 1] 0.300028967842616
[1, 2, -0.0309668887478447, 1.191176836999051, 1] 0.04121829028992
[1, 2, 1.851092426078325, 1.5983463568137446, 1] 0.05505525191562
[1, 2, 1.0346409126792762, 2.3693383495564984, 1] 0.05609751511797
[1, 2, 4.618797732480112, 4.187605728909523, 1] 1e+100
[1, 2, -0.7303866508977062, 4.880049402505621, 1] 1e+100
[1, 2, 2.419115415442441, -0.955526506354281, 1] 1e+100
[1, 2, 2.5680712054702317, 0.7194707143387244, 1] 1e+100
[1, 2, 0.278097882464287, 3.905369364476516, 1] 1e+100
[1, 2, 1.471302050099486, 3.405765841426893, 1] 1e+100
[1, 2, 4.6654750390045105, -0.9965068084324022, 1] 1e+100
[1, 2, 1.1730040534538344, 3.026554185353027, 1] 0.08534770212451
[1, 2, 3.4529806247566084, 2.458606583676037, 1] 1e+100
[1, 2, -0.53216489601843, 2.9838581435327827, 1] 0.213923695095262
[1, 2, 3.4956925477167795, -0.9520049578745049, 1] 1e+100
[1, 2, -0.8862378545336262, 3.1872070349963595, 1] 0.354217193700084
[1, 2, 0.16930410541671237, 3.769309988834854, 1] 1e+100
[1, 2, 3.3065105509806836, 3.0217250581066573, 1] 1e+100
[1, 2, 3.1427167943205516, 1.6780406329181945, 1] 1e+100
[1, 2, 2.411410127619729, 1.4968037436037611, 1] 1e+100
[1, 2, 3.063426593810054, 3.038741122764873, 1] 1e+100
[1, 2, 4.548917386682991, 4.449120435665961, 1] 1e+100
[1, 2, 1.0351475454885808, 2.4675793735497766, 1] 0.05889214346828
[1, 2, -0.8460402018625985, 0.8854934997670463, 1] 0.02805692236521
[1, 2, 1.0392832893700419, 4.790183331818053, 1] 1e+100
[1, 2, 4.784013644173273, 1.2243731293858495, 1] 1e+100
[1, 2, 2.669269125772724, 3.4712476751866204, 1] 1e+100
[1, 2, 0.08240581675969194, 3.374234840876503, 1] 1e+100
[1, 2, 1.8699136593624561, 0.3972919152960104, 1] 0.05677883061128
[1, 2, 4.330175666338886, 3.354897587051492, 1] 1e+100
[1, 2, 3.0715658728718527, 1.0862479178676123, 1] 1e+100
[1, 2, -0.6171203541192882, 1.616009265249434, 1] 0.03698084725858
[1, 2, -0.4612308762794832, 4.194000914613122, 1] 1e+100
[1, 2, 2.678782387453753, 4.384684455519344, 1] 1e+100
[1, 2, 3.3242625378922384, 2.5593232790385065, 1] 1e+100
[1, 2, 1.4361188013444526, 1.3779922863731988, 1] 0.05377745610416
[1, 2, 0.9489154295413191, -0.2797081997260835, 1] 0.05675781811566
[1, 2, -0.8810472689659579, 4.54455007523473, 1] 1e+100
[1, 2, 4.037460072224773, 3.4979676106063753, 1] 1e+100
[1, 2, 2.7286906524392114, 3.1099569056088265, 1] 1e+100
[1, 2, -0.0381454421467502, 1.8890578754469485, 1] 0.04493116819077
[1, 2, 2.8349651328975485, 1.4402060403510344, 1] 1e+100
[1, 2, 1.2110488131643926, -0.3946657357369159, 1] 0.05394447008881
[1, 2, 4.4153100422727665, 3.938674372188961, 1] 1e+100
[1, 2, 3.634270722894626, -0.1278805684837434, 1] 1e+100
[1, 2, -0.9696542233649628, -0.5820262032620003, 1] 0.06554362512464
[1, 2, 3.208799715580019, 0.8174366926323742, 1] 1e+100
[1, 2, -0.1382654106011072, 4.237395218765336, 1] 1e+100
[1, 2, 0.566963194584051, 4.297360605659616, 1] 1e+100
[1, 2, 1.9150137255416304, 3.6489072030791405, 1] 1e+100
[1, 2, -0.4668283025078135, 2.519689813661511, 1] 0.11079433779064
[1, 2, 1.8832401747669252, 0.9001688777237737, 1] 0.05691896307862
[1, 2, -0.41640805150014426, 1.8841745177360956, 1] 0.0469145858313
[1, 2, 2.0359056884968516, 1.946419650612771, 1] 0.05571026801078
[1, 2, -0.29436982679616164, -0.82152025367845, 1] 0.06821668835754
[1, 2, 4.26460441262873, 1.5050365336980382, 1] 1e+100
[1, 2, 3.7031932410537722, 1.784673128247841, 1] 1e+100
[1, 2, 3.7462569440971745, -0.5384654901317891, 1] 1e+100
[1, 2, 4.013985971832261, 3.187089642015783, 1] 1e+100
[1, 2, 3.468139293311295, 3.557386094481868, 1] 1e+100
[1, 2, 2.4786261388724644, 1.422866761836969, 1] 1e+100
[1, 2, 1.5436286725072654, -0.1560283775116449, 1] 0.05464276992952
[1, 2, -0.7058543466047162, 0.5786832962359554, 1] 0.037841682639
[1, 2, -0.004957416185604302, 3.910762738071738, 1] 1e+100
[1, 2, 1.3644686040657605, 2.3741468470375886, 1] 0.0558947358398
[1, 2, 0.8012222494108565, 0.11221420937774718, 1] 0.05941591747007
[1, 2, -0.5368104840285437, 3.921318116412219, 1] 1e+100
[1, 2, 2.784805615198108, 0.3348804701903927, 1] 1e+100
[1, 2, 0.34476904438207745, 2.9485660896450163, 1] 0.11407318593083
[1, 2, 3.112768503040206, 2.718140204489815, 1] 1e+100
[1, 2, 1.1681157926748829, 0.2300386014207576, 1] 0.05750345451366
[1, 2, 4.302785048223328, 2.274887848943817, 1] 1e+100
[1, 2, -0.31438432544961126, 1.5610776682003111, 1] 0.036859948533
[1, 2, 3.2757651405918367, 4.501823969059119, 1] 1e+100
[1, 2, 4.647959505138548, 0.9107493424383579, 1] 1e+100
[1, 2, 1.6596444371975299, 0.5737385147483558, 1] 0.05674982777599
[1, 2, 1.860633518750471, 2.932908303380782, 1] 0.06890295938616
[1, 2, 4.907813984755884, -0.856842553212676, 1] 1e+100
[1, 2, 2.23208624029361, -0.6828270699661276, 1] 1e+100
[1, 2, -0.23149982569240968, 0.7846748548290232, 1] 0.04427609275232
[1, 2, 3.214804418310539, -0.20482434799665783, 1] 1e+100
[1, 2, -0.9916304067560326, 3.1960538875206765, 1] 0.387259555855721
[1, 2, 4.217261163636126, 4.2205307318105145, 1] 1e+100
[1, 2, 3.5166930607583105, -0.22627348340754883, 1] 1e+100
[1, 2, 3.2260201059575886, 0.2780583460767485, 1] 1e+100
[1, 2, 1.271318624217348, 1.247294903913132, 1] 0.05373762876038
[1, 2, 4.52593823371215, 4.838833718289161, 1] 1e+100
[1, 2, -0.052408514360655634, -0.8736121784878474, 1] 0.06409135137981
[1, 2, 4.71719562033143, 2.5825269785363667, 1] 1e+100
[1, 2, 4.116012128217166, 4.058544110615962, 1] 1e+100
[1, 2, 2.365355195609325, 4.797143170545368, 1] 1e+100
[1, 2, 0.2258890000146463, 3.3973858303242643, 1] 1e+100
[1, 2, 4.03752800834345, 2.587578212693681, 1] 1e+100
[1, 2, 2.212096515775219, 1.999074316785146, 1] 1e+100
[1, 2, 4.8299497797977935, 2.319387464608477, 1] 1e+100
[1, 2, 3.194817070523393, 4.5653401797595, 1] 1e+100
[1, 2, 3.947500749356835, -0.8765502859998238, 1] 1e+100
[1, 2, -0.5979724897635008, 3.519285266770253, 1] 1e+100
[1, 2, -0.49742039409877314, -0.715207260861265, 1] 0.07001096101322
[1, 2, 1.3358856489323423, 3.6287731145902216, 1] 1e+100
[1, 2, 3.9137046118001857, 4.240015229681323, 1] 1e+100
[1, 2, 4.554195652763461, 3.14416940674241, 1] 1e+100
[1, 2, 1.9163099619735755, 3.0474335423973757, 1] 0.07278201581544
[1, 2, 3.8419161763919067, -0.021026336211894536, 1] 1e+100
[1, 2, 2.437462203011221, 3.967511984076433, 1] 1e+100
[1, 2, 1.845580127029101, -0.43736345475779626, 1] 1e+100
[1, 2, 2.057605891393824, 2.89048161370863, 1] 0.0663913411576
[1, 2, 4.244348505565391, -0.8358318788520502, 1] 1e+100
[1, 2, 3.8609095089641805, 1.1224254087585797, 1] 1e+100
[1, 2, 3.1203491789010656, 4.588128328525393, 1] 1e+100
[1, 2, -0.16321622178002082, -0.04368492890226694, 1] 0.06271816168446
[1, 2, 3.1931670526924725, 2.9810626610996094, 1] 1e+100
[1, 2, 3.3900823953494337, 3.258697027283424, 1] 1e+100
[1, 2, 4.250066787763054, 2.297449913399133, 1] 1e+100
[1, 2, 4.324043753398988, 1.2517521323733467, 1] 1e+100
[1, 2, 0.07087079391819762, -0.3257959671917423, 1] 0.06519391355789
[1, 2, 0.38723773868324884, 2.772537198696555, 1] 0.09145411750605
[1, 2, 1.8066192249442379, -0.44350212377084786, 1] 0.05426272910719
[1, 2, 1.5639474341982131, 2.390921075256131, 1] 0.05634667341237
[1, 2, 3.4785036116986037, 1.2867216777508883, 1] 1e+100
[1, 2, 4.668880705107193, 3.0853134987553155, 1] 1e+100
[1, 2, 0.07211985698386636, 3.050226884466367, 1] 0.15183904501833
[1, 2, 1.6277300656032527, 2.9855937560056747, 1] 0.07357992088331
[1, 2, 0.5635006503748523, 4.19960760483363, 1] 1e+100
[1, 2, 3.1829277077342883, 1.8844188481158, 1] 1e+100
[1, 2, 4.8474980685047075, 0.04339847681117859, 1] 1e+100
[1, 2, 0.635673780028956, 1.0429125269287143, 1] 0.05177217150987
[1, 2, -0.37360932833775995, 2.733809724941943, 1] 0.13830522594482
[1, 2, 0.7297983140389692, 2.133474223729406, 1] 0.0510552201947
[1, 2, 1.6076610227815902, 3.03553444861549, 1] 0.07635957235656
[1, 2, 1.361694938669273, 0.049979095029598186, 1] 0.05612825200922
[1, 2, 4.827466334832246, 4.18033839248064, 1] 1e+100
[1, 2, 2.8335880690878845, 3.1076868132083932, 1] 1e+100
[1, 2, 4.450332412815753, 0.3126344548011888, 1] 1e+100
[1, 2, -0.5393556213621502, -0.7656403077005365, 1] 0.07044334294526
[1, 2, 1.192247099975822, 4.194068885737364, 1] 1e+100
[1, 2, -0.04431223760027847, 2.464401812552511, 1] 0.07944783025601
[1, 2, 3.3065308705119367, 1.3526819491724207, 1] 1e+100
[1, 2, 2.1056692662614207, -0.344986102140441, 1] 1e+100
[1, 2, 2.2935372593853414, 4.135591846709298, 1] 1e+100
[1, 2, 0.9037669324220983, 2.8705159251987804, 1] 0.08150212439634
[1, 2, 1.720998027893025, 2.8207026581209753, 1] 0.0660666924687
[1, 2, 3.4895451599658367, 4.171449255614518, 1] 1e+100
[1, 2, 4.472260102674959, 1.2969608430107185, 1] 1e+100
[1, 2, 2.4579681220821366, 3.5498092214475037, 1] 1e+100
[1, 2, 0.36264852726549446, 2.4532867230770816, 1] 0.06636808371626
[1, 2, 3.2662702550587115, 4.973950277312936, 1] 1e+100
[1, 2, 2.076170376938518, 2.9058497660898133, 1] 0.06674764159134
[1, 2, 0.36446421642025095, 2.097932085848311, 1] 0.05036816467011
[1, 2, 4.340963263843855, 1.3426573773504522, 1] 1e+100
[1, 2, 0.6212075521791094, 4.371031140148121, 1] 1e+100
[1, 2, 1.733609337690777, -0.9211944943303838, 1] 0.05363245217721
[1, 2, -0.1840014023276879, 1.492466967003672, 1] 0.03756119763508
[1, 2, -0.8687995427860451, 3.4773094683559886, 1] 1e+100
[1, 2, 2.8618582574687714, 2.021303782921694, 1] 1e+100
[1, 2, 3.7074745271197376, 2.602906157543953, 1] 1e+100
[1, 2, 3.35492655561478, 1.5371582418284238, 1] 1e+100
[1, 2, 4.481134466798132, 1.0447161993826715, 1] 1e+100
[1, 2, 4.406901847535075, 1.2458642483253897, 1] 1e+100
[1, 2, -0.19153654283200416, 3.902878198278607, 1] 1e+100
[1, 2, 0.5411920346933379, 0.11724825391002258, 1] 0.06081070939992
[1, 2, 1.7328754159064705, 3.9779232433710447, 1] 1e+100
[1, 2, -0.21745376137001138, 3.2710300048710454, 1] 1e+100
[1, 2, 2.8953782765169103, 0.4127543710143111, 1] 1e+100
[1, 2, 0.8702867623257224, 2.4707203170578795, 1] 0.06013936216621
[1, 2, 0.2424170392028584, 2.9507082642423184, 1] 0.1213016566703
[1, 2, -0.30004184719513693, -0.08385656420312237, 1] 0.06248485748354
[1, 2, 0.09971587676655358, 0.8532819768579103, 1] 0.04867012037013
[1, 2, 4.489354437451416, 2.9453149634872005, 1] 1e+100
[1, 2, 1.892352022166126, -0.17973694502223325, 1] 1e+100
[1, 2, -0.0535108076168378, 1.4818305817876607, 1] 0.03915429996133
[1, 2, -0.350069180244442, -0.7818378752190271, 1] 0.06900936396611
[1, 2, -0.314713619284972, -0.42342408691704647, 1] 0.06734831090281
[1, 2, 3.0771905982174044, 0.807512982648064, 1] 1e+100
[1, 2, 1.6978931858756279, 2.929387774307478, 1] 0.07025940311987
[1, 2, 1.883042776705007, 1.3233029265972025, 1] 0.05598367381046
[1, 2, -0.9193293206599882, 4.795824143780577, 1] 1e+100
[1, 2, 0.6803784782593458, -0.8071199272246656, 1] 0.05360659371706
[1, 2, -0.3016141044046359, 1.0438719942097041, 1] 0.03812212791327
[1, 2, 1.6634833658649315, 1.4550806461762984, 1] 0.05453924333686
[1, 2, 0.23509115083189158, 3.584979769993512, 1] 1e+100
[1, 2, -0.5107746334863656, 4.117339286543866, 1] 1e+100
[1, 2, -0.9886179191209004, 4.817544454692663, 1] 1e+100
[1, 2, -0.9885075673217498, -0.5784103711494564, 1] 0.06516758240418
[1, 2, 1.2364898583415034, 0.9155456975089185, 1] 0.05566424574512
[1, 2, 3.3217181287232664, 3.273799014208664, 1] 1e+100
[1, 2, 4.050312269353217, 1.7036142443635631, 1] 1e+100
[1, 2, 3.4179198581165124, 2.6612102399842925, 1] 1e+100
[1, 2, -0.6478485609221083, -0.7784502526494614, 1] 0.07090964675477
[1, 2, 2.107990424019281, 0.9342436861551981, 1] 1e+100
[1, 2, -0.34828527447783153, 1.0751578285175452, 1] 0.03674829481464
[1, 2, 4.367157875349146, -0.8807174852796587, 1] 1e+100
[1, 2, -0.21820193726179649, 3.2803385064741146, 1] 1e+100
[1, 2, 1.3597347509544289, 3.3544473113762683, 1] 1e+100
[1, 2, 1.0662072673724179, 2.685098660815945, 1] 0.06712397005675
[1, 2, -0.5377704428069952, 4.898410166743795, 1] 1e+100
[1, 2, 1.143848730065328, 4.80280891718627, 1] 1e+100
[1, 2, 3.8034805940716154, 3.7420184725785717, 1] 1e+100
[1, 2, 3.5730901713567285, 1.242407035186008, 1] 1e+100
[1, 2, 3.684008054586317, 1.0907556376797993, 1] 1e+100
[1, 2, 2.1896342839277283, 2.0843536160539724, 1] 1e+100
[1, 2, 1.1653845246099692, 3.1263954742717175, 1] 0.09346997667886
[1, 2, 0.6160404367745014, 3.6169212854440147, 1] 1e+100
[1, 2, 0.08712961439766365, 0.28422990426153016, 1] 0.05889136052375
[1, 2, -0.5782232983359683, 3.166759686312915, 1] 0.275392185980188
[1, 2, 2.0435665407217765, 0.6459649728442167, 1] 1e+100
[1, 2, 1.980680851568179, 1.42924209656542, 1] 0.05616753085748
[1, 2, 1.2863050650485492, 4.811596838078157, 1] 1e+100
[1, 2, 0.11513528469166556, 4.348518827825476, 1] 1e+100
[1, 2, 2.7037504406180375, 3.136623533121674, 1] 1e+100
[1, 2, 4.394283540911065, -0.9283921718824051, 1] 1e+100
[1, 2, 1.2249219145307442, 0.8573206627839098, 1] 0.0559632790698
[1, 2, 0.693304536508393, 1.3050975415877581, 1] 0.04938783665588
[1, 2, 3.600150955248755, 1.9594795471133661, 1] 1e+100
[1, 2, 3.7428602687241037, 2.5578830473933216, 1] 1e+100
[1, 2, 1.3765243027531766, 1.2531100860672604, 1] 0.05416811848525
[1, 2, 0.613765142623026, 3.2088864799895305, 1] 1e+100
[1, 2, 0.7957472195531743, 0.7850455110888488, 1] 0.05558963977267
[1, 2, -0.8435415585509385, 0.7756565282092198, 1] 0.02979375518262
[1, 2, 3.0082223918957878, 2.0983627789854857, 1] 1e+100
[1, 2, 4.775720594313143, -0.4955790168084586, 1] 1e+100
[1, 2, 4.506562756277233, 2.808859529135133, 1] 1e+100
[1, 2, 3.318014747894087, 4.771355164219667, 1] 1e+100
[1, 2, 4.870868009056127, 2.200780027094362, 1] 1e+100
[1, 2, 0.15538071280197796, 0.655699112758007, 1] 0.05301451236491
[1, 2, 3.4687265756278185, 1.0144716091498172, 1] 1e+100
[1, 2, 0.7785471716344146, 2.0231445426174326, 1] 0.04946484872735
[1, 2, 3.073692123980477, 1.7229012410090538, 1] 1e+100
[1, 2, 4.001955147037968, 2.3120747048223045, 1] 1e+100
[1, 2, 0.2810935969880515, 0.8609928101296851, 1] 0.05090740781487
[1, 2, 2.7277026408019296, 3.581058293005162, 1] 1e+100
[1, 2, 3.7001071101450123, 1.5596862438505825, 1] 1e+100
[1, 2, 0.8214973923911297, 4.039502793365207, 1] 1e+100
[1, 2, 4.603182724909542, 4.5743222567128985, 1] 1e+100
[1, 2, 2.32075946594951, 3.498377324387179, 1] 1e+100
[1, 2, 1.020692067309942, 0.5860078529804325, 1] 0.05730364825805
[1, 2, 1.8873661001968847, -0.7655571800483967, 1] 1e+100
[1, 2, 2.1940301363213477, 1.0370667991108315, 1] 1e+100
[1, 2, 4.858079948917444, 1.6890677193200698, 1] 1e+100
[1, 2, 4.050562362531419, 4.895574688932816, 1] 1e+100
[1, 2, 3.8560054938300468, -0.9235399241326543, 1] 1e+100
[1, 2, 2.222632737476154, 0.37375910414482094, 1] 1e+100
[1, 2, 2.2457667016097984, 2.5191711312853142, 1] 1e+100
[1, 2, 0.36713745409057097, 2.421069965748793, 1] 0.06431829477315
[1, 2, 4.930940803152335, 0.012993692766761322, 1] 1e+100
[1, 2, 3.941874846935967, -0.711047237543055, 1] 1e+100
[1, 2, 1.0333879631782015, 0.8214490339345686, 1] 0.05588296464515
[1, 2, 1.0439664433411764, 3.901998311356955, 1] 1e+100
[1, 2, 2.5148168209313013, 3.042884504459251, 1] 1e+100
[1, 2, 2.0839632473154, 0.40718595838239224, 1] 1e+100
[1, 2, 0.08097670855444461, -0.15269465983823793, 1] 0.06423484839526
[1, 2, 1.9024543765627984, -0.7988165804840253, 1] 1e+100
[1, 2, 3.7699209004086915, 1.191825785458997, 1] 1e+100
[1, 2, 3.017866211373364, 0.39501363616015395, 1] 1e+100
[1, 2, 3.2433821851701268, -0.5504559530575941, 1] 1e+100
[1, 2, 0.29513082914305766, 0.9033162704489544, 1] 0.05038523414244
[1, 2, 4.825175909779744, 0.4334073835924741, 1] 1e+100
[1, 2, -0.10787700560448932, 2.494549186391498, 1] 0.08529964485681
[1, 2, 1.603500057937703, 2.259784993816357, 1] 0.05485947048882
[1, 2, -0.22081895937007845, 1.6683480608076255, 1] 0.0392494539008
[1, 2, 4.754883570614545, 3.3911338875248287, 1] 1e+100
[1, 2, 2.4855186611559175, 2.052782958161419, 1] 1e+100
[1, 2, 2.174085215377984, 0.25185032349839376, 1] 1e+100
[1, 2, 1.5717855081924004, 0.5637922898735463, 1] 0.05675220232394
[1, 2, 2.8458204743752087, 2.189813450829592, 1] 1e+100
[1, 2, 1.9435458247251596, 4.338359735246027, 1] 1e+100
[1, 2, 4.74818491640387, 3.2466467029109936, 1] 1e+100
[1, 2, 0.8161845235759522, 2.046233667436785, 1] 0.04989124801653
[1, 2, 0.6055749611578887, 1.1156065041690626, 1] 0.05063180121279
[1, 2, -0.6717219609424341, 3.7779179643613787, 1] 1e+100
[1, 2, 0.29932851750433875, 4.372195747831231, 1] 1e+100
[1, 2, 0.6048238446472245, 4.129189452037007, 1] 1e+100
[1, 2, 0.8161045823581208, -0.3250244968326288, 1] 0.05766622280546
[1, 2, 0.08291117730516673, 2.931593701760642, 1] 0.13069132810189
[1, 2, 3.600415690794943, 1.9987130390855228, 1] 1e+100
[1, 2, 4.052241820335995, -0.13913418804904665, 1] 1e+100
[1, 2, 3.7686822171422136, 3.653157402716529, 1] 1e+100
[1, 2, 1.3162224092512824, 4.0789975965252285, 1] 1e+100
[1, 2, 1.6067124097308012, -0.8355698748597424, 1] 0.05203702390793
[1, 2, -0.3199473744220136, -0.4220442137062066, 1] 0.06733694229739
[1, 2, -0.5096755693274124, 0.8620301547423259, 1] 0.0365705368646
[1, 2, -0.8721091088268929, 4.66659958966039, 1] 1e+100
[1, 2, 2.624304737722592, 0.2915815831996156, 1] 1e+100
[1, 2, 4.149239665112769, 1.0601366485921133, 1] 1e+100
[1, 2, 4.594603042408687, 4.546256617608155, 1] 1e+100
[1, 2, -0.08881350315942838, 4.4354211310534, 1] 1e+100
[1, 2, 1.753041892280292, 1.7488216718769767, 1] 0.05419309732039
[1, 2, -0.4536708843635997, 3.458765633163673, 1] 1e+100
[1, 2, 3.2165814741552428, 3.546587712359897, 1] 1e+100
[1, 2, -0.24015689228354797, 3.2419597027879767, 1] 1e+100
[1, 2, 1.5190925414995804, 1.6794428686227274, 1] 0.05301769399976
[1, 2, 1.7363961576616789, 1.524846686723218, 1] 0.05466329716511
[1, 2, 0.43395241419546116, 1.1797342435137836, 1] 0.04805677383042
[1, 2, 0.7518013005159092, -0.6811387248069363, 1] 0.05458473054705
[1, 2, 2.588189358622879, 3.7279485207744463, 1] 1e+100
[1, 2, 3.4580013047425684, 2.668014661641566, 1] 1e+100
[1, 2, 2.3653327825142023, 1.6727772914870473, 1] 1e+100
[1, 2, 1.3979497313153941, 4.155471770707565, 1] 1e+100
[1, 2, -0.1338221161647517, 0.43667436687391326, 1] 0.05366326709192
[1, 2, -0.5810964142462216, -0.05882079634170978, 1] 0.05836797088989
[1, 2, 4.443568240324675, 4.135303141031138, 1] 1e+100
[1, 2, 3.187173373083218, 0.20744000734544543, 1] 1e+100
[1, 2, -0.33696055623746357, 2.889144438257635, 1] 0.1646528302869
[1, 2, -0.49042769596587954, 0.3968138919398738, 1] 0.04805195399822
[1, 2, -0.06623825203909384, 4.1159354340090655, 1] 1e+100
[1, 2, 1.2645234885192025, 0.5635933669597333, 1] 0.05707078369
[1, 2, 3.0985587154774583, 0.5209137952548628, 1] 1e+100
[1, 2, 1.7767068025052568, 2.796643353254206, 1] 0.06497732354431
[1, 2, 3.711192030399233, 0.21169068350171227, 1] 1e+100
[1, 2, 0.0108245791240007, -0.826725368461386, 1] 0.06364945079046
[1, 2, 3.9456553600703463, 1.4077516041058535, 1] 1e+100
[1, 2, -0.3852853604858688, -0.4466252885508857, 1] 0.0675860352905
[1, 2, 4.126279028867414, 4.663727668092044, 1] 1e+100
[1, 2, 2.046921308235509, 0.07277641518291711, 1] 1e+100
[1, 2, 0.37375823685537135, 0.3338029560719782, 1] 0.05933870664723
[1, 2, 2.644479325582758, 4.246345627192546, 1] 1e+100
[1, 2, -0.8929550560234094, 1.0714721551676685, 1] 0.02581521173032
[1, 2, 1.591247892965388, 4.384556132197036, 1] 1e+100
[1, 2, 3.904345704470801, 3.9146816874847383, 1] 1e+100
[1, 2, -0.8089279976169872, 3.183649998841779, 1] 0.332981276114828
[1, 2, 2.0470895739475847, 2.773247249139466, 1] 0.06345540905323
[1, 2, 2.0977639862918176, 3.37495980535751, 1] 1e+100
[1, 2, 4.186080139568452, 2.0542171837763865, 1] 1e+100
[1, 2, 4.338816602782528, 3.645401833203568, 1] 1e+100
[1, 2, 3.0975902651976535, 1.5116172564626975, 1] 1e+100
[1, 2, 4.79129082763704, -0.9807504703253804, 1] 1e+100
[1, 2, 3.935169100049441, 2.6412211829896477, 1] 1e+100
[1, 2, 4.231033276712788, -0.9885610108972269, 1] 1e+100
[1, 2, 2.687439810553581, 3.211941609534062, 1] 1e+100
[1, 2, 1.2577446247634256, 3.3204487587670704, 1] 1e+100
[1, 2, -0.7189568113399267, 4.704547082170294, 1] 1e+100
[1, 2, 3.1643401434571388, 3.1968760440036705, 1] 1e+100
[1, 2, 1.837998205602895, 3.7424657274561532, 1] 1e+100
[1, 2, -0.6433123539103234, 2.295241719554192, 1] 0.09141312958243
[1, 2, 0.8741380056835997, 4.320898477695807, 1] 1e+100
[1, 2, 1.0107853684580697, 0.6029394110137918, 1] 0.05722551460695
[1, 2, 0.9405507872048611, 1.555840669446201, 1] 0.04967078651202
[1, 2, -0.3825757004063235, 0.8180406458803864, 1] 0.04036536409155
[1, 2, 4.584618613415184, -0.8556460285485459, 1] 1e+100
[1, 2, 3.9576291803593, 1.4544818530125907, 1] 1e+100
[1, 2, -0.21102786614485858, 3.739079331431375, 1] 1e+100
[1, 2, -0.4159091476188168, 1.7879439007018045, 1] 0.04258510537733
[1, 2, -0.07075148345302784, 0.8213462375408846, 1] 0.04654329331539
[1, 2, 3.1634997083911367, 3.9741588828516026, 1] 1e+100
[1, 2, 1.1654214348130836, 3.7738735775944123, 1] 1e+100
[1, 2, 0.3130293821948791, 0.8137292170990669, 1] 0.05202697981952
[1, 2, 2.0072791258238984, -0.31437013504126354, 1] 1e+100
[1, 2, 3.76733224188359, 2.6690761701625574, 1] 1e+100
[1, 2, 4.225028434146262, 1.1889636850003678, 1] 1e+100
[1, 2, 1.315998536256771, 2.6138434838039672, 1] 0.06192564714047
[1, 2, 2.740726062648878, 1.42542745174, 1] 1e+100
[1, 2, 3.5231083058355352, 2.2180363608370266, 1] 1e+100
[1, 2, 2.1713106063247922, 3.638039992861631, 1] 1e+100
[1, 2, 2.017973654084718, 1.710403573983287, 1] 0.05576042611444
[1, 2, -0.24358406188964588, 4.930294017161612, 1] 1e+100
[1, 2, 4.727712158747894, -0.46872251986266456, 1] 1e+100
[1, 2, 0.8430191584737916, 2.118144528015165, 1] 0.05097990782798
[1, 2, 1.2965418801357642, 0.33248438664175683, 1] 0.0571315813077
[1, 2, -0.02764067725345276, 3.405351072050652, 1] 1e+100
[1, 2, 2.528059779123083, 0.3375409701633625, 1] 1e+100
[1, 2, 4.363889257702009, 1.4683418387691431, 1] 1e+100
[1, 2, 0.6353858599520592, 4.6053627000434325, 1] 1e+100
[1, 2, 0.03078395487503105, -0.8208301095607038, 1] 0.06339552036137
[1, 2, -0.7534645014657364, 2.1295549523911026, 1] 0.0772765238898
[1, 2, 4.068665970492399, 1.7073786169763259, 1] 1e+100
[1, 2, -0.12124778368973654, 0.5220159843950398, 1] 0.0519946870717
[1, 2, 1.6684959380954312, -0.43573474694001746, 1] 0.05347589573762
[1, 2, 2.6936122555700326, 2.6585272754869917, 1] 1e+100
[1, 2, 0.7021864484846618, 4.798290163723256, 1] 1e+100
[1, 2, 0.02336276747100796, 2.451117976177808, 1] 0.07564359259085
[1, 2, 0.5804446560927141, 1.8937256654480086, 1] 0.04711220726126
[1, 2, -0.8506509990892834, 1.3470923233465886, 1] 0.02906400222651
[1, 2, 2.347133343520992, 3.1039943493589437, 1] 1e+100
[1, 2, 0.007627311134632109, 4.722328545757408, 1] 1e+100
[1, 2, -0.5360234436552835, 2.7082168815752965, 1] 0.15058354668637
[1, 2, 0.8938186609821921, 1.0801518232560672, 1] 0.0531443304998
[1, 2, -0.2286520865997217, 0.85996610638052, 1] 0.04280164188295
[1, 2, -0.2136931676449696, 3.8119702376258733, 1] 1e+100
[1, 2, -0.9999752420340566, -0.30801730721911014, 1] 0.05697202933542
[1, 2, 3.7174173917336297, 3.630854107947533, 1] 1e+100
[1, 2, -0.6253735227660826, 0.26418402589980006, 1] 0.04856826611871
[1, 2, 3.3059198046821123, 1.045796690104634, 1] 1e+100
[1, 2, 1.8496305537249365, 3.53338316157856, 1] 1e+100
[1, 2, 2.911331202267755, -0.17726011324855095, 1] 1e+100
[1, 2, 1.5779835694235027, 2.330500968897409, 1] 0.05555369882161
[1, 2, 0.4101109327880754, 2.3433661396676317, 1] 0.05947341909825
[1, 2, 0.549350070337211, -0.7617771113129692, 1] 0.05599450811576
[1, 2, 1.1739033877610776, 3.0460763572143996, 1] 0.08677358006478
[1, 2, 3.0940443083536904, 4.593592012906751, 1] 1e+100
[1, 2, 0.4972789860556597, 0.15171616058864368, 1] 0.06080589436963
[1, 2, 3.661419739886149, 4.449002087305175, 1] 1e+100
[1, 2, 2.1900372944597035, 3.0108418712478784, 1] 0.06931973312242
[1, 2, 4.576469827036627, 2.072189949006504, 1] 1e+100
[1, 2, 1.046029610197551, 0.9982192840955795, 1] 0.05458069880802
[1, 2, 3.9865733570177895, 3.7912598428787616, 1] 1e+100
[1, 2, 2.048521005513698, 4.176608322342032, 1] 1e+100
[1, 2, -0.8415770494506318, 1.3876492769871147, 1] 0.030021709521
[1, 2, 0.5092420148188164, 1.2756728423877028, 1] 0.04781136137623
[1, 2, 4.8798025245377294, 4.2009277128628995, 1] 1e+100
[1, 2, 4.178525399278684, -0.12554967431072583, 1] 1e+100
[1, 2, 3.050855637455176, -0.6907510873712768, 1] 1e+100
[1, 2, 3.8962381675564357, 0.632981155226569, 1] 1e+100
[1, 2, 4.350871026196862, 1.255532017339763, 1] 1e+100
[1, 2, 4.073692767068493, 1.0137877647197575, 1] 1e+100
[1, 2, 0.4858388862609988, 3.9935735643078187, 1] 1e+100
[1, 2, 1.3481816043942598, 4.748329969073994, 1] 1e+100
[1, 2, 1.5061400010173736, 1.4378151604781326, 1] 0.05383888712837
[1, 2, -0.3280640528745977, 4.905513483683212, 1] 1e+100
[1, 2, 4.748926479587859, 2.6463415066829388, 1] 1e+100
[1, 2, 4.971091350286935, 3.539070539433669, 1] 1e+100
[1, 2, 0.1292701485675456, 4.990514749416073, 1] 1e+100
[1, 2, 1.9468518480429915, 3.947712454651162, 1] 1e+100
[1, 2, -0.9395083795591639, 4.312701046699619, 1] 1e+100
[1, 2, 2.0560130515553063, 4.920279076058163, 1] 1e+100
[1, 2, 1.9099964990792673, 2.457505308749429, 1] 0.05790353471135
[1, 2, -0.7948787237481503, 4.782687890156991, 1] 1e+100
[1, 2, 3.3265159975234573, 4.652445016906958, 1] 1e+100
[1, 2, 3.3732017374443766, 1.1071008915992562, 1] 1e+100
[1, 2, 1.060445698980205, 2.148394221245474, 1] 0.05197085300607
[1, 2, 3.7591342975716113, 3.707158574162335, 1] 1e+100
[1, 2, 4.952753157419206, 0.6949020613487029, 1] 1e+100
[1, 2, 3.532381770285646, -0.8704981847727031, 1] 1e+100
[1, 2, -0.43296264898514214, 3.1486415973991564, 1] 0.2425486012779
[1, 2, 1.1947375767702382, -0.34308408744811625, 1] 0.05445671066996
[1, 2, 4.624622741961653, 0.6229509212117024, 1] 1e+100
[1, 2, 0.4453324803704539, -0.6361310931786672, 1] 0.05919821330482
[1, 2, -0.10988503556065576, 2.831640380871228, 1] 0.13082736932462
[1, 2, -0.4463784651133884, 3.581339235416446, 1] 1e+100
[1, 2, 3.5503574876226693, -0.1924840004820032, 1] 1e+100
[1, 2, -0.1763943708911564, -0.657961802167873, 1] 0.06750318578127
[1, 2, 3.9001279656837475, 2.9086128741753434, 1] 1e+100
[1, 2, 0.6149278897416315, -0.8424478932097121, 1] 0.05385122755941
[1, 2, 2.8742651801453034, 4.981159198952872, 1] 1e+100
[1, 2, 4.354464935662325, 3.1331396336355155, 1] 1e+100
[1, 2, -0.896885824822419, 2.218899766384249, 1] 0.09883196565021
[1, 2, 0.6023539139515859, 2.7884511063819954, 1] 0.08446653661813
[1, 2, 2.1067971849359317, 2.3440647062369506, 1] 0.05748837028769
[1, 2, 2.006460843808829, 1.7133788296737196, 1] 0.05568871070006
[1, 2, 3.7879725560020328, 3.136183429847268, 1] 1e+100
[1, 2, -0.2188611960902247, 0.23889751522088631, 1] 0.05679856781211
[1, 2, 1.23162594481333, 4.473409943885616, 1] 1e+100
[1, 2, 3.8418782319103135, 0.24958997659188076, 1] 1e+100
[1, 2, 1.2940778187447433, -0.08464794189710778, 1] 0.05573588168023
[1, 2, 1.2952164168879068, 2.445094709871425, 1] 0.05737080330076
[1, 2, 0.02919854169412517, 2.036660923501743, 1] 0.04972127551551
[1, 2, 3.621219343934059, 0.7680689721140859, 1] 1e+100
[1, 2, 3.936905950692637, 4.766428624040887, 1] 1e+100
[1, 2, 4.713903667408548, -0.8741440610120641, 1] 1e+100
[1, 2, 1.9233659925038014, 2.462287648358748, 1] 0.05799524879066
[1, 2, 1.5615026612456089, 2.71068137307629, 1] 0.06352998279402
[1, 2, 2.095786861530016, 4.350574478678275, 1] 1e+100
[1, 2, 2.2077256267384984, 0.5700844463315244, 1] 1e+100
[1, 2, 4.708871724840773, 3.982357817503975, 1] 1e+100
[1, 2, -0.8800978437284745, -0.01788190690614644, 1] 0.05067488060231
[1, 2, 0.40790107894895433, 3.441040920616926, 1] 1e+100
[1, 2, -0.05987637579829874, 2.0651552767842425, 1] 0.05172399885813
[1, 2, 3.3591025158400534, -0.45841712839434856, 1] 1e+100
[1, 2, 4.499191040020973, 4.443249026179465, 1] 1e+100
[1, 2, 0.06209127796871505, 1.1337643180846464, 1] 0.04349429375656
[1, 2, 0.15268297530671981, -0.6268931229547159, 1] 0.06354738560449
[1, 2, 2.0132939532554914, 3.0896911730343737, 1] 0.07349504529295
[1, 2, 4.228079429312313, -0.10395148634798845, 1] 1e+100
[1, 2, 4.196908165061743, 4.320958360834418, 1] 1e+100
[1, 2, 4.441906847451419, 3.5346985265335213, 1] 1e+100
[1, 2, -0.6958675258715106, 4.026120145599782, 1] 1e+100
[1, 2, 0.9573650581225601, -0.03277118274667834, 1] 0.05809208311852
[1, 2, 4.6604722107387, 1.1237650260299432, 1] 1e+100
[1, 2, -0.3879411524878955, -0.8544954405572127, 1] 0.06917293537287
[1, 2, 2.182143957388032, 4.785386731365408, 1] 1e+100
[1, 2, 2.121343907520304, 3.320964861662052, 1] 1e+100
[1, 2, -0.9236757008984755, -0.43471250143849405, 1] 0.06233605807659
[1, 2, 3.8424077258922367, 0.3941621752934621, 1] 1e+100
[1, 2, 3.0850288903778846, -0.6659299352410415, 1] 1e+100
[1, 2, 0.9136221930270079, 2.065726931941022, 1] 0.05048532632735
[1, 2, 1.7478613707266684, 0.8255055738825117, 1] 0.05669839849228
[1, 2, 3.602544802767322, 3.3843826882245764, 1] 1e+100
[1, 2, 4.762768284566159, 4.87947583246149, 1] 1e+100
[1, 2, 3.0003580585010337, 0.3305245930816818, 1] 1e+100
[1, 2, -0.10674306068723705, 1.8676320111874873, 1] 0.04436538899538
[1, 2, 1.4244121168950867, 1.0933600552321927, 1] 0.05518582646556
[1, 2, 1.4138219422550082, -0.42540164335107855, 1] 0.05309915859716
[1, 2, 4.281637614135467, 2.2132964312642587, 1] 1e+100
[1, 2, 2.615860016656735, 4.938853734869977, 1] 1e+100
[1, 2, 0.7527494554471836, 1.621902830867207, 1] 0.0478139496626
[1, 2, 2.262662237565973, 4.341147729117054, 1] 1e+100
[1, 2, -0.8462150653677236, 0.33485077725633516, 1] 0.04062525539571
[1, 2, 0.5907274697397662, 2.418161577434356, 1] 0.06076446497643
[1, 2, 1.0327794068933898, 1.7958237704556863, 1] 0.04973591069427
[1, 2, 3.086975242305674, -0.17825917241289413, 1] 1e+100
[1, 2, 1.5143342556726753, 2.083045051918576, 1] 0.05323189318145
[1, 2, 0.7629605696396082, 4.846161854815462, 1] 1e+100
[1, 2, 2.728977153029395, 2.7448408883348883, 1] 1e+100
[1, 2, 0.5788100864550312, -0.42169864980108107, 1] 0.05955271522056
[1, 2, 1.0657333619321738, -0.033618110463399464, 1] 0.05732225865915
[1, 2, 0.667542416688226, 3.651981351853916, 1] 1e+100
[1, 2, 1.8358686139118126, 2.19241198747857, 1] 0.05529539966792
[1, 2, 2.3708211249818394, 4.4621141572297995, 1] 1e+100
[1, 2, 3.591431738109857, 3.281137452437749, 1] 1e+100
[1, 2, 0.7673775600983437, 2.699813573069286, 1] 0.07321409559767
[1, 2, 2.9130282098796383, 1.5233126544359106, 1] 1e+100
[1, 2, -0.6273346718561805, 3.631061610181222, 1] 1e+100
[1, 2, 3.906236469398099, 2.163259707873527, 1] 1e+100
[1, 2, -0.4942168694957987, -0.565569201538241, 1] 0.06882295083249
[1, 2, 4.456641739821683, 4.834013302867707, 1] 1e+100
[1, 2, 0.6281707885783396, 0.3086476873498527, 1] 0.05948048911776
[1, 2, 4.481295899715052, 1.9707542260226392, 1] 1e+100
[1, 2, 2.010712938762489, 0.6123063630021242, 1] 1e+100
[1, 2, 1.5318203354976534, 2.5400773014040796, 1] 0.05910448020572
[1, 2, 3.420701665171455, 2.770188843290968, 1] 1e+100
[1, 2, 4.264717243780858, 0.1211899023166596, 1] 1e+100
[1, 2, 4.575863273987839, 0.3883828492704231, 1] 1e+100
[1, 2, 4.369558912077687, -0.08203158095435215, 1] 1e+100
[1, 2, 3.6395185006110884, 3.617934599705543, 1] 1e+100
[1, 2, 0.043475285643524986, -0.9025870090388, 1] 0.06199881495011
[1, 2, 1.7229675257909554, -0.174281784762093, 1] 0.05472594334588
[1, 2, 2.060831639187815, 1.2427479195985391, 1] 1e+100
[1, 2, 0.34647828019831906, -0.8646822539107255, 1] 0.05740793968525
[1, 2, 0.3581113034563632, 0.117742255078511, 1] 0.06142640165146
[1, 2, 1.871680660206164, 4.100282243321623, 1] 1e+100
[1, 2, 1.4014898582652924, 3.859559445679114, 1] 1e+100
[1, 2, 0.9720358463831191, 4.109956653233303, 1] 1e+100
[1, 2, 1.7622952452863343, -0.21824320839305433, 1] 0.05468158451461
[1, 2, 0.1517972254602964, 4.865775849107252, 1] 1e+100
[1, 2, 0.08357614730591201, 0.059805061556115424, 1] 0.06210769679303
[1, 2, 2.4364878990650416, 2.7254068957287565, 1] 1e+100
[1, 2, -0.5161197982647976, 4.659509181084132, 1] 1e+100
[1, 2, 3.709697653040692, 2.3554699182707193, 1] 1e+100
[1, 2, 3.0175423451040793, 0.04038610689666755, 1] 1e+100
[1, 2, 2.657139625967233, 3.959234724430166, 1] 1e+100
[1, 2, 2.651332557436823, -0.31536758219276884, 1] 1e+100
[1, 2, 1.3497994527571535, 2.0937108432552987, 1] 0.05253753817891
[1, 2, 2.414849932026409, -0.008887511368231849, 1] 1e+100
[1, 2, 1.4281399911367458, 4.803916250666288, 1] 1e+100
[1, 2, 3.6662251052098886, 3.855011905044048, 1] 1e+100
[1, 2, -0.05072227708894217, 2.7131060760647308, 1] 0.10851048036033
[1, 2, 3.2750266904626013, 0.5234114437182344, 1] 1e+100
[1, 2, -0.9195975673724521, 3.1148652035338618, 1] 0.335049764994973
[1, 2, 0.12732258671532448, 3.724643052983998, 1] 1e+100
[1, 2, 0.3573247398316064, 2.9027484173141946, 1] 0.10749582476049
[1, 2, 2.7770557614928357, 2.924809410150723, 1] 1e+100
[1, 2, 2.3797030527130127, 3.216902562624881, 1] 1e+100
[1, 2, 0.8457959260012022, -0.4290396385702411, 1] 0.05645718560873
[1, 2, 2.0109663667607975, 3.841896621995276, 1] 1e+100
[1, 2, 3.108881673792741, 2.325478986185791, 1] 1e+100
[1, 2, -0.742579895882814, 1.5168005425377995, 1] 0.03383703507089
[1, 2, 2.7859646850450983, 1.7046347006135854, 1] 1e+100
[1, 2, 4.915902649645444, 0.41622746820146395, 1] 1e+100
[1, 2, 2.2295349733741454, 0.959469947776092, 1] 1e+100
[1, 2, -0.49788843793815407, 2.976279675990018, 1] 0.206600614270664
[1, 2, 4.481092598289363, -0.08904765336503173, 1] 1e+100
[1, 2, 1.306968820267092, 4.666466116542649, 1] 1e+100
[1, 2, 2.9531749088347627, 1.6979425817112697, 1] 1e+100
[1, 2, 2.317182624539163, 3.4156671037352586, 1] 1e+100
[1, 2, 3.8237452312645335, 2.9236510343532984, 1] 1e+100
[1, 2, 1.3165743076974499, 3.3223193266874667, 1] 1e+100
[1, 2, 1.4187844883094227, 0.4977587046949614, 1] 0.0569032714082
[1, 2, 4.6707603744556145, 2.783059070090519, 1] 1e+100
[1, 2, 1.6482659851622072, 3.1734701638574547, 1] 1e+100
[1, 2, 1.935756937556004, 4.979216408554358, 1] 1e+100
[1, 2, 1.3294424621654333, 1.1649530134433377, 1] 0.05448244211449
