[1, 2, 0, 0, 10.961360690102396] 1e+100
[1, 2, 0, 0, 15.062437405210837] 1e+100
[1, 2, 0, 0, 7.609483737889338] 1e+100
[1, 2, 0, 0, 15.592501970542308] 1e+100
[1, 2, 0, 0, 18.591186231844155] 1e+100
[1, 2, 0, 0, 15.217697283584297] 1e+100
[1, 2, 0, 0, 10.88199817135459] 1e+100
[1, 2, 0, 0, 14.249189888731042] 1e+100
[1, 2, 0, 0, 17.62971236736963] 1e+100
[1, 2, 0, 0, 18.586289101079586] 1e+100
[1, 2, 0, 0, 7.064586144262619] 1e+100
[1, 2, 0, 0, 19.95012497293362] 1e+100
[1, 2, 0, 0, 3.0236067576576953] 1e+100
[1, 2, 0, 0, 16.50657564657464] 1e+100
[1, 2, 0, 0, 15.21434195003399] 1e+100
[1, 2, 0, 0, 9.884424043729714] 1e+100
[1, 2, 0, 0, 14.721562678477213] 1e+100
[1, 2, 0, 0, 1.567439090882854] 0.03300434345458
[1, 2, 0, 0, 6.769748591710682] 1e+100
[1, 2, 0, 0, 1.1061822204409633] 0.04450172671709
[1, 2, 0, 0, 13.70890044268777] 1e+100
[1, 2, 0, 0, 2.415534371224104] 0.15578308213945
[1, 2, 0, 0, 6.1675504712004425] 1e+100
[1, 2, 0, 0, 19.77885350745481] 1e+100
[1, 2, 0, 0, 9.334960516448586] 1e+100
[1, 2, 0, 0, 15.754600090426557] 1e+100
[1, 2, 0, 0, 6.716518188956511] 1e+100
[1, 2, 0, 0, 10.094081542634243] 1e+100
[1, 2, 0, 0, 0.531871608876886] 0.09646637963974
[1, 2, 0, 0, 17.04846882093564] 1e+100
[1, 2, 0, 0, 7.342699275288817] 1e+100
[1, 2, 0, 0, 14.28796278518272] 1e+100
[1, 2, 0, 0, 10.957467492030432] 1e+100
[1, 2, 0, 0, 11.681099632811948] 1e+100
[1, 2, 0, 0, 6.792681428043419] 1e+100
[1, 2, 0, 0, 5.2111176725334385] 1e+100
[1, 2, 0, 0, 19.628840324513025] 1e+100
[1, 2, 0, 0, 18.47870153358158] 1e+100
[1, 2, 0, 0, 11.860077792118398] 1e+100
[1, 2, 0, 0, 6.830954297841685] 1e+100
[1, 2, 0, 0, 10.198250511099541] 1e+100
[1, 2, 0, 0, 10.178572614989667] 1e+100
[1, 2, 0, 0, 9.887495404799369] 1e+100
[1, 2, 0, 0, 0.674838621096252] 1e+100
[1, 2, 0, 0, 16.096598727886388] 1e+100
[1, 2, 0, 0, 0.8368863184160902] 1e+100
[1, 2, 0, 0, 17.314183352322758] 1e+100
[1, 2, 0, 0, 15.207046164161095] 1e+100
[1, 2, 0, 0, 12.864205236354874] 1e+100
[1, 2, 0, 0, 17.567206837420198] 1e+100
[1, 2, 0, 0, 10.748678125420394] 1e+100
[1, 2, 0, 0, 0.3148966042326107] 1e+100
[1, 2, 0, 0, 12.595063143858054] 1e+100
[1, 2, 0, 0, 15.757090451930157] 1e+100
[1, 2, 0, 0, 7.279599637342605] 1e+100
[1, 2, 0, 0, 18.43296805214908] 1e+100
[1, 2, 0, 0, 13.738524505115237] 1e+100
[1, 2, 0, 0, 18.284549458647547] 1e+100
[1, 2, 0, 0, 8.455681800956324] 1e+100
[1, 2, 0, 0, 7.22159158450814] 1e+100
[1, 2, 0, 0, 19.678538536099307] 1e+100
[1, 2, 0, 0, 16.715729712052003] 1e+100
[1, 2, 0, 0, 17.395722949174605] 1e+100
[1, 2, 0, 0, 16.274098610244867] 1e+100
[1, 2, 0, 0, 18.220018892925715] 1e+100
[1, 2, 0, 0, 19.696116851348556] 1e+100
[1, 2, 0, 0, 4.323801604966335] 1e+100
[1, 2, 0, 0, 2.946928603586725] 1e+100
[1, 2, 0, 0, 15.518837514464627] 1e+100
[1, 2, 0, 0, 11.686933339015106] 1e+100
[1, 2, 0, 0, 8.958497950823606] 1e+100
[1, 2, 0, 0, 0.2475436388554697] 1e+100
[1, 2, 0, 0, 1.7321292804443944] 0.05896397563842
[1, 2, 0, 0, 11.943478732849318] 1e+100
[1, 2, 0, 0, 3.1511055952905664] 0.24049248255607
[1, 2, 0, 0, 9.601000491817715] 1e+100
[1, 2, 0, 0, 17.33092235002086] 1e+100
[1, 2, 0, 0, 13.763329290017122] 1e+100
[1, 2, 0, 0, 0.39536427056867884] 0.05419612756724
[1, 2, 0, 0, 9.030377419466761] 1e+100
[1, 2, 0, 0, 12.843669647589543] 1e+100
[1, 2, 0, 0, 1.4349587223840854] 0.01144298690065
[1, 2, 0, 0, 19.974843738312988] 1e+100
[1, 2, 0, 0, 18.227244978139694] 1e+100
[1, 2, 0, 0, 8.310684954279505] 1e+100
[1, 2, 0, 0, 11.526406523271788] 1e+100
[1, 2, 0, 0, 8.792876838233068] 1e+100
[1, 2, 0, 0, 13.890813944768738] 1e+100
[1, 2, 0, 0, 8.707641381266562] 1e+100
[1, 2, 0, 0, 1.7186240415810938] 0.05686943404345
[1, 2, 0, 0, 1.3570273647138964] 0.00153930669566
[1, 2, 0, 0, 18.54102910852377] 1e+100
[1, 2, 0, 0, 14.247389462375539] 1e+100
[1, 2, 0, 0, 5.862474202875399] 1e+100
[1, 2, 0, 0, 10.33955492126468] 1e+100
[1, 2, 0, 0, 14.220085700593081] 1e+100
[1, 2, 0, 0, 19.00576218778365] 1e+100
[1, 2, 0, 0, 2.285663223519585] 1e+100
[1, 2, 0, 0, 8.893865732778625] 1e+100
[1, 2, 0, 0, 17.5496687981286] 1e+100
[1, 2, 0, 0, 10.376688296494617] 1e+100
[1, 2, 0, 0, 9.76800781754803] 1e+100
[1, 2, 0, 0, 8.477375039180277] 1e+100
[1, 2, 0, 0, 7.370078878727419] 1e+100
[1, 2, 0, 0, 10.049556955373173] 1e+100
[1, 2, 0, 0, 6.53887962008417] 1e+100
[1, 2, 0, 0, 3.8442358357344575] 1e+100
[1, 2, 0, 0, 7.956963211949386] 1e+100
[1, 2, 0, 0, 9.076225612774483] 1e+100
[1, 2, 0, 0, 1.3360662668370638] 0.00506858704199
[1, 2, 0, 0, 14.905536765046696] 1e+100
[1, 2, 0, 0, 4.77189265525642] 1e+100
[1, 2, 0, 0, 2.425379504778069] 1e+100
[1, 2, 0, 0, 14.042775351200468] 1e+100
[1, 2, 0, 0, 0.07584508987348526] 1e+100
[1, 2, 0, 0, 14.239181001519462] 1e+100
[1, 2, 0, 0, 2.819724696569621] 1e+100
[1, 2, 0, 0, 2.2446636435679723] 1e+100
[1, 2, 0, 0, 4.737739952413394] 1e+100
[1, 2, 0, 0, 16.1177611369568] 1e+100
[1, 2, 0, 0, 2.2764361566374847] 1e+100
[1, 2, 0, 0, 13.011475845677854] 1e+100
[1, 2, 0, 0, 16.675287732960246] 1e+100
[1, 2, 0, 0, 17.447648551883663] 1e+100
[1, 2, 0, 0, 8.140034646438641] 1e+100
[1, 2, 0, 0, 5.702521339908067] 1e+100
[1, 2, 0, 0, 18.007600288643815] 1e+100
[1, 2, 0, 0, 7.427830739892871] 1e+100
[1, 2, 0, 0, 9.504343047555635] 1e+100
[1, 2, 0, 0, 19.68203946550841] 1e+100
[1, 2, 0, 0, 15.662268045817589] 1e+100
[1, 2, 0, 0, 4.307641220741889] 0.34160418709599
[1, 2, 0, 0, 18.202240304672166] 1e+100
[1, 2, 0, 0, 18.70009743899457] 1e+100
[1, 2, 0, 0, 7.801975413585032] 1e+100
[1, 2, 0, 0, 18.699138751127755] 1e+100
[1, 2, 0, 0, 6.717027219802219] 1e+100
[1, 2, 0, 0, 2.4443525260822185] 0.15944495724531
[1, 2, 0, 0, 13.016467490509143] 1e+100
[1, 2, 0, 0, 10.222678594276026] 1e+100
[1, 2, 0, 0, 9.076353759656019] 1e+100
[1, 2, 0, 0, 1.781047986981037] 1e+100
[1, 2, 0, 0, 19.15881513219816] 1e+100
[1, 2, 0, 0, 3.611393372364584] 0.28568322661285
[1, 2, 0, 0, 7.290303211380285] 1e+100
[1, 2, 0, 0, 14.655553792407607] 1e+100
[1, 2, 0, 0, 11.052738451769216] 1e+100
[1, 2, 0, 0, 19.203517129183815] 1e+100
[1, 2, 0, 0, 0.9300715683108396] 0.07440466811576
[1, 2, 0, 0, 5.622652062582634] 1e+100
[1, 2, 0, 0, 1.6296578728678157] 0.04291878425363
[1, 2, 0, 0, 9.071903950106506] 1e+100
[1, 2, 0, 0, 19.786663710920035] 1e+100
[1, 2, 0, 0, 3.0106623652673514] 0.22556593837081
[1, 2, 0, 0, 5.799968098819683] 1e+100
[1, 2, 0, 0, 14.571432309177371] 1e+100
[1, 2, 0, 0, 6.814652419968674] 1e+100
[1, 2, 0, 0, 6.361099369216825] 1e+100
[1, 2, 0, 0, 6.978483492422773] 1e+100
[1, 2, 0, 0, 17.886392845816783] 1e+100
[1, 2, 0, 0, 11.60544435181561] 1e+100
[1, 2, 0, 0, 2.9929726050003147] 0.22364811546754
[1, 2, 0, 0, 18.1710731024166] 1e+100
[1, 2, 0, 0, 7.893438987402684] 1e+100
[1, 2, 0, 0, 2.1497734324117745] 0.12040768956232
[1, 2, 0, 0, 13.600802216827963] 1e+100
[1, 2, 0, 0, 14.30911017899281] 1e+100
[1, 2, 0, 0, 1.4564346460148148] 0.01498129029992
[1, 2, 0, 0, 6.681814069559728] 1e+100
[1, 2, 0, 0, 17.36761292793168] 1e+100
[1, 2, 0, 0, 18.845299110390087] 1e+100
[1, 2, 0, 0, 9.392965627189982] 1e+100
[1, 2, 0, 0, 9.231285227450607] 1e+100
[1, 2, 0, 0, 1.3962494608280518] 0.00502239260926
[1, 2, 0, 0, 15.558958117309306] 1e+100
[1, 2, 0, 0, 15.572126155494159] 1e+100
[1, 2, 0, 0, 8.420361132049376] 1e+100
[1, 2, 0, 0, 4.5788896573687925] 1e+100
[1, 2, 0, 0, 1.1429724231083593] 0.03814755417887
[1, 2, 0, 0, 1.462256487885245] 0.01593755713404
[1, 2, 0, 0, 15.121966841079077] 1e+100
[1, 2, 0, 0, 17.639710697064604] 1e+100
[1, 2, 0, 0, 5.655184680758345] 1e+100
[1, 2, 0, 0, 1.7152928743545903] 0.0563518539357
[1, 2, 0, 0, 2.730956034308447] 0.19419606931182
[1, 2, 0, 0, 1.7546132864532726] 0.06243732776519
[1, 2, 0, 0, 16.097131959403008] 1e+100
[1, 2, 0, 0, 0.7015669366383936] 0.1058906670813
[1, 2, 0, 0, 13.194879585976395] 1e+100
[1, 2, 0, 0, 16.267971262551452] 1e+100
[1, 2, 0, 0, 13.027116023075129] 1e+100
[1, 2, 0, 0, 8.332284333208682] 1e+100
[1, 2, 0, 0, 2.7600812427987975] 0.19757131976197
[1, 2, 0, 0, 4.698017870127336] 1e+100
[1, 2, 0, 0, 17.753569492320544] 1e+100
[1, 2, 0, 0, 6.846670076876413] 1e+100
[1, 2, 0, 0, 3.205467158902051] 0.24612908103863
[1, 2, 0, 0, 8.51372632300805] 1e+100
[1, 2, 0, 0, 6.90294146905684] 1e+100
[1, 2, 0, 0, 14.111771575164783] 1e+100
[1, 2, 0, 0, 17.98345244074668] 1e+100
[1, 2, 0, 0, 1.1655385097416149] 0.03424925617788
[1, 2, 0, 0, 0.6635275973909915] 0.10813202309101
[1, 2, 0, 0, 18.48638460949442] 1e+100
[1, 2, 0, 0, 14.09648017775407] 1e+100
[1, 2, 0, 0, 5.731276507561242] 1e+100
[1, 2, 0, 0, 8.359206715486724] 1e+100
[1, 2, 0, 0, 18.382510285947973] 1e+100
[1, 2, 0, 0, 18.310130755638397] 1e+100
[1, 2, 0, 0, 18.739716239161137] 1e+100
[1, 2, 0, 0, 15.582313145637993] 1e+100
[1, 2, 0, 0, 8.742936744308427] 1e+100
[1, 2, 0, 0, 2.9913299310695107] 0.22346959140883
[1, 2, 0, 0, 18.905679942744747] 1e+100
[1, 2, 0, 0, 19.62937376001014] 1e+100
[1, 2, 0, 0, 8.521977144604788] 1e+100
[1, 2, 0, 0, 11.905104232646549] 1e+100
[1, 2, 0, 0, 0.4613066912636721] 0.07503117100121
[1, 2, 0, 0, 6.890897479081861] 1e+100
[1, 2, 0, 0, 2.3003873168557964] 0.14081802044689
[1, 2, 0, 0, 13.934718377904996] 1e+100
[1, 2, 0, 0, 0.7655862839483918] 0.09916163703124
[1, 2, 0, 0, 3.5554117410576302] 0.28050435682924
[1, 2, 0, 0, 6.594735336210751] 1e+100
[1, 2, 0, 0, 12.040333552812934] 1e+100
[1, 2, 0, 0, 7.233608921445295] 1e+100
[1, 2, 0, 0, 9.120788420665455] 1e+100
[1, 2, 0, 0, 11.848850743918577] 1e+100
[1, 2, 0, 0, 19.165289805738976] 1e+100
[1, 2, 0, 0, 19.866960376618163] 1e+100
[1, 2, 0, 0, 10.725588980403478] 1e+100
[1, 2, 0, 0, 1.8853186576596692] 0.08227765126466
[1, 2, 0, 0, 10.18635568778097] 1e+100
[1, 2, 0, 0, 4.804547067609597] 1e+100
[1, 2, 0, 0, 7.466626874938482] 1e+100
[1, 2, 0, 0, 15.259092569709598] 1e+100
[1, 2, 0, 0, 5.655402924631058] 1e+100
[1, 2, 0, 0, 10.042684197869164] 1e+100
[1, 2, 0, 0, 3.648141576899715] 0.28903223051187
[1, 2, 0, 0, 17.787310962432837] 1e+100
[1, 2, 0, 0, 13.262105648683274] 1e+100
[1, 2, 0, 0, 12.947191902419204] 1e+100
[1, 2, 0, 0, 18.295689263527603] 1e+100
[1, 2, 0, 0, 10.289852912217414] 1e+100
[1, 2, 0, 0, 0.7189290977686591] 0.10436800279377
[1, 2, 0, 0, 18.040249988330707] 1e+100
[1, 2, 0, 0, 4.682304954763968] 1e+100
[1, 2, 0, 0, 0.6025054872831626] 0.10728331394879
[1, 2, 0, 0, 10.901881074922768] 1e+100
[1, 2, 0, 0, 16.0143807959656] 1e+100
[1, 2, 0, 0, 17.061724024369486] 1e+100
[1, 2, 0, 0, 1.4997768512396359] 0.02207082137542
[1, 2, 0, 0, 8.008619978102782] 1e+100
[1, 2, 0, 0, 0.5794193277247217] 0.10505204215103
[1, 2, 0, 0, 15.821404275009279] 1e+100
[1, 2, 0, 0, 1.3954412895112855] 0.00488775474826
[1, 2, 0, 0, 0.5551655230711439] 0.10136202253127
[1, 2, 0, 0, 10.977569343343394] 1e+100
[1, 2, 0, 0, 18.623350171511] 1e+100
[1, 2, 0, 0, 12.01338623905308] 1e+100
[1, 2, 0, 0, 5.406010511451711] 1e+100
[1, 2, 0, 0, 17.12972701627132] 1e+100
[1, 2, 0, 0, 14.719770922827271] 1e+100
[1, 2, 0, 0, 4.232197617350577] 0.33635945967473
[1, 2, 0, 0, 16.756988179319418] 1e+100
[1, 2, 0, 0, 12.43441819904277] 1e+100
[1, 2, 0, 0, 13.177274983936176] 1e+100
[1, 2, 0, 0, 9.349797520085872] 1e+100
[1, 2, 0, 0, 14.744920744167946] 1e+100
[1, 2, 0, 0, 15.725154758475679] 1e+100
[1, 2, 0, 0, 7.442302254459829] 1e+100
[1, 2, 0, 0, 12.588253771518627] 1e+100
[1, 2, 0, 0, 4.291543610270465] 0.34050249166962
[1, 2, 0, 0, 3.860194905842962] 0.30753820940612
[1, 2, 0, 0, 11.361128138940622] 1e+100
[1, 2, 0, 0, 19.134138568733228] 1e+100
[1, 2, 0, 0, 17.391663441453712] 1e+100
[1, 2, 0, 0, 8.845596930820598] 1e+100
[1, 2, 0, 0, 17.63250908559787] 1e+100
[1, 2, 0, 0, 7.876624832654226] 1e+100
[1, 2, 0, 0, 17.85391549104934] 1e+100
[1, 2, 0, 0, 14.372555911466375] 1e+100
[1, 2, 0, 0, 11.79202202831509] 1e+100
[1, 2, 0, 0, 15.555624455912602] 1e+100
[1, 2, 0, 0, 0.9344605576918141] 0.07368079756068
[1, 2, 0, 0, 6.126834901670943] 1e+100
[1, 2, 0, 0, 10.489996381580177] 1e+100
[1, 2, 0, 0, 0.3148728929652522] 0.04610368170347
[1, 2, 0, 0, 8.26235952955902] 1e+100
[1, 2, 0, 0, 3.1463544609700045] 0.23999612750897
[1, 2, 0, 0, 15.496931626833014] 1e+100
[1, 2, 0, 0, 17.5065171524161] 1e+100
[1, 2, 0, 0, 6.567239948868677] 1e+100
[1, 2, 0, 0, 15.657971651070014] 1e+100
[1, 2, 0, 0, 8.312378926627495] 1e+100
[1, 2, 0, 0, 9.54432045909426] 1e+100
[1, 2, 0, 0, 9.298140444734555] 1e+100
[1, 2, 0, 0, 12.236247743084581] 1e+100
[1, 2, 0, 0, 7.072141563313876] 1e+100
[1, 2, 0, 0, 14.756135313294187] 1e+100
[1, 2, 0, 0, 14.033955416223375] 1e+100
[1, 2, 0, 0, 1.9311082010850322] 0.08908010974904
[1, 2, 0, 0, 7.067140515530221] 1e+100
[1, 2, 0, 0, 16.848317233571645] 1e+100
[1, 2, 0, 0, 19.586496926509504] 1e+100
[1, 2, 0, 0, 1.8936722135940398] 0.08352458210698
[1, 2, 0, 0, 3.9114717050191694] 0.31179475159789
[1, 2, 0, 0, 11.118770388660222] 1e+100
[1, 2, 0, 0, 5.573678984987569] 1e+100
[1, 2, 0, 0, 0.957157287056214] 0.06991162584841
[1, 2, 0, 0, 6.359086956778352] 1e+100
[1, 2, 0, 0, 12.343793092180572] 1e+100
[1, 2, 0, 0, 17.08081640333404] 1e+100
[1, 2, 0, 0, 5.349871517778739] 1e+100
[1, 2, 0, 0, 7.007712997034245] 1e+100
[1, 2, 0, 0, 19.962242951108536] 1e+100
[1, 2, 0, 0, 2.161634400143242] 0.12204995654848
[1, 2, 0, 0, 16.19701785632955] 1e+100
[1, 2, 0, 0, 9.577376767893831] 1e+100
[1, 2, 0, 0, 5.444351024291649] 1e+100
[1, 2, 0, 0, 1.7268379014718693] 0.0581440640809
[1, 2, 0, 0, 17.18667101642803] 1e+100
[1, 2, 0, 0, 13.158513601757402] 1e+100
[1, 2, 0, 0, 7.989953218598731] 1e+100
[1, 2, 0, 0, 18.13938611689697] 1e+100
[1, 2, 0, 0, 14.778239524510752] 1e+100
[1, 2, 0, 0, 1.0875808590644676] 0.04770984965487
[1, 2, 0, 0, 17.88630467701332] 1e+100
[1, 2, 0, 0, 2.34361290836703] 0.14649954469644
[1, 2, 0, 0, 9.686791872342596] 1e+100
[1, 2, 0, 0, 13.781142712493672] 1e+100
[1, 2, 0, 0, 15.008576223151591] 1e+100
[1, 2, 0, 0, 10.422570406224228] 1e+100
[1, 2, 0, 0, 15.155135866901057] 1e+100
[1, 2, 0, 0, 16.257031881114262] 1e+100
[1, 2, 0, 0, 16.17530253684229] 1e+100
[1, 2, 0, 0, 11.892876178388132] 1e+100
[1, 2, 0, 0, 14.522015373186129] 1e+100
[1, 2, 0, 0, 4.58980861582901] 1e+100
[1, 2, 0, 0, 16.09861731703496] 1e+100
[1, 2, 0, 0, 3.530875249890768] 0.27820544051127
[1, 2, 0, 0, 17.017375878563985] 1e+100
[1, 2, 0, 0, 10.493087027603744] 1e+100
[1, 2, 0, 0, 0.8000659068869642] 0.09456703241716
[1, 2, 0, 0, 14.953155732429465] 1e+100
[1, 2, 0, 0, 17.945129507952927] 1e+100
[1, 2, 0, 0, 4.536935025610658] 0.35626906345185
[1, 2, 0, 0, 7.11716907439288] 1e+100
[1, 2, 0, 0, 10.52416791882758] 1e+100
[1, 2, 0, 0, 6.2288150447838575] 1e+100
[1, 2, 0, 0, 14.623616549931546] 1e+100
[1, 2, 0, 0, 17.02571556317329] 1e+100
[1, 2, 0, 0, 14.04088739809368] 1e+100
[1, 2, 0, 0, 7.621488651109274] 1e+100
[1, 2, 0, 0, 1.9736148798519038] 0.09532229041294
[1, 2, 0, 0, 15.48932068441866] 1e+100
[1, 2, 0, 0, 11.98628609636396] 1e+100
[1, 2, 0, 0, 1.8414228114703968] 0.07568279878507
[1, 2, 0, 0, 1.3311741829242774] 0.0058944787492
[1, 2, 0, 0, 6.685374639807815] 1e+100
[1, 2, 0, 0, 7.043755951481274] 1e+100
[1, 2, 0, 0, 2.317256144691122] 0.14304444982185
[1, 2, 0, 0, 1.403031098355838] 0.0061512375511
[1, 2, 0, 0, 9.054024867042251] 1e+100
[1, 2, 0, 0, 5.445003400969377] 1e+100
[1, 2, 0, 0, 12.971731916129347] 1e+100
[1, 2, 0, 0, 0.6575204553758751] 0.10832038291837
[1, 2, 0, 0, 1.7704459353059998] 0.0648725933079
[1, 2, 0, 0, 6.433895815934463] 1e+100
[1, 2, 0, 0, 14.486203105133766] 1e+100
[1, 2, 0, 0, 1.1375185170835689] 0.03908985189339
[1, 2, 0, 0, 8.054156020406843] 1e+100
[1, 2, 0, 0, 18.561322163766185] 1e+100
[1, 2, 0, 0, 18.948488463550653] 1e+100
[1, 2, 0, 0, 4.609797442095935] 1e+100
[1, 2, 0, 0, 7.468344695465352] 1e+100
[1, 2, 0, 0, 11.9142334825229] 1e+100
[1, 2, 0, 0, 16.078661331169798] 1e+100
[1, 2, 0, 0, 9.02594383777255] 1e+100
[1, 2, 0, 0, 8.866696276035182] 1e+100
[1, 2, 0, 0, 14.231360291140913] 1e+100
[1, 2, 0, 0, 4.256988122237311] 0.33810569406691
[1, 2, 0, 0, 14.663757944394087] 1e+100
[1, 2, 0, 0, 13.969230634182813] 1e+100
[1, 2, 0, 0, 14.961534686967902] 1e+100
[1, 2, 0, 0, 4.5852022614759935] 1e+100
[1, 2, 0, 0, 2.3478507495406387] 0.14705218684067
[1, 2, 0, 0, 6.9195804611627665] 1e+100
[1, 2, 0, 0, 4.17907426010097] 0.33254261704205
[1, 2, 0, 0, 15.81679023014976] 1e+100
[1, 2, 0, 0, 18.781480503895832] 1e+100
[1, 2, 0, 0, 18.36211555845997] 1e+100
[1, 2, 0, 0, 10.779763824709455] 1e+100
[1, 2, 0, 0, 15.629852822877925] 1e+100
[1, 2, 0, 0, 7.845209292970603] 1e+100
[1, 2, 0, 0, 10.862933993889804] 1e+100
[1, 2, 0, 0, 15.252514212946602] 1e+100
[1, 2, 0, 0, 15.1538708109832] 1e+100
[1, 2, 0, 0, 19.902203708721153] 1e+100
[1, 2, 0, 0, 4.7230874554834905] 1e+100
[1, 2, 0, 0, 0.9746977841681259] 0.06697274818628
[1, 2, 0, 0, 1.8254644718134894] 0.07326782362668
[1, 2, 0, 0, 17.076303913861615] 1e+100
[1, 2, 0, 0, 14.378671600793155] 1e+100
[1, 2, 0, 0, 14.562157167046683] 1e+100
[1, 2, 0, 0, 14.946444270066984] 1e+100
[1, 2, 0, 0, 12.605325176455223] 1e+100
[1, 2, 0, 0, 13.013131848595979] 1e+100
[1, 2, 0, 0, 10.33346493447197] 1e+100
[1, 2, 0, 0, 5.353962105141612] 1e+100
[1, 2, 0, 0, 16.35754732624068] 1e+100
[1, 2, 0, 0, 17.005502934439342] 1e+100
[1, 2, 0, 0, 6.961380715312265] 1e+100
[1, 2, 0, 0, 18.741739817383138] 1e+100
[1, 2, 0, 0, 8.528168483573964] 1e+100
[1, 2, 0, 0, 0.4534922451950907] 0.07234158391188
[1, 2, 0, 0, 3.9449079256077257] 0.31452277037072
[1, 2, 0, 0, 0.2006804527301087] 1e+100
[1, 2, 0, 0, 15.445268811788825] 1e+100
[1, 2, 0, 0, 2.7965235594558346] 0.20175730889588
[1, 2, 0, 0, 19.620139802128914] 1e+100
[1, 2, 0, 0, 3.105064824290218] 0.23565731464544
[1, 2, 0, 0, 18.815100753743728] 1e+100
[1, 2, 0, 0, 13.986256298709138] 1e+100
[1, 2, 0, 0, 11.90420949362348] 1e+100
[1, 2, 0, 0, 19.424928890618737] 1e+100
[1, 2, 0, 0, 13.6814055121995] 1e+100
[1, 2, 0, 0, 14.176299378672612] 1e+100
[1, 2, 0, 0, 10.062228014760908] 1e+100
[1, 2, 0, 0, 6.112441632173377] 1e+100
[1, 2, 0, 0, 10.02226560739575] 1e+100
[1, 2, 0, 0, 8.574832959870491] 1e+100
[1, 2, 0, 0, 0.720922599907523] 0.10417657703663
[1, 2, 0, 0, 2.5094012162105783] 0.16759231211641
[1, 2, 0, 0, 7.442642890336932] 1e+100
[1, 2, 0, 0, 8.433558756365212] 1e+100
[1, 2, 0, 0, 0.300623109102498] 0.0480673168134
[1, 2, 0, 0, 6.780941878594538] 1e+100
[1, 2, 0, 0, 13.879581686874612] 1e+100
[1, 2, 0, 0, 16.36205927698268] 1e+100
[1, 2, 0, 0, 18.35750963998078] 1e+100
[1, 2, 0, 0, 3.270132237325154] 0.25273190407717
[1, 2, 0, 0, 14.056757777738946] 1e+100
[1, 2, 0, 0, 2.5574124804663745] 0.17350365679594
[1, 2, 0, 0, 7.055910884784275] 1e+100
[1, 2, 0, 0, 2.7941613523919084] 0.20148720722567
[1, 2, 0, 0, 11.515069907290043] 1e+100
[1, 2, 0, 0, 5.9221929629431465] 1e+100
[1, 2, 0, 0, 15.530498388318417] 1e+100
[1, 2, 0, 0, 14.896685989810479] 1e+100
[1, 2, 0, 0, 17.25576276921715] 1e+100
[1, 2, 0, 0, 0.8010921511902969] 0.09442309005945
[1, 2, 0, 0, 19.651039208606228] 1e+100
[1, 2, 0, 0, 19.322815262786204] 1e+100
[1, 2, 0, 0, 11.67668598094721] 1e+100
[1, 2, 0, 0, 5.3034770548268] 1e+100
[1, 2, 0, 0, 5.783379688481474] 1e+100
[1, 2, 0, 0, 15.753514011733769] 1e+100
[1, 2, 0, 0, 16.411801375326085] 1e+100
[1, 2, 0, 0, 3.755367983399873] 0.29856802314408
[1, 2, 0, 0, 3.0336139408400697] 0.2280415090984
[1, 2, 0, 0, 5.847798254708508] 1e+100
[1, 2, 0, 0, 16.07728549365362] 1e+100
[1, 2, 0, 0, 10.74588500042724] 1e+100
[1, 2, 0, 0, 4.869671981828669] 1e+100
[1, 2, 0, 0, 12.561887119652294] 1e+100
[1, 2, 0, 0, 2.9644780258298797] 0.22054082084192
[1, 2, 0, 0, 13.634825309728916] 1e+100
[1, 2, 0, 0, 18.82179116194655] 1e+100
[1, 2, 0, 0, 16.9239982828803] 1e+100
[1, 2, 0, 0, 18.1202751890147] 1e+100
[1, 2, 0, 0, 0.25437583212388315] 1e+100
[1, 2, 0, 0, 9.844690804384271] 1e+100
[1, 2, 0, 0, 13.376756628701012] 1e+100
[1, 2, 0, 0, 8.189961924831398] 1e+100
[1, 2, 0, 0, 1.1633669278745873] 0.03462430649974
[1, 2, 0, 0, 10.756433290176975] 1e+100
[1, 2, 0, 0, 3.69658367443908] 0.29338434448427
[1, 2, 0, 0, 16.571695300534987] 1e+100
[1, 2, 0, 0, 7.045551006005983] 1e+100
[1, 2, 0, 0, 8.443074386945515] 1e+100
[1, 2, 0, 0, 4.119463738562786] 0.32813887672656
[1, 2, 0, 0, 15.833839776844663] 1e+100
[1, 2, 0, 0, 7.410290564225381] 1e+100
[1, 2, 0, 0, 12.093111254265796] 1e+100
[1, 2, 0, 0, 3.596728745078137] 0.28433550421926
[1, 2, 0, 0, 14.662277663698111] 1e+100
[1, 2, 0, 0, 11.91692966493852] 1e+100
[1, 2, 0, 0, 13.23669246802191] 1e+100
[1, 2, 0, 0, 11.350252270407585] 1e+100
[1, 2, 0, 0, 18.01666734942274] 1e+100
[1, 2, 0, 0, 9.63221117997456] 1e+100
[1, 2, 0, 0, 12.978209931371191] 1e+100
[1, 2, 0, 0, 11.277173650774131] 1e+100
[1, 2, 0, 0, 2.7034455963052073] 0.1909831398532
[1, 2, 0, 0, 0.8543985693173384] 0.08652868289193
[1, 2, 0, 0, 7.0039302993470525] 1e+100
[1, 2, 0, 0, 9.84778762141759] 1e+100
[1, 2, 0, 0, 4.814107814841016] 1e+100
[1, 2, 0, 0, 3.0236361806381717] 0.22696705969026
[1, 2, 0, 0, 5.414333633955232] 1e+100
[1, 2, 0, 0, 3.50587378104122] 1e+100
[1, 2, 0, 0, 13.140412489116883] 1e+100
[1, 2, 0, 0, 9.906545484894858] 1e+100
[1, 2, 0, 0, 7.718954620704686] 1e+100
[1, 2, 0, 0, 5.831645764715294] 1e+100
[1, 2, 0, 0, 6.104143270428151] 1e+100
[1, 2, 0, 0, 17.21182113334663] 1e+100
[1, 2, 0, 0, 15.318186141529486] 1e+100
[1, 2, 0, 0, 12.67490199139986] 1e+100
[1, 2, 0, 0, 7.1884594606028385] 1e+100
[1, 2, 0, 0, 16.138125630558587] 1e+100
[1, 2, 0, 0, 11.104595062792086] 1e+100
[1, 2, 0, 0, 1.6544231373916762] 0.04682877642244
[1, 2, 0, 0, 18.553736531195554] 1e+100
[1, 2, 0, 0, 16.235529561250996] 1e+100
[1, 2, 0, 0, 16.082667460092374] 1e+100
[1, 2, 0, 0, 0.09354689087764045] 1e+100
[1, 2, 0, 0, 1.7068977201327051] 0.05504580055174
[1, 2, 0, 0, 14.22613770575789] 1e+100
[1, 2, 0, 0, 5.021305054441168] 1e+100
[1, 2, 0, 0, 6.385214469602552] 1e+100
[1, 2, 0, 0, 6.5705086528583045] 1e+100
[1, 2, 0, 0, 4.647843900910309] 1e+100
[1, 2, 0, 0, 3.5221837104447307] 0.2773869210819
[1, 2, 0, 0, 3.7245242122361466] 1e+100
[1, 2, 0, 0, 6.458084702567282] 1e+100
[1, 2, 0, 0, 18.734663444713977] 1e+100
[1, 2, 0, 0, 1.8472871148575787] 0.0765679323516
[1, 2, 0, 0, 11.133089717218565] 1e+100
[1, 2, 0, 0, 14.62174509110093] 1e+100
[1, 2, 0, 0, 6.6476038275825555] 1e+100
[1, 2, 0, 0, 18.013636208522684] 1e+100
[1, 2, 0, 0, 10.909519364993866] 1e+100
[1, 2, 0, 0, 11.461704251621647] 1e+100
[1, 2, 0, 0, 14.573892322769046] 1e+100
[1, 2, 0, 0, 0.6056271296303728] 0.10749467530029
[1, 2, 0, 0, 5.882115009633672] 1e+100
[1, 2, 0, 0, 17.464176656512766] 1e+100
[1, 2, 0, 0, 6.752088848600481] 1e+100
[1, 2, 0, 0, 3.4088737656781065] 0.26651988233351
[1, 2, 0, 0, 4.558854913065929] 1e+100
[1, 2, 0, 0, 8.525205003637277] 1e+100
[1, 2, 0, 0, 6.165400677083501] 1e+100
[1, 2, 0, 0, 15.943369165492431] 1e+100
[1, 2, 0, 0, 10.554178395175935] 1e+100
[1, 2, 0, 0, 5.631342708534898] 1e+100
[1, 2, 0, 0, 16.90354642498901] 1e+100
[1, 2, 0, 0, 8.058001482029471] 1e+100
[1, 2, 0, 0, 9.542907803698458] 1e+100
[1, 2, 0, 0, 3.9954090379385088] 0.31857091114488
[1, 2, 0, 0, 1.9217362943053073] 0.08769434675636
[1, 2, 0, 0, 10.595441616475654] 1e+100
[1, 2, 0, 0, 3.02231755117756] 0.22682486180256
[1, 2, 0, 0, 8.88722832082626] 1e+100
[1, 2, 0, 0, 10.950950940653716] 1e+100
[1, 2, 0, 0, 7.103421465005029] 1e+100
[1, 2, 0, 0, 3.9422730220495406] 0.31430916616561
[1, 2, 0, 0, 3.071036347952707] 0.23204737031546
[1, 2, 0, 0, 11.19222809003561] 1e+100
[1, 2, 0, 0, 5.696558546065688] 1e+100
[1, 2, 0, 0, 16.82536577653506] 1e+100
[1, 2, 0, 0, 5.168929017286892] 1e+100
[1, 2, 0, 0, 7.241474317595886] 1e+100
[1, 2, 0, 0, 16.520537649142163] 1e+100
[1, 2, 0, 0, 11.38089194625773] 1e+100
[1, 2, 0, 0, 3.726485256707639] 0.29603462889355
[1, 2, 0, 0, 11.844216667184867] 1e+100
[1, 2, 0, 0, 8.859581883740377] 1e+100
[1, 2, 0, 0, 12.289833242229552] 1e+100
[1, 2, 0, 0, 13.292463580234351] 1e+100
[1, 2, 0, 0, 3.4899007446431196] 0.27432773390164
[1, 2, 0, 0, 0.8451521810047535] 0.08794796194432
[1, 2, 0, 0, 8.684854443238514] 1e+100
[1, 2, 0, 0, 15.336164305841686] 1e+100
[1, 2, 0, 0, 13.627853236050758] 1e+100
[1, 2, 0, 0, 0.8742708641816122] 0.08342392538703
[1, 2, 0, 0, 5.451279414173371] 1e+100
[1, 2, 0, 0, 10.50594599090794] 1e+100
[1, 2, 0, 0, 18.610014225517553] 1e+100
[1, 2, 0, 0, 12.398603286712824] 1e+100
[1, 2, 0, 0, 2.8621243468603352] 0.20919137252319
[1, 2, 0, 0, 11.478764498774938] 1e+100
[1, 2, 0, 0, 16.154332657847803] 1e+100
[1, 2, 0, 0, 5.687936362196884] 1e+100
[1, 2, 0, 0, 3.7166346920628923] 0.29516461361603
[1, 2, 0, 0, 9.19150472099107] 1e+100
[1, 2, 0, 0, 12.911256318079758] 1e+100
[1, 2, 0, 0, 14.833724420940623] 1e+100
[1, 2, 0, 0, 19.922411090550614] 1e+100
[1, 2, 0, 0, 11.7823805521929] 1e+100
[1, 2, 0, 0, 3.798131981748294] 0.30227032020535
[1, 2, 0, 0, 0.03367043215797949] 1e+100
[1, 2, 0, 0, 16.016355203934516] 1e+100
[1, 2, 0, 0, 13.238085560178195] 1e+100
[1, 2, 0, 0, 1.9872878554097362] 0.09731499625773
[1, 2, 0, 0, 7.9157875051669695] 1e+100
[1, 2, 0, 0, 1.4926237364261175] 0.02090548780153
[1, 2, 0, 0, 6.828057388239612] 1e+100
[1, 2, 0, 0, 15.596679575082335] 1e+100
[1, 2, 0, 0, 11.934719258867489] 1e+100
[1, 2, 0, 0, 11.209019980289185] 1e+100
[1, 2, 0, 0, 16.970341749970764] 1e+100
[1, 2, 0, 0, 3.4095200385052005] 0.26658288134712
[1, 2, 0, 0, 15.374766002830409] 1e+100
[1, 2, 0, 0, 7.487298519063124] 1e+100
[1, 2, 0, 0, 12.020675189883882] 1e+100
[1, 2, 0, 0, 7.408495112484859] 1e+100
[1, 2, 0, 0, 1.037069007129412] 0.05638624114708
[1, 2, 0, 0, 17.00084264835494] 1e+100
[1, 2, 0, 0, 4.634512130449584] 1e+100
[1, 2, 0, 0, 3.0097225612177536] 0.22546426520316
[1, 2, 0, 0, 8.71252505466872] 1e+100
[1, 2, 0, 0, 1.4337412689749196] 0.01124189409749
[1, 2, 0, 0, 19.963582690451815] 1e+100
[1, 2, 0, 0, 18.168984837129464] 1e+100
[1, 2, 0, 0, 7.434207101207788] 1e+100
[1, 2, 0, 0, 9.599163479101247] 1e+100
[1, 2, 0, 0, 14.775604093575359] 1e+100
[1, 2, 0, 0, 18.88266012853049] 1e+100
[1, 2, 0, 0, 8.127522207710765] 1e+100
[1, 2, 0, 0, 13.808406412142094] 1e+100
[1, 2, 0, 0, 6.834044510800195] 1e+100
[1, 2, 0, 0, 6.517754584038502] 1e+100
[1, 2, 0, 0, 11.465213903902017] 1e+100
[1, 2, 0, 0, 13.22261125328787] 1e+100
[1, 2, 0, 0, 7.101653467691662] 1e+100
[1, 2, 0, 0, 18.137256425894623] 1e+100
[1, 2, 0, 0, 9.462671798302596] 1e+100
[1, 2, 0, 0, 15.26281533008448] 1e+100
[1, 2, 0, 0, 3.4081138117885112] 0.2664457868853
[1, 2, 0, 0, 6.373085640786787] 1e+100
[1, 2, 0, 0, 6.646608360138961] 1e+100
[1, 2, 0, 0, 16.618681627912206] 1e+100
[1, 2, 0, 0, 15.75610558855951] 1e+100
[1, 2, 0, 0, 17.85287039281422] 1e+100
[1, 2, 0, 0, 5.822327983191185] 1e+100
[1, 2, 0, 0, 15.882134572575797] 1e+100
[1, 2, 0, 0, 7.372519031798039] 1e+100
[1, 2, 0, 0, 13.976474439035124] 1e+100
[1, 2, 0, 0, 4.015883295671547] 0.3201871074704
[1, 2, 0, 0, 9.652196816784999] 1e+100
[1, 2, 0, 0, 15.915897314039668] 1e+100
[1, 2, 0, 0, 16.92312255027844] 1e+100
[1, 2, 0, 0, 13.604673610522521] 1e+100
[1, 2, 0, 0, 16.935322490101985] 1e+100
[1, 2, 0, 0, 14.999072112296375] 1e+100
[1, 2, 0, 0, 5.145871432983631] 1e+100
[1, 2, 0, 0, 7.1693021302252795] 1e+100
[1, 2, 0, 0, 15.641716237999884] 1e+100
[1, 2, 0, 0, 3.460380597588295] 0.2715044392646
[1, 2, 0, 0, 4.679047562536263] 1e+100
[1, 2, 0, 0, 12.937453891532257] 1e+100
[1, 2, 0, 0, 19.109753504908067] 1e+100
[1, 2, 0, 0, 5.963393435047739] 1e+100
[1, 2, 0, 0, 12.347903165895339] 1e+100
[1, 2, 0, 0, 18.860516744008454] 1e+100
[1, 2, 0, 0, 2.916602092365028] 0.21526915381439
[1, 2, 0, 0, 2.196320103649496] 0.12681819516152
[1, 2, 0, 0, 14.362821775699771] 1e+100
[1, 2, 0, 0, 10.19837643636314] 1e+100
[1, 2, 0, 0, 14.682606135255721] 1e+100
[1, 2, 0, 0, 12.11813770120326] 1e+100
[1, 2, 0, 0, 12.36157925073812] 1e+100
[1, 2, 0, 0, 11.153061571132323] 1e+100
[1, 2, 0, 0, 18.641215968660834] 1e+100
[1, 2, 0, 0, 4.151275915081831] 0.33050483171537
[1, 2, 0, 0, 7.124755613263803] 1e+100
[1, 2, 0, 0, 5.978929996801412] 1e+100
[1, 2, 0, 0, 5.625297467481456] 1e+100
[1, 2, 0, 0, 2.363157805416083] 0.14904296973879
[1, 2, 0, 0, 16.99160160649042] 1e+100
[1, 2, 0, 0, 10.63275584166481] 1e+100
[1, 2, 0, 0, 15.36275578205341] 1e+100
[1, 2, 0, 0, 2.816019039904938] 0.20398000795561
[1, 2, 0, 0, 5.458161046224719] 1e+100
[1, 2, 0, 0, 9.558084714625943] 1e+100
[1, 2, 0, 0, 16.131879992664707] 1e+100
[1, 2, 0, 0, 4.075509550570892] 1e+100
[1, 2, 0, 0, 0.8990367636751362] 1e+100
[1, 2, 0, 0, 7.80326371592489] 1e+100
[1, 2, 0, 0, 17.25475980070236] 1e+100
[1, 2, 0, 0, 18.167247131251138] 1e+100
[1, 2, 0, 0, 7.711045508773355] 1e+100
[1, 2, 0, 0, 3.944073616654775] 1e+100
[1, 2, 0, 0, 4.605849642805913] 1e+100
[1, 2, 0, 0, 18.597553640346447] 1e+100
[1, 2, 0, 0, 10.98468214403349] 1e+100
[1, 2, 0, 0, 17.980875056498387] 1e+100
[1, 2, 0, 0, 16.018946855288082] 1e+100
[1, 2, 0, 0, 7.004660924125792] 1e+100
[1, 2, 0, 0, 7.97638362112578] 1e+100
[1, 2, 0, 0, 2.533264827735646] 1e+100
[1, 2, 0, 0, 13.37710045584152] 1e+100
[1, 2, 0, 0, 8.498665244116847] 1e+100
[1, 2, 0, 0, 12.488287057157134] 1e+100
[1, 2, 0, 0, 7.817248114840513] 1e+100
[1, 2, 0, 0, 9.856771331961827] 1e+100
[1, 2, 0, 0, 2.645759753354555] 1e+100
[1, 2, 0, 0, 8.920813030756495] 1e+100
[1, 2, 0, 0, 18.72605550615448] 1e+100
[1, 2, 0, 0, 9.380439721962205] 1e+100
[1, 2, 0, 0, 11.871202802117276] 1e+100
[1, 2, 0, 0, 14.281628617831856] 1e+100
[1, 2, 0, 0, 5.3152181454465985] 1e+100
[1, 2, 0, 0, 4.062586879170674] 1e+100
[1, 2, 0, 0, 14.443714915789005] 1e+100
[1, 2, 0, 0, 7.650912771123544] 1e+100
[1, 2, 0, 0, 14.469072573155872] 1e+100
[1, 2, 0, 0, 17.557694324105718] 1e+100
[1, 2, 0, 0, 16.46725902363581] 1e+100
[1, 2, 0, 0, 14.295958087907177] 1e+100
[1, 2, 0, 0, 6.9072979617787045] 1e+100
[1, 2, 0, 0, 15.408201989468422] 1e+100
[1, 2, 0, 0, 8.468726806194196] 1e+100
[1, 2, 0, 0, 13.006170557306543] 1e+100
[1, 2, 0, 0, 3.6173922671247194] 1e+100
[1, 2, 0, 0, 0.18133022523494802] 1e+100
[1, 2, 0, 0, 4.6922193400428025] 1e+100
[1, 2, 0, 0, 11.56199256766193] 1e+100
[1, 2, 0, 0, 7.809849012916839] 1e+100
[1, 2, 0, 0, 19.962474380029523] 1e+100
[1, 2, 0, 0, 11.278122818444114] 1e+100
[1, 2, 0, 0, 4.200943279202669] 0.33412621811642
[1, 2, 0, 0, 10.791080470983028] 1e+100
[1, 2, 0, 0, 17.85934895118118] 1e+100
[1, 2, 0, 0, 0.6364190960634697] 0.10855184636195
[1, 2, 0, 0, 15.591276333538111] 1e+100
[1, 2, 0, 0, 16.74382533531977] 1e+100
[1, 2, 0, 0, 4.591035742936455] 1e+100
[1, 2, 0, 0, 9.077038516260385] 1e+100
[1, 2, 0, 0, 12.793031397787153] 1e+100
[1, 2, 0, 0, 0.2854273052929135] 1e+100
[1, 2, 0, 0, 17.50786484900843] 1e+100
[1, 2, 0, 0, 18.381271368352774] 1e+100
[1, 2, 0, 0, 16.657737778583616] 1e+100
[1, 2, 0, 0, 12.244299691013232] 1e+100
[1, 2, 0, 0, 14.353031378797198] 1e+100
[1, 2, 0, 0, 7.875595694547868] 1e+100
[1, 2, 0, 0, 15.926245219526894] 1e+100
[1, 2, 0, 0, 0.8133511268488358] 0.09267665586027
[1, 2, 0, 0, 14.127526646094086] 1e+100
[1, 2, 0, 0, 18.106682385718457] 1e+100
[1, 2, 0, 0, 0.7088533123251239] 0.10528449312685
[1, 2, 0, 0, 9.78347264900145] 1e+100
[1, 2, 0, 0, 0.1917819108587282] 1e+100
[1, 2, 0, 0, 13.824576067002319] 1e+100
[1, 2, 0, 0, 18.75492982191342] 1e+100
[1, 2, 0, 0, 10.804729433065104] 1e+100
[1, 2, 0, 0, 1.238534605301791] 1e+100
[1, 2, 0, 0, 11.857911240708827] 1e+100
[1, 2, 0, 0, 13.096651728673551] 1e+100
[1, 2, 0, 0, 5.5697279506196695] 1e+100
[1, 2, 0, 0, 17.15151690679676] 1e+100
[1, 2, 0, 0, 5.894348286961009] 1e+100
[1, 2, 0, 0, 16.866766472163917] 1e+100
[1, 2, 0, 0, 8.83597252379907] 1e+100
[1, 2, 0, 0, 15.343942889396075] 1e+100
[1, 2, 0, 0, 18.95307335579787] 1e+100
[1, 2, 0, 0, 10.139129522198909] 1e+100
[1, 2, 0, 0, 10.80484776950924] 1e+100
[1, 2, 0, 0, 18.317937438958417] 1e+100
[1, 2, 0, 0, 6.18119769762113] 1e+100
[1, 2, 0, 0, 8.718446842205122] 1e+100
[1, 2, 0, 0, 10.451196483293998] 1e+100
[1, 2, 0, 0, 2.27764732353285] 1e+100
[1, 2, 0, 0, 8.642593777515106] 1e+100
[1, 2, 0, 0, 9.339271512510958] 1e+100
[1, 2, 0, 0, 7.2335276604268595] 1e+100
[1, 2, 0, 0, 19.57885524123513] 1e+100
[1, 2, 0, 0, 17.010616962681755] 1e+100
[1, 2, 0, 0, 7.397906104463461] 1e+100
[1, 2, 0, 0, 5.081189742756484] 1e+100
[1, 2, 0, 0, 2.4604890985326455] 1e+100
[1, 2, 0, 0, 10.964384423276613] 1e+100
[1, 2, 0, 0, 7.32560993032485] 1e+100
[1, 2, 0, 0, 12.374410331985244] 1e+100
[1, 2, 0, 0, 8.38735971459547] 1e+100
[1, 2, 0, 0, 0.04748978737121767] 1e+100
[1, 2, 0, 0, 19.224007521420592] 1e+100
[1, 2, 0, 0, 14.153486283851889] 1e+100
[1, 2, 0, 0, 15.847411417539188] 1e+100
[1, 2, 0, 0, 3.7744290081517984] 0.30022545716775
[1, 2, 0, 0, 16.520064816474328] 1e+100
[1, 2, 0, 0, 2.4878603370592467] 1e+100
[1, 2, 0, 0, 8.437179556721237] 1e+100
[1, 2, 0, 0, 14.69846119678768] 1e+100
[1, 2, 0, 0, 5.715906481017079] 1e+100
[1, 2, 0, 0, 0.6858237677382784] 1e+100
[1, 2, 0, 0, 11.39029846236131] 1e+100
[1, 2, 0, 0, 15.882172448309248] 1e+100
