[5, 2, 0, 0, 12.487671378924887] 1e+100
[5, 2, 0, 0, 1.3748446999706299] 0.05978555730598
[5, 2, 0, 0, 19.350395876441493] 1e+100
[5, 2, 0, 0, 1.3228124965185817] 0.04433867949564
[5, 2, 0, 0, 11.992628463752194] 1e+100
[5, 2, 0, 0, 11.96782577606459] 1e+100
[5, 2, 0, 0, 5.112130567586832] 0.43765682520022
[5, 2, 0, 0, 11.864729291867107] 1e+100
[5, 2, 0, 0, 11.817672852002952] 1e+100
[5, 2, 0, 0, 18.25213620751924] 1e+100
[5, 2, 0, 0, 13.774620558873028] 1e+100
[5, 2, 0, 0, 12.70390039604614] 1e+100
[5, 2, 0, 0, 7.200347004940131] 1e+100
[5, 2, 0, 0, 7.735885046474504] 1e+100
[5, 2, 0, 0, 14.650630192732958] 1e+100
[5, 2, 0, 0, 18.501654485150535] 1e+100
[5, 2, 0, 0, 9.45423139149926] 1e+100
[5, 2, 0, 0, 12.209009024466443] 1e+100
[5, 2, 0, 0, 15.86335629619834] 1e+100
[5, 2, 0, 0, 10.10155846659825] 1e+100
[5, 2, 0, 0, 8.469573248320277] 1e+100
[5, 2, 0, 0, 17.64578749771782] 1e+100
[5, 2, 0, 0, 0.2567583029243381] 0.07294494521716
[5, 2, 0, 0, 16.612439843843255] 1e+100
[5, 2, 0, 0, 6.329629398628754] 0.48358083061166
[5, 2, 0, 0, 5.101719261623328] 0.43722414010829
[5, 2, 0, 0, 15.977091600921046] 1e+100
[5, 2, 0, 0, 17.846903206266894] 1e+100
[5, 2, 0, 0, 17.077131959342243] 1e+100
[5, 2, 0, 0, 2.5405122811811975] 0.28022136389906
[5, 2, 0, 0, 14.22173533557274] 1e+100
[5, 2, 0, 0, 8.355164290117045] 1e+100
[5, 2, 0, 0, 6.013725485120176] 0.47285961303944
[5, 2, 0, 0, 10.219090910210404] 1e+100
[5, 2, 0, 0, 19.081736349277236] 1e+100
[5, 2, 0, 0, 14.351357884693103] 1e+100
[5, 2, 0, 0, 15.915705441676453] 1e+100
[5, 2, 0, 0, 2.769408073837878] 0.30476033466986
[5, 2, 0, 0, 2.844057808949285] 0.31194822125868
[5, 2, 0, 0, 19.65920966810585] 1e+100
[5, 2, 0, 0, 2.122588936891572] 0.22355696170619
[5, 2, 0, 0, 6.766752254092028] 1e+100
[5, 2, 0, 0, 0.6888140369142648] 0.06222862509381
[5, 2, 0, 0, 1.6512825449778123] 0.13264440373061
[5, 2, 0, 0, 6.341167419383408] 0.48395129171235
[5, 2, 0, 0, 3.6897860289067586] 0.37260535106625
[5, 2, 0, 0, 9.79510905811445] 1e+100
[5, 2, 0, 0, 13.070552279197404] 1e+100
[5, 2, 0, 0, 11.45879141262208] 1e+100
[5, 2, 0, 0, 8.705490337758977] 1e+100
[5, 2, 0, 0, 14.917432602333495] 1e+100
[5, 2, 0, 0, 5.942380484274858] 0.47029587924078
[5, 2, 0, 0, 13.412931155882033] 1e+100
[5, 2, 0, 0, 7.241489406958008] 1e+100
[5, 2, 0, 0, 6.255873395484592] 0.48117567798244
[5, 2, 0, 0, 1.4826004809455173] 0.09011490483924
[5, 2, 0, 0, 12.293885742882441] 1e+100
[5, 2, 0, 0, 15.921493473109344] 1e+100
[5, 2, 0, 0, 19.137338626398133] 1e+100
[5, 2, 0, 0, 1.876071741606744] 0.18050819278117
[5, 2, 0, 0, 16.47001734648901] 1e+100
[5, 2, 0, 0, 0.39965073416200925] 0.03213636178756
[5, 2, 0, 0, 2.077435817477302] 0.2162988957313
[5, 2, 0, 0, 1.3209412647778862] 0.04377477672346
[5, 2, 0, 0, 16.675723952166976] 1e+100
[5, 2, 0, 0, 0.6793196955320346] 0.060086275474
[5, 2, 0, 0, 4.319236616137616] 0.40353366738908
[5, 2, 0, 0, 5.911413212639012] 0.46916795916259
[5, 2, 0, 0, 1.8688673314935] 0.17911349725377
[5, 2, 0, 0, 15.587752912553363] 1e+100
[5, 2, 0, 0, 5.252188601851695] 0.44343610241458
[5, 2, 0, 0, 9.780460828409934] 1e+100
[5, 2, 0, 0, 12.815953754080828] 1e+100
[5, 2, 0, 0, 11.13195700507249] 1e+100
[5, 2, 0, 0, 10.54031353586308] 1e+100
[5, 2, 0, 0, 7.8540276822505195] 1e+100
[5, 2, 0, 0, 18.738510707882988] 1e+100
[5, 2, 0, 0, 5.199381081009911] 0.44126647254781
[5, 2, 0, 0, 18.68064288919831] 1e+100
[5, 2, 0, 0, 1.0544791201737813] 0.03725289838174
[5, 2, 0, 0, 14.292056586642097] 1e+100
[5, 2, 0, 0, 10.75918694737294] 1e+100
[5, 2, 0, 0, 6.044068960940779] 0.4739353061122
[5, 2, 0, 0, 15.683414593830252] 1e+100
[5, 2, 0, 0, 10.3265323579095] 1e+100
[5, 2, 0, 0, 18.208686550920692] 1e+100
[5, 2, 0, 0, 10.258131086516416] 1e+100
[5, 2, 0, 0, 11.379215157677267] 1e+100
[5, 2, 0, 0, 6.097934553745434] 0.47582207389066
[5, 2, 0, 0, 4.458211826754386] 0.40972609012594
[5, 2, 0, 0, 19.2917985978302] 1e+100
[5, 2, 0, 0, 12.711118432116988] 1e+100
[5, 2, 0, 0, 4.550585905100943] 0.41377657466213
[5, 2, 0, 0, 18.32066255092917] 1e+100
[5, 2, 0, 0, 12.545973832812038] 1e+100
[5, 2, 0, 0, 5.842559423138908] 0.46662877039476
[5, 2, 0, 0, 4.228781888631088] 0.39942312373807
[5, 2, 0, 0, 12.858572487938014] 1e+100
[5, 2, 0, 0, 7.591215381107476] 1e+100
[5, 2, 0, 0, 3.098549218987894] 0.33382872887758
[5, 2, 0, 0, 1.7453660493010137] 0.15381708465467
[5, 2, 0, 0, 10.798960545159456] 1e+100
[5, 2, 0, 0, 6.591964429806949] 1e+100
[5, 2, 0, 0, 6.103229802133208] 0.4760055646442
[5, 2, 0, 0, 12.956775834569864] 1e+100
[5, 2, 0, 0, 17.660271168422092] 1e+100
[5, 2, 0, 0, 7.73883354300639] 1e+100
[5, 2, 0, 0, 5.353026660638578] 0.44754418088185
[5, 2, 0, 0, 7.649740119446697] 1e+100
[5, 2, 0, 0, 18.88124086157194] 1e+100
[5, 2, 0, 0, 2.27680961113514] 0.24652607966629
[5, 2, 0, 0, 15.171738303219911] 1e+100
[5, 2, 0, 0, 13.499959172882859] 1e+100
[5, 2, 0, 0, 14.58158731731027] 1e+100
[5, 2, 0, 0, 16.151963240491057] 1e+100
[5, 2, 0, 0, 1.743645863497696] 0.15344533664402
[5, 2, 0, 0, 8.201406195086332] 1e+100
[5, 2, 0, 0, 9.945892730962466] 1e+100
[5, 2, 0, 0, 6.182436459201453] 0.47872003769345
[5, 2, 0, 0, 11.189509230252721] 1e+100
[5, 2, 0, 0, 2.8289195325727134] 0.31052074499899
[5, 2, 0, 0, 5.082214517584265] 0.43641246146358
[5, 2, 0, 0, 7.182815238871266] 1e+100
[5, 2, 0, 0, 4.956652910716668] 0.43115506889904
[5, 2, 0, 0, 11.049830986142675] 1e+100
[5, 2, 0, 0, 12.59813480129629] 1e+100
[5, 2, 0, 0, 2.3221189854798063] 0.25278392651144
[5, 2, 0, 0, 13.053244709842179] 1e+100
[5, 2, 0, 0, 9.394501532773031] 1e+100
[5, 2, 0, 0, 1.1436345409097926] 0.01093975610813
[5, 2, 0, 0, 12.004976113290418] 1e+100
[5, 2, 0, 0, 9.874825735260554] 1e+100
[5, 2, 0, 0, 8.282096230360452] 1e+100
[5, 2, 0, 0, 5.248959504058515] 0.44330377773018
[5, 2, 0, 0, 0.9397330233004264] 0.06464807992327
[5, 2, 0, 0, 12.857312309499601] 1e+100
[5, 2, 0, 0, 14.780362571356065] 1e+100
[5, 2, 0, 0, 4.4395191956203455] 0.40890062703671
[5, 2, 0, 0, 19.295482876786288] 1e+100
[5, 2, 0, 0, 1.9892956856704203] 0.20135651382608
[5, 2, 0, 0, 18.121734575296262] 1e+100
[5, 2, 0, 0, 6.908809732599542] 1e+100
[5, 2, 0, 0, 15.573350764695704] 1e+100
[5, 2, 0, 0, 10.569708204245325] 1e+100
[5, 2, 0, 0, 14.606422650864705] 1e+100
[5, 2, 0, 0, 6.548170689717143] 1e+100
[5, 2, 0, 0, 14.481349162876224] 1e+100
[5, 2, 0, 0, 4.952724945819282] 0.43098973110683
[5, 2, 0, 0, 5.5588585414097675] 0.45576348595821
[5, 2, 0, 0, 18.989565964798775] 1e+100
[5, 2, 0, 0, 19.9318751973765] 1e+100
[5, 2, 0, 0, 14.352790045359704] 1e+100
[5, 2, 0, 0, 19.804898985964144] 1e+100
[5, 2, 0, 0, 12.49573847626117] 1e+100
[5, 2, 0, 0, 1.9023604523915316] 0.18552595036795
[5, 2, 0, 0, 10.373523297923647] 1e+100
[5, 2, 0, 0, 4.218413698724797] 0.39894712002263
[5, 2, 0, 0, 6.1549925082088075] 0.47778707671634
[5, 2, 0, 0, 4.990644037908947] 0.43258367219986
[5, 2, 0, 0, 10.059565461050985] 1e+100
[5, 2, 0, 0, 15.404515013826465] 1e+100
[5, 2, 0, 0, 16.80098408403138] 1e+100
[5, 2, 0, 0, 7.608509926010855] 1e+100
[5, 2, 0, 0, 5.715885085110488] 0.46185297778395
[5, 2, 0, 0, 13.11764738050054] 1e+100
[5, 2, 0, 0, 7.773125910454719] 1e+100
[5, 2, 0, 0, 2.395446898690745] 0.26248143984186
[5, 2, 0, 0, 12.838679963162885] 1e+100
[5, 2, 0, 0, 19.231121982755248] 1e+100
[5, 2, 0, 0, 1.8327374829760479] 0.17198877769185
[5, 2, 0, 0, 18.4864729213522] 1e+100
[5, 2, 0, 0, 10.27753282359016] 1e+100
[5, 2, 0, 0, 13.37779264564235] 1e+100
[5, 2, 0, 0, 0.26582500408486087] 0.07757509405015
[5, 2, 0, 0, 2.606404146639447] 0.28769483480229
[5, 2, 0, 0, 8.348699448584485] 1e+100
[5, 2, 0, 0, 7.254824730915477] 1e+100
[5, 2, 0, 0, 5.06439116869865] 0.43566954238834
[5, 2, 0, 0, 18.60378831033332] 1e+100
[5, 2, 0, 0, 18.797993742408668] 1e+100
[5, 2, 0, 0, 12.161587340629518] 1e+100
[5, 2, 0, 0, 15.981528552681024] 1e+100
[5, 2, 0, 0, 15.487662693167863] 1e+100
[5, 2, 0, 0, 9.412272958398852] 1e+100
[5, 2, 0, 0, 6.74066876161808] 1e+100
[5, 2, 0, 0, 5.797855561542937] 0.46495837539895
[5, 2, 0, 0, 13.927091249183626] 1e+100
[5, 2, 0, 0, 6.341370610918418] 0.48395780202463
[5, 2, 0, 0, 0.8623184127908634] 0.07515987436936
[5, 2, 0, 0, 16.268720523328398] 1e+100
[5, 2, 0, 0, 7.982892266729033] 1e+100
[5, 2, 0, 0, 2.585844827457948] 0.28540019200036
[5, 2, 0, 0, 17.45836604867691] 1e+100
[5, 2, 0, 0, 1.0028218429311009] 0.05087017361346
[5, 2, 0, 0, 18.053203564973494] 1e+100
[5, 2, 0, 0, 18.035205581349118] 1e+100
[5, 2, 0, 0, 4.837273438492559] 0.42610715311183
[5, 2, 0, 0, 14.89719075858191] 1e+100
[5, 2, 0, 0, 8.91286656925387] 1e+100
[5, 2, 0, 0, 11.413728703914083] 1e+100
[5, 2, 0, 0, 2.0772809064190656] 0.21627354762386
[5, 2, 0, 0, 10.570096823276247] 1e+100
[5, 2, 0, 0, 2.6767622308656303] 0.29530098358691
[5, 2, 0, 0, 7.179808614385834] 1e+100
[5, 2, 0, 0, 7.918042645917374] 1e+100
[5, 2, 0, 0, 16.109543967341626] 1e+100
[5, 2, 0, 0, 12.269534347095757] 1e+100
[5, 2, 0, 0, 10.800798427512277] 1e+100
[5, 2, 0, 0, 6.657956267292642] 1e+100
[5, 2, 0, 0, 15.563753647853737] 1e+100
[5, 2, 0, 0, 1.690060171055352] 0.14158173193838
[5, 2, 0, 0, 1.4823346539428717] 0.09004307093707
[5, 2, 0, 0, 0.4271542029101938] 0.0244334586273
[5, 2, 0, 0, 15.55706555140606] 1e+100
[5, 2, 0, 0, 16.49576365874875] 1e+100
[5, 2, 0, 0, 16.150591118694557] 1e+100
[5, 2, 0, 0, 5.889432502541354] 0.46836168197855
[5, 2, 0, 0, 19.134965899907932] 1e+100
[5, 2, 0, 0, 8.332971372070276] 1e+100
[5, 2, 0, 0, 11.084441925190658] 1e+100
[5, 2, 0, 0, 14.362460792022738] 1e+100
[5, 2, 0, 0, 13.291962200822695] 1e+100
[5, 2, 0, 0, 9.207207059725986] 1e+100
[5, 2, 0, 0, 17.47949492166316] 1e+100
[5, 2, 0, 0, 17.45140529674921] 1e+100
[5, 2, 0, 0, 14.745204538576528] 1e+100
[5, 2, 0, 0, 5.9079719961632815] 0.46904207246331
[5, 2, 0, 0, 0.4260955722369464] 0.0246655867714
[5, 2, 0, 0, 3.916616371597119] 0.38451110244603
[5, 2, 0, 0, 5.9176721238511725] 0.46939664459505
[5, 2, 0, 0, 19.119607024679446] 1e+100
[5, 2, 0, 0, 15.69054278490035] 1e+100
[5, 2, 0, 0, 13.132310822121156] 1e+100
[5, 2, 0, 0, 4.521978841728227] 0.41252701539086
[5, 2, 0, 0, 4.175712995721743] 0.39697518776593
[5, 2, 0, 0, 2.243660949172963] 0.24181269583576
[5, 2, 0, 0, 4.46606065259203] 0.41007207444528
[5, 2, 0, 0, 2.071636206546532] 0.21534777868598
[5, 2, 0, 0, 4.939338821229818] 0.43042588850683
[5, 2, 0, 0, 18.155499895498966] 1e+100
[5, 2, 0, 0, 15.47394345162873] 1e+100
[5, 2, 0, 0, 7.102663070909276] 1e+100
[5, 2, 0, 0, 12.302623253036506] 1e+100
[5, 2, 0, 0, 17.43709343448409] 1e+100
[5, 2, 0, 0, 3.178376294533134] 0.33994216621339
[5, 2, 0, 0, 11.199445304032505] 1e+100
[5, 2, 0, 0, 12.99018687955591] 1e+100
[5, 2, 0, 0, 19.763753920800898] 1e+100
[5, 2, 0, 0, 6.600451335962106] 1e+100
[5, 2, 0, 0, 0.4024826948307103] 0.03118554032748
[5, 2, 0, 0, 11.219243605303472] 1e+100
[5, 2, 0, 0, 7.818108493955311] 1e+100
[5, 2, 0, 0, 17.99240343887165] 1e+100
[5, 2, 0, 0, 16.442639635571098] 1e+100
[5, 2, 0, 0, 19.599442339865295] 1e+100
[5, 2, 0, 0, 9.923184386215311] 1e+100
[5, 2, 0, 0, 15.943405051160493] 1e+100
[5, 2, 0, 0, 7.205246709201889] 1e+100
[5, 2, 0, 0, 8.374739697435679] 1e+100
[5, 2, 0, 0, 15.162919091738267] 1e+100
[5, 2, 0, 0, 17.453548760860404] 1e+100
[5, 2, 0, 0, 1.2416457061985797] 0.01946912905622
[5, 2, 0, 0, 17.326530491175422] 1e+100
[5, 2, 0, 0, 18.76999068048259] 1e+100
[5, 2, 0, 0, 7.981129943363738] 1e+100
[5, 2, 0, 0, 13.198702071476367] 1e+100
[5, 2, 0, 0, 2.5868325379698165] 0.28551119351315
[5, 2, 0, 0, 8.814544443634016] 1e+100
[5, 2, 0, 0, 14.787313539480564] 1e+100
[5, 2, 0, 0, 7.080836708234517] 1e+100
[5, 2, 0, 0, 8.92774499615344] 1e+100
[5, 2, 0, 0, 15.457220808726582] 1e+100
[5, 2, 0, 0, 9.462483024210025] 1e+100
[5, 2, 0, 0, 18.355133057817845] 1e+100
[5, 2, 0, 0, 2.463120086484898] 0.27098614139856
[5, 2, 0, 0, 6.350009155751517] 0.48423420530127
[5, 2, 0, 0, 5.871889397627632] 0.46771537883366
[5, 2, 0, 0, 10.681157314684226] 1e+100
[5, 2, 0, 0, 11.559923031662464] 1e+100
[5, 2, 0, 0, 15.53634256638592] 1e+100
[5, 2, 0, 0, 12.259737881153859] 1e+100
[5, 2, 0, 0, 5.284320848360801] 0.44475030758008
[5, 2, 0, 0, 3.2748493998346406] 0.34691004885772
[5, 2, 0, 0, 14.922674246578582] 1e+100
[5, 2, 0, 0, 8.277302763865197] 1e+100
[5, 2, 0, 0, 13.156046343484] 1e+100
[5, 2, 0, 0, 11.342141076068764] 1e+100
[5, 2, 0, 0, 16.873081229023146] 1e+100
[5, 2, 0, 0, 15.018396703342132] 1e+100
[5, 2, 0, 0, 7.10793850687957] 1e+100
[5, 2, 0, 0, 1.2080025604265776] 0.0090055001732
[5, 2, 0, 0, 11.647870362671554] 1e+100
[5, 2, 0, 0, 11.986153776104624] 1e+100
[5, 2, 0, 0, 9.409704449454408] 1e+100
[5, 2, 0, 0, 3.3281882428469323] 0.35057896152496
[5, 2, 0, 0, 6.805887307627945] 1e+100
[5, 2, 0, 0, 10.775214435082724] 1e+100
[5, 2, 0, 0, 1.8783705785295224] 0.18095143440604
[5, 2, 0, 0, 5.14643920922893] 0.43907976100246
[5, 2, 0, 0, 18.25649417813567] 1e+100
[5, 2, 0, 0, 4.964664212723173] 0.43149212417803
[5, 2, 0, 0, 15.929969687837016] 1e+100
[5, 2, 0, 0, 16.919080304154875] 1e+100
[5, 2, 0, 0, 18.04537411616035] 1e+100
[5, 2, 0, 0, 14.741116840425573] 1e+100
[5, 2, 0, 0, 5.095560426532019] 0.43696799477678
[5, 2, 0, 0, 4.045235332065465] 0.39081836871
[5, 2, 0, 0, 5.98017035377951] 0.47166003310746
[5, 2, 0, 0, 8.235635100463263] 1e+100
[5, 2, 0, 0, 5.684136101172701] 0.46063607905378
[5, 2, 0, 0, 17.978477547303815] 1e+100
[5, 2, 0, 0, 0.8552573458177237] 0.07567666426637
[5, 2, 0, 0, 12.434883114675284] 1e+100
[5, 2, 0, 0, 14.516687260925279] 1e+100
[5, 2, 0, 0, 9.381698244640384] 1e+100
[5, 2, 0, 0, 12.497622936907423] 1e+100
[5, 2, 0, 0, 9.400767068460574] 1e+100
[5, 2, 0, 0, 13.29663998974896] 1e+100
[5, 2, 0, 0, 11.445648673035159] 1e+100
[5, 2, 0, 0, 2.5753804556637028] 0.28421941456215
[5, 2, 0, 0, 6.912685788622941] 1e+100
[5, 2, 0, 0, 10.308676813078872] 1e+100
[5, 2, 0, 0, 3.590570317636419] 0.36699398987823
[5, 2, 0, 0, 11.328138709083216] 1e+100
[5, 2, 0, 0, 5.063082794122254] 0.43561496123691
[5, 2, 0, 0, 2.6428510719110987] 0.2916819305148
[5, 2, 0, 0, 0.5307277941028099] 0.02402492495668
[5, 2, 0, 0, 18.666668969132623] 1e+100
[5, 2, 0, 0, 12.611518990166354] 1e+100
[5, 2, 0, 0, 17.813037033903026] 1e+100
[5, 2, 0, 0, 18.739731326605682] 1e+100
[5, 2, 0, 0, 13.781545353357341] 1e+100
[5, 2, 0, 0, 4.0039876415611015] 0.38882435204929
[5, 2, 0, 0, 7.895455791752612] 1e+100
[5, 2, 0, 0, 6.594396264233047] 1e+100
[5, 2, 0, 0, 16.377479627182673] 1e+100
[5, 2, 0, 0, 18.551989313320377] 1e+100
[5, 2, 0, 0, 11.483056754339177] 1e+100
[5, 2, 0, 0, 9.92103214511989] 1e+100
[5, 2, 0, 0, 2.19684965522714] 0.23495356225187
[5, 2, 0, 0, 2.8592748915700783] 0.31336800190017
[5, 2, 0, 0, 9.003445909899042] 1e+100
[5, 2, 0, 0, 4.127166834690382] 0.39470904785525
[5, 2, 0, 0, 13.329715974120331] 1e+100
[5, 2, 0, 0, 9.982438157314599] 1e+100
[5, 2, 0, 0, 2.2814782466682026] 0.24718060482004
[5, 2, 0, 0, 19.069255385865816] 1e+100
[5, 2, 0, 0, 9.885929126976464] 1e+100
[5, 2, 0, 0, 2.1339885245170764] 0.22534916441972
[5, 2, 0, 0, 8.026717355088929] 1e+100
[5, 2, 0, 0, 4.921753321473248] 0.42968425462871
[5, 2, 0, 0, 12.238870573274546] 1e+100
[5, 2, 0, 0, 9.393660608622545] 1e+100
[5, 2, 0, 0, 18.258227886533383] 1e+100
[5, 2, 0, 0, 14.229374136255025] 1e+100
[5, 2, 0, 0, 16.697446118306793] 1e+100
[5, 2, 0, 0, 7.18386231230153] 1e+100
[5, 2, 0, 0, 3.3073408096253343] 0.34915982942959
[5, 2, 0, 0, 1.9847055520706336] 0.20054877081519
[5, 2, 0, 0, 6.4450124793824255] 1e+100
[5, 2, 0, 0, 13.125209473244961] 1e+100
[5, 2, 0, 0, 14.269410235135535] 1e+100
[5, 2, 0, 0, 14.616092758668149] 1e+100
[5, 2, 0, 0, 1.9435569781959838] 0.19317000307279
[5, 2, 0, 0, 18.32867938998746] 1e+100
[5, 2, 0, 0, 9.160701835048782] 1e+100
[5, 2, 0, 0, 6.694933136987828] 1e+100
[5, 2, 0, 0, 7.427653239117986] 1e+100
[5, 2, 0, 0, 16.67547889127408] 1e+100
[5, 2, 0, 0, 17.487750928089692] 1e+100
[5, 2, 0, 0, 12.630477689014118] 1e+100
[5, 2, 0, 0, 11.143889138885765] 1e+100
[5, 2, 0, 0, 19.16598558220795] 1e+100
[5, 2, 0, 0, 18.132901044636927] 1e+100
[5, 2, 0, 0, 17.316959806035324] 1e+100
[5, 2, 0, 0, 9.247960618174734] 1e+100
[5, 2, 0, 0, 17.363922109994487] 1e+100
[5, 2, 0, 0, 16.21274319345128] 1e+100
[5, 2, 0, 0, 8.556604913041596] 1e+100
[5, 2, 0, 0, 15.995850909684295] 1e+100
[5, 2, 0, 0, 6.044049916892744] 0.47393463412162
[5, 2, 0, 0, 13.758238621077165] 1e+100
[5, 2, 0, 0, 13.059100857119203] 1e+100
[5, 2, 0, 0, 2.7493122615988153] 0.30276034919645
[5, 2, 0, 0, 1.1327250773912723] 0.01427508832469
[5, 2, 0, 0, 17.14987617696182] 1e+100
[5, 2, 0, 0, 15.947358051064448] 1e+100
[5, 2, 0, 0, 10.017182474415913] 1e+100
[5, 2, 0, 0, 9.237855513984325] 1e+100
[5, 2, 0, 0, 11.56708510324439] 1e+100
[5, 2, 0, 0, 0.9158891473264541] 0.06875349257362
[5, 2, 0, 0, 8.97268581140878] 1e+100
[5, 2, 0, 0, 0.9429556801694572] 0.0640413753601
[5, 2, 0, 0, 9.990616831035657] 1e+100
[5, 2, 0, 0, 16.770426442155138] 1e+100
[5, 2, 0, 0, 11.49072091783383] 1e+100
[5, 2, 0, 0, 0.11708440801156739] 1e+100
[5, 2, 0, 0, 16.768868271338015] 1e+100
[5, 2, 0, 0, 10.577465103621279] 1e+100
[5, 2, 0, 0, 16.428484730666884] 1e+100
[5, 2, 0, 0, 10.727994451798368] 1e+100
[5, 2, 0, 0, 16.71740313004195] 1e+100
[5, 2, 0, 0, 16.5330584889095] 1e+100
[5, 2, 0, 0, 3.760955679358269] 0.37646702391262
[5, 2, 0, 0, 10.62860492300054] 1e+100
[5, 2, 0, 0, 7.298590243005476] 1e+100
[5, 2, 0, 0, 8.19096680981773] 1e+100
[5, 2, 0, 0, 3.552155826820802] 1e+100
[5, 2, 0, 0, 14.680290704645095] 1e+100
[5, 2, 0, 0, 5.238693349160403] 1e+100
[5, 2, 0, 0, 4.556525094650603] 1e+100
[5, 2, 0, 0, 6.711381075883063] 1e+100
[5, 2, 0, 0, 15.897843411732834] 1e+100
[5, 2, 0, 0, 18.832704569065385] 1e+100
[5, 2, 0, 0, 18.896552716329186] 1e+100
[5, 2, 0, 0, 18.333244364637643] 1e+100
[5, 2, 0, 0, 5.666423588376059] 0.45995397811421
[5, 2, 0, 0, 15.77221883131081] 1e+100
[5, 2, 0, 0, 3.2273816721460014] 0.34353675142213
[5, 2, 0, 0, 8.200221545190843] 1e+100
[5, 2, 0, 0, 6.527700898943927] 1e+100
[5, 2, 0, 0, 3.001776540913763] 0.32595852641243
[5, 2, 0, 0, 2.5362721008592137] 0.27972841677485
[5, 2, 0, 0, 13.527284255020298] 1e+100
[5, 2, 0, 0, 6.718703917000568] 1e+100
[5, 2, 0, 0, 11.842522298451598] 1e+100
[5, 2, 0, 0, 0.6515200181385516] 0.05327812303106
[5, 2, 0, 0, 19.61052336524979] 1e+100
[5, 2, 0, 0, 10.50058075197577] 1e+100
[5, 2, 0, 0, 4.224573218684884] 0.39923003111733
[5, 2, 0, 0, 15.202095244784164] 1e+100
[5, 2, 0, 0, 16.871501890574496] 1e+100
[5, 2, 0, 0, 17.68731445472451] 1e+100
[5, 2, 0, 0, 17.438280381963548] 1e+100
[5, 2, 0, 0, 19.127771832502376] 1e+100
[5, 2, 0, 0, 2.6327013260630494] 0.29058185784993
[5, 2, 0, 0, 10.912977586073087] 1e+100
[5, 2, 0, 0, 4.099845544964014] 0.39342135342146
[5, 2, 0, 0, 3.064278803781646] 0.33110107698059
[5, 2, 0, 0, 17.82872617553492] 1e+100
[5, 2, 0, 0, 13.16884574957368] 1e+100
[5, 2, 0, 0, 9.553929051106916] 1e+100
[5, 2, 0, 0, 5.561219977239185] 0.45585631863768
[5, 2, 0, 0, 4.211829406724929] 0.39864428121358
[5, 2, 0, 0, 11.44156988208296] 1e+100
[5, 2, 0, 0, 15.679890445706326] 1e+100
[5, 2, 0, 0, 16.68033150178154] 1e+100
[5, 2, 0, 0, 0.535096085245732] 0.02477625845211
[5, 2, 0, 0, 9.296404716291562] 1e+100
[5, 2, 0, 0, 13.061013674657541] 1e+100
[5, 2, 0, 0, 11.42883942653582] 1e+100
[5, 2, 0, 0, 5.6072719953406835] 0.45765934372136
[5, 2, 0, 0, 14.72519876826178] 1e+100
[5, 2, 0, 0, 2.1619887242349844] 0.2296846154716
[5, 2, 0, 0, 14.84338262118542] 1e+100
[5, 2, 0, 0, 19.820629472553286] 1e+100
[5, 2, 0, 0, 8.034758213593785] 1e+100
[5, 2, 0, 0, 14.10552301689475] 1e+100
[5, 2, 0, 0, 7.811117379202921] 1e+100
[5, 2, 0, 0, 17.13349995506882] 1e+100
[5, 2, 0, 0, 17.558117041689126] 1e+100
[5, 2, 0, 0, 6.690879444051186] 1e+100
[5, 2, 0, 0, 9.130689479538317] 1e+100
[5, 2, 0, 0, 3.3811321937884453] 0.35410072024664
[5, 2, 0, 0, 17.571102688822027] 1e+100
[5, 2, 0, 0, 19.91056085654812] 1e+100
[5, 2, 0, 0, 6.961308919695453] 1e+100
[5, 2, 0, 0, 4.690268240672633] 0.41982426155122
[5, 2, 0, 0, 13.199654987494503] 1e+100
[5, 2, 0, 0, 10.894807296635218] 1e+100
[5, 2, 0, 0, 16.504005786216712] 1e+100
[5, 2, 0, 0, 12.809312489850054] 1e+100
[5, 2, 0, 0, 19.263016992009014] 1e+100
[5, 2, 0, 0, 10.061345384976851] 1e+100
[5, 2, 0, 0, 8.12199666025866] 1e+100
[5, 2, 0, 0, 15.504263076283365] 1e+100
[5, 2, 0, 0, 11.066761694607987] 1e+100
[5, 2, 0, 0, 4.583915668929215] 0.41522740458963
[5, 2, 0, 0, 11.977196578442381] 1e+100
[5, 2, 0, 0, 15.105570417426362] 1e+100
[5, 2, 0, 0, 14.614340994439821] 1e+100
[5, 2, 0, 0, 17.051940691227458] 1e+100
[5, 2, 0, 0, 9.1211272197639] 1e+100
[5, 2, 0, 0, 9.396449925473402] 1e+100
[5, 2, 0, 0, 4.811255717743592] 0.42500068423298
[5, 2, 0, 0, 13.23174399513189] 1e+100
[5, 2, 0, 0, 13.793427098467223] 1e+100
[5, 2, 0, 0, 5.15897135243412] 0.43959839598808
[5, 2, 0, 0, 7.378348332561606] 1e+100
[5, 2, 0, 0, 0.7588682246315503] 0.07390999478656
[5, 2, 0, 0, 10.7785584657175] 1e+100
[5, 2, 0, 0, 7.240669702850706] 1e+100
[5, 2, 0, 0, 0.2348159304366293] 0.0490295831463
[5, 2, 0, 0, 15.243106228921498] 1e+100
[5, 2, 0, 0, 10.982007667219255] 1e+100
[5, 2, 0, 0, 1.1605691000269736] 0.00572647589532
[5, 2, 0, 0, 12.111050382191435] 1e+100
[5, 2, 0, 0, 13.046861599846793] 1e+100
[5, 2, 0, 0, 2.639798272684395] 0.29135188055514
[5, 2, 0, 0, 14.680326746219539] 1e+100
[5, 2, 0, 0, 17.57609881196142] 1e+100
[5, 2, 0, 0, 14.548487013681985] 1e+100
[5, 2, 0, 0, 16.348141086104878] 1e+100
[5, 2, 0, 0, 9.011050914309184] 1e+100
[5, 2, 0, 0, 17.587436289911498] 1e+100
[5, 2, 0, 0, 10.328379388781393] 1e+100
[5, 2, 0, 0, 1.2108645282880892] 0.00989663132099
[5, 2, 0, 0, 16.584893432359216] 1e+100
[5, 2, 0, 0, 5.082644139116487] 0.43643035491197
[5, 2, 0, 0, 0.5370523020301987] 0.02512660123898
[5, 2, 0, 0, 6.777739436760104] 1e+100
[5, 2, 0, 0, 14.420643547985069] 1e+100
[5, 2, 0, 0, 6.602650181258934] 1e+100
[5, 2, 0, 0, 18.11534963936174] 1e+100
[5, 2, 0, 0, 3.7195267871611204] 0.37423474703585
[5, 2, 0, 0, 0.3525097389316234] 0.05223164506524
[5, 2, 0, 0, 16.035826298837485] 1e+100
[5, 2, 0, 0, 16.286704055020497] 1e+100
[5, 2, 0, 0, 18.731718734271436] 1e+100
[5, 2, 0, 0, 17.44512837437992] 1e+100
[5, 2, 0, 0, 11.06731331478561] 1e+100
[5, 2, 0, 0, 4.024350083675847] 0.38981188156292
[5, 2, 0, 0, 8.755577447120231] 1e+100
[5, 2, 0, 0, 12.169779650218482] 1e+100
[5, 2, 0, 0, 19.765663640472006] 1e+100
[5, 2, 0, 0, 19.418925655851307] 1e+100
[5, 2, 0, 0, 7.4261609905710095] 1e+100
[5, 2, 0, 0, 15.675122212091054] 1e+100
[5, 2, 0, 0, 14.79956527531764] 1e+100
[5, 2, 0, 0, 4.717862041540643] 0.42100953432855
[5, 2, 0, 0, 5.32774278839778] 0.44651868015281
[5, 2, 0, 0, 6.333189996429982] 0.48369527023747
[5, 2, 0, 0, 10.258104607597602] 1e+100
[5, 2, 0, 0, 14.674051454449511] 1e+100
[5, 2, 0, 0, 17.477582927653593] 1e+100
[5, 2, 0, 0, 12.664943213876882] 1e+100
[5, 2, 0, 0, 16.918562822807175] 1e+100
[5, 2, 0, 0, 6.608811727044643] 1e+100
[5, 2, 0, 0, 11.942307953734764] 1e+100
[5, 2, 0, 0, 14.273984465607416] 1e+100
[5, 2, 0, 0, 15.389996515799186] 1e+100
[5, 2, 0, 0, 7.46043978309612] 1e+100
[5, 2, 0, 0, 19.858508066820256] 1e+100
[5, 2, 0, 0, 18.4705383008439] 1e+100
[5, 2, 0, 0, 13.25553880498159] 1e+100
[5, 2, 0, 0, 18.59972621686287] 1e+100
[5, 2, 0, 0, 11.643475827900643] 1e+100
[5, 2, 0, 0, 7.151139868445613] 1e+100
[5, 2, 0, 0, 7.932079463008512] 1e+100
[5, 2, 0, 0, 14.85252388072789] 1e+100
[5, 2, 0, 0, 7.025781192210186] 1e+100
[5, 2, 0, 0, 17.87688077807185] 1e+100
[5, 2, 0, 0, 7.464291295126781] 1e+100
[5, 2, 0, 0, 3.2214165164896946] 0.34310539505554
[5, 2, 0, 0, 8.754776598937609] 1e+100
[5, 2, 0, 0, 2.833557643449849] 0.31095970442592
[5, 2, 0, 0, 10.64375146912888] 1e+100
[5, 2, 0, 0, 16.54327549232838] 1e+100
[5, 2, 0, 0, 4.925272952466926] 0.42983277048605
[5, 2, 0, 0, 14.919460882378171] 1e+100
[5, 2, 0, 0, 2.597121747252036] 0.28666293546419
[5, 2, 0, 0, 16.29340034214628] 1e+100
[5, 2, 0, 0, 15.823275696007224] 1e+100
[5, 2, 0, 0, 3.2235668079884428] 0.34326108315595
[5, 2, 0, 0, 8.297441334675408] 1e+100
[5, 2, 0, 0, 6.240685974693337] 0.48067270059172
[5, 2, 0, 0, 12.035946214600417] 1e+100
[5, 2, 0, 0, 12.951653012150324] 1e+100
[5, 2, 0, 0, 3.733052271656383] 0.37496818794234
[5, 2, 0, 0, 1.441339654653444] 0.07878475425539
[5, 2, 0, 0, 10.865004577008804] 1e+100
[5, 2, 0, 0, 3.99878050873399] 0.38857079978178
[5, 2, 0, 0, 3.415389988424047] 0.35631909282728
[5, 2, 0, 0, 2.066239306271316] 0.21445876352705
[5, 2, 0, 0, 2.3941453081444575] 0.26231377020306
[5, 2, 0, 0, 12.09432627129214] 1e+100
[5, 2, 0, 0, 9.65239299711002] 1e+100
[5, 2, 0, 0, 11.778180618324267] 1e+100
[5, 2, 0, 0, 1.965303121932338] 0.19710068119336
[5, 2, 0, 0, 4.215566632409889] 0.39881622497416
[5, 2, 0, 0, 7.556535329733151] 1e+100
[5, 2, 0, 0, 3.0529046819780348] 0.3301815873156
[5, 2, 0, 0, 10.689007994980857] 1e+100
[5, 2, 0, 0, 1.3476997642976962] 0.0517852280708
[5, 2, 0, 0, 13.194086057811703] 1e+100
[5, 2, 0, 0, 14.196445114987146] 1e+100
[5, 2, 0, 0, 4.876800366707106] 0.42778378344313
[5, 2, 0, 0, 1.8136216771413793] 0.16812920989259
[5, 2, 0, 0, 7.930078718515827] 1e+100
[5, 2, 0, 0, 8.95915842509811] 1e+100
[5, 2, 0, 0, 17.099168074949816] 1e+100
[5, 2, 0, 0, 2.413617672306947] 0.26480580472739
[5, 2, 0, 0, 17.352017851177287] 1e+100
[5, 2, 0, 0, 16.575001866699935] 1e+100
[5, 2, 0, 0, 13.523990814467123] 1e+100
[5, 2, 0, 0, 0.13453309944405412] 1e+100
[5, 2, 0, 0, 12.80030896824585] 1e+100
[5, 2, 0, 0, 12.043120323675753] 1e+100
[5, 2, 0, 0, 8.242142793403378] 1e+100
[5, 2, 0, 0, 3.6083143093957526] 0.36801861325313
[5, 2, 0, 0, 7.2560207778783] 1e+100
[5, 2, 0, 0, 17.62315095803981] 1e+100
[5, 2, 0, 0, 17.23887345584201] 1e+100
[5, 2, 0, 0, 13.246182637929795] 1e+100
[5, 2, 0, 0, 13.38961594327667] 1e+100
[5, 2, 0, 0, 13.547816294139912] 1e+100
[5, 2, 0, 0, 7.835063600791512] 1e+100
[5, 2, 0, 0, 5.766348118911031] 0.46377109174634
[5, 2, 0, 0, 4.649351356381308] 0.41806127340403
[5, 2, 0, 0, 15.112144575824193] 1e+100
[5, 2, 0, 0, 14.422228068199844] 1e+100
[5, 2, 0, 0, 18.570451910199065] 1e+100
[5, 2, 0, 0, 19.447856571864854] 1e+100
[5, 2, 0, 0, 19.911946649099864] 1e+100
[5, 2, 0, 0, 15.848007688024818] 1e+100
[5, 2, 0, 0, 12.260756739661316] 1e+100
[5, 2, 0, 0, 8.67299023562464] 1e+100
[5, 2, 0, 0, 7.603233588859359] 1e+100
[5, 2, 0, 0, 7.7719544589975165] 1e+100
[5, 2, 0, 0, 3.131981783745328] 0.33642918840102
[5, 2, 0, 0, 14.662610387431362] 1e+100
[5, 2, 0, 0, 12.447098784223849] 1e+100
[5, 2, 0, 0, 9.1109549971738] 1e+100
[5, 2, 0, 0, 9.329563646056398] 1e+100
[5, 2, 0, 0, 10.731500958847047] 1e+100
[5, 2, 0, 0, 12.488777284654432] 1e+100
[5, 2, 0, 0, 15.99868635429444] 1e+100
[5, 2, 0, 0, 7.737245013735771] 1e+100
[5, 2, 0, 0, 7.2487639337703325] 1e+100
[5, 2, 0, 0, 6.182653934474933] 0.47872740032668
[5, 2, 0, 0, 8.34805617092483] 1e+100
[5, 2, 0, 0, 15.046122162220755] 1e+100
[5, 2, 0, 0, 7.942315222150196] 1e+100
[5, 2, 0, 0, 11.363179513385745] 1e+100
[5, 2, 0, 0, 12.878577935634283] 1e+100
[5, 2, 0, 0, 1.822289008125928] 0.16988702850265
[5, 2, 0, 0, 15.232790980936189] 1e+100
[5, 2, 0, 0, 6.645312635544947] 1e+100
[5, 2, 0, 0, 12.1391785490049] 1e+100
[5, 2, 0, 0, 2.251407969103665] 0.24292471638408
[5, 2, 0, 0, 5.947346491513907] 0.47047591993386
[5, 2, 0, 0, 7.847110684656311] 1e+100
[5, 2, 0, 0, 0.7218544189740506] 0.06872861289501
[5, 2, 0, 0, 6.5774710725265795] 1e+100
[5, 2, 0, 0, 17.349361468673365] 1e+100
[5, 2, 0, 0, 6.440961667360197] 1e+100
[5, 2, 0, 0, 7.6028607854674775] 1e+100
[5, 2, 0, 0, 0.4868224867992388] 0.01936410371647
[5, 2, 0, 0, 6.247404713898328] 0.48089555608106
[5, 2, 0, 0, 0.8188700620391787] 0.07699327075797
[5, 2, 0, 0, 3.697547091209521] 0.3730327311709
[5, 2, 0, 0, 5.713578933013503] 0.46176484613782
[5, 2, 0, 0, 10.570971554569413] 1e+100
[5, 2, 0, 0, 14.625708820922618] 1e+100
[5, 2, 0, 0, 17.534852362141272] 1e+100
[5, 2, 0, 0, 14.200055066202603] 1e+100
[5, 2, 0, 0, 14.272184189974787] 1e+100
[5, 2, 0, 0, 2.5673559334788454] 0.28330801695919
[5, 2, 0, 0, 13.719528532048615] 1e+100
[5, 2, 0, 0, 9.315854620559833] 1e+100
[5, 2, 0, 0, 8.37797943280547] 1e+100
[5, 2, 0, 0, 19.655502579570186] 1e+100
[5, 2, 0, 0, 5.401134028028953] 0.44948659494654
[5, 2, 0, 0, 9.61425199587482] 1e+100
[5, 2, 0, 0, 15.567323021677606] 1e+100
[5, 2, 0, 0, 7.5662501352184925] 1e+100
[5, 2, 0, 0, 18.592723963795784] 1e+100
[5, 2, 0, 0, 8.934100050909086] 1e+100
[5, 2, 0, 0, 7.881980981326818] 1e+100
[5, 2, 0, 0, 9.936100683086336] 1e+100
[5, 2, 0, 0, 9.72769042380991] 1e+100
[5, 2, 0, 0, 18.97181743401462] 1e+100
[5, 2, 0, 0, 18.78662579608607] 1e+100
[5, 2, 0, 0, 14.60940294095613] 1e+100
[5, 2, 0, 0, 10.077985561360094] 1e+100
[5, 2, 0, 0, 13.50014765165594] 1e+100
[5, 2, 0, 0, 9.865413755605186] 1e+100
[5, 2, 0, 0, 8.44414810613789] 1e+100
[5, 2, 0, 0, 5.764083490791521] 0.46368544471997
[5, 2, 0, 0, 0.364345995658919] 0.04659560557943
[5, 2, 0, 0, 19.56314452277297] 1e+100
[5, 2, 0, 0, 4.587304513319745] 0.41537462946614
[5, 2, 0, 0, 16.8866880114701] 1e+100
[5, 2, 0, 0, 5.110430117128002] 0.43758618353118
[5, 2, 0, 0, 7.941398608327805] 1e+100
[5, 2, 0, 0, 5.630734825374699] 0.45857240351124
[5, 2, 0, 0, 3.7039695246013205] 0.37338537752973
[5, 2, 0, 0, 4.027729452339399] 0.38997517024552
[5, 2, 0, 0, 3.1476463425137235] 0.33762755666658
[5, 2, 0, 0, 16.686240000556353] 1e+100
[5, 2, 0, 0, 18.22162510398051] 1e+100
[5, 2, 0, 0, 1.1908406208131583] 0.00366328574868
[5, 2, 0, 0, 6.990781403692177] 1e+100
[5, 2, 0, 0, 12.572441068448724] 1e+100
[5, 2, 0, 0, 9.874282080642944] 1e+100
[5, 2, 0, 0, 2.418696744985267] 0.26545008313311
[5, 2, 0, 0, 6.285136547307477] 0.48213735875678
[5, 2, 0, 0, 7.34409911456331] 1e+100
[5, 2, 0, 0, 4.537996323798037] 0.41322716540273
[5, 2, 0, 0, 5.629068776327324] 0.45850769434424
[5, 2, 0, 0, 11.218167114014992] 1e+100
[5, 2, 0, 0, 19.136610798110233] 1e+100
[5, 2, 0, 0, 13.942509518699282] 1e+100
[5, 2, 0, 0, 4.943762147476248] 0.43061227147985
[5, 2, 0, 0, 13.49190371240788] 1e+100
[5, 2, 0, 0, 1.7588319039338596] 0.15670805539231
[5, 2, 0, 0, 6.2587694598053805] 0.48127128569768
[5, 2, 0, 0, 14.696829545462752] 1e+100
[5, 2, 0, 0, 2.9995518315080605] 0.32577137359942
[5, 2, 0, 0, 6.922976563981931] 1e+100
[5, 2, 0, 0, 16.03353445153536] 1e+100
[5, 2, 0, 0, 19.473203353253485] 1e+100
[5, 2, 0, 0, 11.33476413307183] 1e+100
[5, 2, 0, 0, 19.883746268145686] 1e+100
[5, 2, 0, 0, 15.280299569050754] 1e+100
[5, 2, 0, 0, 3.0248414190771133] 0.32788202675589
[5, 2, 0, 0, 11.993307247325586] 1e+100
[5, 2, 0, 0, 8.694379550568573] 1e+100
[5, 2, 0, 0, 12.921502081764862] 1e+100
[5, 2, 0, 0, 15.284794868906374] 1e+100
[5, 2, 0, 0, 9.305880694303854] 1e+100
[5, 2, 0, 0, 4.8308113288709675] 0.42583254929112
[5, 2, 0, 0, 1.75666937876638] 0.15624606105748
[5, 2, 0, 0, 19.411936779671947] 1e+100
[5, 2, 0, 0, 4.53991711402673] 0.41331103937586
[5, 2, 0, 0, 7.8275531148552275] 1e+100
[5, 2, 0, 0, 11.183526899206344] 1e+100
[5, 2, 0, 0, 15.274328819682196] 1e+100
[5, 2, 0, 0, 12.648649170656011] 1e+100
[5, 2, 0, 0, 1.017385718174979] 0.04720483396313
[5, 2, 0, 0, 8.802239199070033] 1e+100
[5, 2, 0, 0, 2.7556783679597796] 0.30339696851941
[5, 2, 0, 0, 3.732695806822328] 0.37494891687712
[5, 2, 0, 0, 13.125773379118451] 1e+100
[5, 2, 0, 0, 19.812056706932403] 1e+100
[5, 2, 0, 0, 1.0592390780839134] 0.03592120884914
[5, 2, 0, 0, 15.86609784806383] 1e+100
[5, 2, 0, 0, 8.119811947089339] 1e+100
[5, 2, 0, 0, 9.815497654106695] 1e+100
[5, 2, 0, 0, 12.065044600969099] 1e+100
[5, 2, 0, 0, 0.3544205695299496] 0.05130775038838
[5, 2, 0, 0, 4.565027331184163] 0.41440584827719
[5, 2, 0, 0, 2.5711021135681267] 0.28373413800418
[5, 2, 0, 0, 8.84576874087488] 1e+100
[5, 2, 0, 0, 0.8172835845881643] 0.07699742585341
[5, 2, 0, 0, 18.350058865813534] 1e+100
[5, 2, 0, 0, 19.092252089844326] 1e+100
[5, 2, 0, 0, 17.44308048554124] 1e+100
[5, 2, 0, 0, 14.87112758550766] 1e+100
[5, 2, 0, 0, 5.003257693218412] 0.43311281179435
[5, 2, 0, 0, 19.728169037241823] 1e+100
[5, 2, 0, 0, 16.27929665106811] 1e+100
[5, 2, 0, 0, 11.640229955188353] 1e+100
[5, 2, 0, 0, 1.4195907110727468] 0.0726685884958
[5, 2, 0, 0, 3.721809793199442] 0.37435887001317
[5, 2, 0, 0, 6.673548712157347] 1e+100
[5, 2, 0, 0, 6.351023238413431] 0.48426663859959
[5, 2, 0, 0, 5.0109909610482495] 0.43343695123193
[5, 2, 0, 0, 17.57406660267431] 1e+100
[5, 2, 0, 0, 6.544161284300514] 1e+100
[5, 2, 0, 0, 17.350573984018222] 1e+100
[5, 2, 0, 0, 4.708599354873706] 0.42061198218437
[5, 2, 0, 0, 2.312844997875134] 0.2515200305129
[5, 2, 0, 0, 15.885632590558313] 1e+100
[5, 2, 0, 0, 6.742770738585784] 1e+100
[5, 2, 0, 0, 7.652666533962806] 1e+100
[5, 2, 0, 0, 1.5627961181878747] 0.11109083152598
[5, 2, 0, 0, 10.526251892929094] 1e+100
[5, 2, 0, 0, 0.6936857000697016] 0.06328436787835
[5, 2, 0, 0, 18.470616963134606] 1e+100
[5, 2, 0, 0, 9.99019829720128] 1e+100
[5, 2, 0, 0, 18.250571607496106] 1e+100
[5, 2, 0, 0, 2.6058440579027997] 0.28763276240627
[5, 2, 0, 0, 10.287811956080466] 1e+100
[5, 2, 0, 0, 9.280261897142301] 1e+100
[5, 2, 0, 0, 17.768331111406667] 1e+100
[5, 2, 0, 0, 6.25216482914178] 0.48105310823364
[5, 2, 0, 0, 4.955253812363203] 0.43109618330011
[5, 2, 0, 0, 2.2133454450883394] 0.2373983810196
[5, 2, 0, 0, 13.181161873740876] 1e+100
[5, 2, 0, 0, 11.014756847242724] 1e+100
[5, 2, 0, 0, 2.8431427552575306] 0.31186236341661
[5, 2, 0, 0, 7.817224101630298] 1e+100
[5, 2, 0, 0, 14.646465590353646] 1e+100
[5, 2, 0, 0, 17.525651370320436] 1e+100
[5, 2, 0, 0, 7.280446558055731] 1e+100
[5, 2, 0, 0, 12.696146004388115] 1e+100
[5, 2, 0, 0, 18.837080816547804] 1e+100
[5, 2, 0, 0, 16.569457016338646] 1e+100
[5, 2, 0, 0, 3.599569137810308] 0.36751482068712
[5, 2, 0, 0, 6.9519898127373025] 1e+100
[5, 2, 0, 0, 16.52301075593861] 1e+100
[5, 2, 0, 0, 14.248829947302768] 1e+100
[5, 2, 0, 0, 11.796742235672204] 1e+100
[5, 2, 0, 0, 6.227923898239098] 0.48024785396808
[5, 2, 0, 0, 16.463185164287708] 1e+100
[5, 2, 0, 0, 5.849065254843477] 0.46687044426132
[5, 2, 0, 0, 10.170918004269474] 1e+100
[5, 2, 0, 0, 14.111115706167663] 1e+100
[5, 2, 0, 0, 13.445954909350972] 1e+100
[5, 2, 0, 0, 15.027571928395867] 1e+100
[5, 2, 0, 0, 18.628507285310768] 1e+100
[5, 2, 0, 0, 15.710323427908147] 1e+100
[5, 2, 0, 0, 11.670126194446013] 1e+100
[5, 2, 0, 0, 7.167647634725274] 1e+100
[5, 2, 0, 0, 14.978144219745888] 1e+100
[5, 2, 0, 0, 2.9919231478740205] 0.32512742608634
[5, 2, 0, 0, 10.533787695314833] 1e+100
[5, 2, 0, 0, 3.64481502954497] 0.3700967720079
[5, 2, 0, 0, 5.882771468365067] 0.46811660728549
[5, 2, 0, 0, 10.524032459934972] 1e+100
[5, 2, 0, 0, 14.13468801034179] 1e+100
[5, 2, 0, 0, 16.527843734029652] 1e+100
[5, 2, 0, 0, 9.158497768750138] 1e+100
[5, 2, 0, 0, 16.96334813514984] 1e+100
[5, 2, 0, 0, 8.774596511451309] 1e+100
[5, 2, 0, 0, 13.023515529296724] 1e+100
[5, 2, 0, 0, 15.584517987376444] 1e+100
[5, 2, 0, 0, 6.7467690597126655] 1e+100
[5, 2, 0, 0, 2.8444033190822315] 0.31198062558807
[5, 2, 0, 0, 9.909516119778207] 1e+100
[5, 2, 0, 0, 11.842564682779768] 1e+100
[5, 2, 0, 0, 10.576084795043133] 1e+100
[5, 2, 0, 0, 11.790653200771313] 1e+100
[5, 2, 0, 0, 5.0870195966186404] 0.43661255148277
[5, 2, 0, 0, 18.034636316965333] 1e+100
[5, 2, 0, 0, 0.8598743681754484] 0.07534798758416
[5, 2, 0, 0, 6.094310263083662] 0.47569607271927
[5, 2, 0, 0, 18.175075433319552] 1e+100
[5, 2, 0, 0, 16.123752465189447] 1e+100
[5, 2, 0, 0, 17.52374408362816] 1e+100
[5, 2, 0, 0, 19.26495756719015] 1e+100
[5, 2, 0, 0, 11.600308804388415] 1e+100
[5, 2, 0, 0, 15.225297278069437] 1e+100
[5, 2, 0, 0, 18.289964652167704] 1e+100
[5, 2, 0, 0, 9.096974610824542] 1e+100
[5, 2, 0, 0, 8.552793953958215] 1e+100
[5, 2, 0, 0, 4.2833463865924015] 0.40191117557387
[5, 2, 0, 0, 7.295112751937971] 1e+100
[5, 2, 0, 0, 3.410100258519053] 0.35597955698956
[5, 2, 0, 0, 4.176571852771618] 0.39701504003652
[5, 2, 0, 0, 4.47351204909528] 0.41040020935362
[5, 2, 0, 0, 11.025944567997435] 1e+100
[5, 2, 0, 0, 6.043873968550373] 0.47392842541368
[5, 2, 0, 0, 4.659793197360729] 0.41851181537426
[5, 2, 0, 0, 12.788994621821928] 1e+100
[5, 2, 0, 0, 11.77056153171057] 1e+100
[5, 2, 0, 0, 13.082471535262467] 1e+100
[5, 2, 0, 0, 10.580018465834636] 1e+100
[5, 2, 0, 0, 5.252130498905821] 0.44343372182896
[5, 2, 0, 0, 1.6193251082698756] 0.12504909355056
[5, 2, 0, 0, 11.027198337449251] 1e+100
[5, 2, 0, 0, 3.784380478682794] 0.37771095081964
[5, 2, 0, 0, 19.459595446117934] 1e+100
[5, 2, 0, 0, 15.53963883804472] 1e+100
[5, 2, 0, 0, 3.0212681706952504] 0.32758603186194
[5, 2, 0, 0, 9.815709161719477] 1e+100
[5, 2, 0, 0, 10.4593545755295] 1e+100
[5, 2, 0, 0, 16.296120907966266] 1e+100
[5, 2, 0, 0, 11.685883304251657] 1e+100
[5, 2, 0, 0, 7.308503998507733] 1e+100
[5, 2, 0, 0, 4.7416234409199305] 0.42202791857582
[5, 2, 0, 0, 4.34609018322748] 0.40474086497241
[5, 2, 0, 0, 2.1806311461862338] 0.23251974005177
[5, 2, 0, 0, 12.272835586124815] 1e+100
[5, 2, 0, 0, 14.14515387102794] 1e+100
[5, 2, 0, 0, 6.2909032046643105] 0.48232573351319
[5, 2, 0, 0, 17.02888167987958] 1e+100
[5, 2, 0, 0, 0.5396911267557858] 0.02561227541249
[5, 2, 0, 0, 2.898590607208058] 0.31696721361591
[5, 2, 0, 0, 10.919878359043945] 1e+100
[5, 2, 0, 0, 10.00895943203224] 1e+100
[5, 2, 0, 0, 17.08058131882546] 1e+100
[5, 2, 0, 0, 16.159716341205225] 1e+100
[5, 2, 0, 0, 19.833977048037973] 1e+100
[5, 2, 0, 0, 2.07167267021102] 0.21535377228492
[5, 2, 0, 0, 17.972259374066123] 1e+100
[5, 2, 0, 0, 13.404848097842674] 1e+100
[5, 2, 0, 0, 8.606016168896486] 1e+100
[5, 2, 0, 0, 19.427798177712162] 1e+100
[5, 2, 0, 0, 12.89309683976041] 1e+100
[5, 2, 0, 0, 14.756725423121628] 1e+100
[5, 2, 0, 0, 16.752869136419573] 1e+100
[5, 2, 0, 0, 1.2487639351003499] 0.02167646468546
[5, 2, 0, 0, 7.613564499764776] 1e+100
[5, 2, 0, 0, 9.324509654106944] 1e+100
[5, 2, 0, 0, 10.751454189220446] 1e+100
[5, 2, 0, 0, 18.99377345371952] 1e+100
[5, 2, 0, 0, 13.634179450481419] 1e+100
[5, 2, 0, 0, 13.516435327936447] 1e+100
[5, 2, 0, 0, 7.483741056835928] 1e+100
[5, 2, 0, 0, 8.645913837252193] 1e+100
[5, 2, 0, 0, 13.055264641410421] 1e+100
[5, 2, 0, 0, 15.958221798416034] 1e+100
[5, 2, 0, 0, 9.990948425814805] 1e+100
[5, 2, 0, 0, 15.852627752471498] 1e+100
[5, 2, 0, 0, 13.728885269592482] 1e+100
[5, 2, 0, 0, 15.654324277942779] 1e+100
[5, 2, 0, 0, 2.4792734217596957] 0.2729559473948
[5, 2, 0, 0, 3.4873241816955147] 0.36083203249843
[5, 2, 0, 0, 15.648044807084815] 1e+100
[5, 2, 0, 0, 17.657583309967638] 1e+100
[5, 2, 0, 0, 4.372248904056637] 0.40591160503486
[5, 2, 0, 0, 18.625430797378144] 1e+100
[5, 2, 0, 0, 6.8194729263568155] 1e+100
[5, 2, 0, 0, 2.298751641854011] 0.24958273603876
[5, 2, 0, 0, 12.808681933668515] 1e+100
[5, 2, 0, 0, 0.49393572532635766] 0.01971068285444
[5, 2, 0, 0, 3.6299955369615455] 0.36925771089189
[5, 2, 0, 0, 3.8066042578651804] 0.37887947731908
[5, 2, 0, 0, 1.2558324295327283] 0.02386482522514
[5, 2, 0, 0, 7.685408924191703] 1e+100
[5, 2, 0, 0, 17.598823839269855] 1e+100
[5, 2, 0, 0, 14.423422374306185] 1e+100
[5, 2, 0, 0, 14.67296795214034] 1e+100
[5, 2, 0, 0, 10.689461476943887] 1e+100
[5, 2, 0, 0, 19.952531369381845] 1e+100
[5, 2, 0, 0, 1.287080189718064] 0.03348394341951
[5, 2, 0, 0, 14.530606994708988] 1e+100
[5, 2, 0, 0, 3.551212560088164] 0.36468634830682
[5, 2, 0, 0, 4.759979642738235] 0.422813242438
[5, 2, 0, 0, 11.159024974284886] 1e+100
[5, 2, 0, 0, 11.283062087577347] 1e+100
[5, 2, 0, 0, 8.051799539590828] 1e+100
[5, 2, 0, 0, 15.454144763052328] 1e+100
[5, 2, 0, 0, 13.254592884563866] 1e+100
[5, 2, 0, 0, 3.3386887273852794] 0.35128671420603
[5, 2, 0, 0, 19.41644762852838] 1e+100
[5, 2, 0, 0, 17.860359422368855] 1e+100
[5, 2, 0, 0, 0.6143159147528121] 0.04345398626713
[5, 2, 0, 0, 3.213924296403572] 0.34256121023842
[5, 2, 0, 0, 7.867545241400544] 1e+100
[5, 2, 0, 0, 11.623016394634856] 1e+100
[5, 2, 0, 0, 0.02302308832759392] 1e+100
[5, 2, 0, 0, 14.830412363999187] 1e+100
[5, 2, 0, 0, 19.01024470558609] 1e+100
[5, 2, 0, 0, 19.398830342288363] 1e+100
[5, 2, 0, 0, 19.588807505509813] 1e+100
[5, 2, 0, 0, 7.819279824082626] 1e+100
[5, 2, 0, 0, 11.228106006853658] 1e+100
[5, 2, 0, 0, 10.207496729526591] 1e+100
[5, 2, 0, 0, 1.4536164884402658] 0.08219368246355
[5, 2, 0, 0, 4.358650607425827] 0.4053036344006
[5, 2, 0, 0, 10.70121667913144] 1e+100
[5, 2, 0, 0, 14.942633326694128] 1e+100
[5, 2, 0, 0, 3.0087165166289487] 0.32654050667562
[5, 2, 0, 0, 3.7413951481027086] 0.37541831838174
[5, 2, 0, 0, 2.537322910048454] 0.27985071783646
[5, 2, 0, 0, 6.1530372238210695] 0.47772030065762
[5, 2, 0, 0, 11.328594023085268] 1e+100
[5, 2, 0, 0, 17.53599690943714] 1e+100
[5, 2, 0, 0, 14.4649990360049] 1e+100
[5, 2, 0, 0, 5.4213706028266495] 0.45029997190938
[5, 2, 0, 0, 16.55613080069089] 1e+100
[5, 2, 0, 0, 15.718665850656912] 1e+100
[5, 2, 0, 0, 10.909236833317975] 1e+100
[5, 2, 0, 0, 1.6322477350497833] 0.12814577725438
[5, 2, 0, 0, 13.585524883366912] 1e+100
[5, 2, 0, 0, 18.930374857060926] 1e+100
[5, 2, 0, 0, 8.35499329859851] 1e+100
[5, 2, 0, 0, 18.659872681911093] 1e+100
[5, 2, 0, 0, 11.730125684663033] 1e+100
[5, 2, 0, 0, 19.433667226226948] 1e+100
[5, 2, 0, 0, 0.733227935394416] 0.07057366937843
[5, 2, 0, 0, 12.986033856741987] 1e+100
[5, 2, 0, 0, 16.24475342733267] 1e+100
[5, 2, 0, 0, 16.956042806056193] 1e+100
[5, 2, 0, 0, 6.44656838742971] 1e+100
[5, 2, 0, 0, 8.206518986199747] 1e+100
[5, 2, 0, 0, 7.777527643471798] 1e+100
[5, 2, 0, 0, 14.233996032144749] 1e+100
[5, 2, 0, 0, 3.999992689144891] 0.38862986243538
[5, 2, 0, 0, 1.305118703763195] 0.03898576257933
[5, 2, 0, 0, 7.405491362727547] 1e+100
[5, 2, 0, 0, 15.66563470006302] 1e+100
[5, 2, 0, 0, 13.478769388289306] 1e+100
[5, 2, 0, 0, 12.079800827268738] 1e+100
[5, 2, 0, 0, 9.697751138452983] 1e+100
[5, 2, 0, 0, 10.623141402810987] 1e+100
[5, 2, 0, 0, 2.780243720877833] 0.30582710544539
[5, 2, 0, 0, 16.40941397177979] 1e+100
[5, 2, 0, 0, 13.396169943635211] 1e+100
[5, 2, 0, 0, 19.564342761922973] 1e+100
[5, 2, 0, 0, 19.61909650481157] 1e+100
[5, 2, 0, 0, 15.735029148286163] 1e+100
[5, 2, 0, 0, 8.5577452022362] 1e+100
[5, 2, 0, 0, 15.185664050134529] 1e+100
[5, 2, 0, 0, 15.497630444219421] 1e+100
[5, 2, 0, 0, 7.405659967234879] 1e+100
[5, 2, 0, 0, 12.509542049320057] 1e+100
[5, 2, 0, 0, 11.759530848262315] 1e+100
[5, 2, 0, 0, 18.083758840723092] 1e+100
[5, 2, 0, 0, 4.568183235715875] 0.4145432317341
[5, 2, 0, 0, 7.184228823143783] 1e+100
[5, 2, 0, 0, 18.3007672835986] 1e+100
[5, 2, 0, 0, 0.4195355062328443] 0.02621998721972
[5, 2, 0, 0, 13.42251868087094] 1e+100
[5, 2, 0, 0, 11.813098943579943] 1e+100
[5, 2, 0, 0, 2.0970633287958385] 0.21948557051063
[5, 2, 0, 0, 8.686225697295109] 1e+100
[5, 2, 0, 0, 17.204062199582136] 1e+100
[5, 2, 0, 0, 19.547801057334976] 1e+100
[5, 2, 0, 0, 9.653762419531384] 1e+100
[5, 2, 0, 0, 19.250773711824266] 1e+100
[5, 2, 0, 0, 17.976121087977155] 1e+100
[5, 2, 0, 0, 17.41608112778535] 1e+100
[5, 2, 0, 0, 5.108059289787111] 0.4374876744176
[5, 2, 0, 0, 12.44151992631214] 1e+100
[5, 2, 0, 0, 18.7583547498074] 1e+100
[5, 2, 0, 0, 3.521358330950699] 0.36290248913731
[5, 2, 0, 0, 0.02441114031202396] 1e+100
[5, 2, 0, 0, 13.28232531034116] 1e+100
[5, 2, 0, 0, 4.993867029472156] 0.43271892747058
[5, 2, 0, 0, 10.489538893609836] 1e+100
[5, 2, 0, 0, 0.38473175343789245] 0.03769992185469
[5, 2, 0, 0, 16.488821356999463] 1e+100
[5, 2, 0, 0, 16.435484979652852] 1e+100
[5, 2, 0, 0, 7.14467722469283] 1e+100
[5, 2, 0, 0, 0.5372342734192714] 0.02515961521425
[5, 2, 0, 0, 17.74796616609233] 1e+100
[5, 2, 0, 0, 7.403106773975754] 1e+100
[5, 2, 0, 0, 0.04293211880523007] 1e+100
[5, 2, 0, 0, 8.474222954440664] 1e+100
[5, 2, 0, 0, 5.621264817390259] 0.45820433457787
[5, 2, 0, 0, 12.009313134615034] 1e+100
[5, 2, 0, 0, 3.1326084948551247] 0.33647737623628
[5, 2, 0, 0, 2.3119018843748784] 0.2513910157608
[5, 2, 0, 0, 13.853096952309858] 1e+100
[5, 2, 0, 0, 9.58201362149679] 1e+100
[5, 2, 0, 0, 5.837790499302249] 0.46645138570566
[5, 2, 0, 0, 6.898755168817178] 1e+100
[5, 2, 0, 0, 7.916728119913614] 1e+100
[5, 2, 0, 0, 16.372632827944873] 1e+100
[5, 2, 0, 0, 14.608040772562845] 1e+100
[5, 2, 0, 0, 13.673490813295636] 1e+100
[5, 2, 0, 0, 19.778273268112542] 1e+100
[5, 2, 0, 0, 8.086768642391416] 1e+100
[5, 2, 0, 0, 17.052050969187555] 1e+100
[5, 2, 0, 0, 16.417155347329015] 1e+100
[5, 2, 0, 0, 8.939663705343207] 1e+100
[5, 2, 0, 0, 0.026642401134584492] 1e+100
[5, 2, 0, 0, 19.38175723176718] 1e+100
[5, 2, 0, 0, 3.6494472831619595] 0.37035775257833
[5, 2, 0, 0, 0.4579660320581347] 0.01992033951635
[5, 2, 0, 0, 1.8586390653153662] 0.17711871190987
[5, 2, 0, 0, 15.797376306133156] 1e+100
[5, 2, 0, 0, 9.941515071917754] 1e+100
[5, 2, 0, 0, 4.674595105939307] 0.41914973452443
[5, 2, 0, 0, 1.2055056967406386] 0.00822803187263
[5, 2, 0, 0, 6.492379652066003] 1e+100
[5, 2, 0, 0, 2.42189212667155] 0.26585421094198
[5, 2, 0, 0, 1.5401141525748097] 0.10529871186888
[5, 2, 0, 0, 2.7879700921020723] 0.30658284218977
[5, 2, 0, 0, 15.474248562307942] 1e+100
[5, 2, 0, 0, 16.20302198136224] 1e+100
[5, 2, 0, 0, 14.249707188901082] 1e+100
[5, 2, 0, 0, 4.137271972967169] 0.39518300820688
[5, 2, 0, 0, 2.8295188946152305] 0.31057754979367
[5, 2, 0, 0, 9.655813944616627] 1e+100
[5, 2, 0, 0, 5.9010892266361115] 0.46878959851874
[5, 2, 0, 0, 10.990758138880764] 1e+100
[5, 2, 0, 0, 10.752970130636694] 1e+100
[5, 2, 0, 0, 4.528937486010911] 0.41283134906527
[5, 2, 0, 0, 14.436972038163237] 1e+100
[5, 2, 0, 0, 7.078770072589045] 1e+100
[5, 2, 0, 0, 2.583227295067816] 0.28510565244252
[5, 2, 0, 0, 17.686855818886826] 1e+100
[5, 2, 0, 0, 9.415561324622686] 1e+100
[5, 2, 0, 0, 7.191529882593528] 1e+100
[5, 2, 0, 0, 4.46730356859849] 0.41012683057761
[5, 2, 0, 0, 19.849668278541454] 1e+100
[5, 2, 0, 0, 18.690134737056535] 1e+100
[5, 2, 0, 0, 1.4063373722247596] 0.06889403769948
[5, 2, 0, 0, 15.500797316007704] 1e+100
[5, 2, 0, 0, 4.127476699298935] 0.39472359959482
[5, 2, 0, 0, 19.473384883017275] 1e+100
[5, 2, 0, 0, 2.514932148262754] 0.27722490057211
[5, 2, 0, 0, 4.501807860689162] 0.41164342107047
[5, 2, 0, 0, 0.324124682725897] 0.06415398382526
[5, 2, 0, 0, 6.494594547703755] 1e+100
[5, 2, 0, 0, 4.95551123472721] 0.43110701824867
[5, 2, 0, 0, 13.48116354148242] 1e+100
[5, 2, 0, 0, 4.878096418007589] 0.4278386703931
[5, 2, 0, 0, 0.7115267379442747] 0.06687098944609
[5, 2, 0, 0, 4.899256735267425] 0.42873400728106
[5, 2, 0, 0, 6.858477374441277] 1e+100
[5, 2, 0, 0, 6.35001237650579] 0.48423430831315
[5, 2, 0, 0, 4.422201719644663] 0.40813398031233
[5, 2, 0, 0, 2.0458705703031366] 0.21106883548389
[5, 2, 0, 0, 17.301868606401005] 1e+100
[5, 2, 0, 0, 10.346408433108989] 1e+100
[5, 2, 0, 0, 3.5289665663383274] 0.36335991399556
[5, 2, 0, 0, 15.606100444511808] 1e+100
[5, 2, 0, 0, 11.66449934591937] 1e+100
[5, 2, 0, 0, 6.562184623726766] 1e+100
[5, 2, 0, 0, 16.433261754413998] 1e+100
[5, 2, 0, 0, 0.20188996256955694] 0.03521111334357
[5, 2, 0, 0, 1.9490641628379524] 0.19417213775405
[5, 2, 0, 0, 18.40248501508397] 1e+100
[5, 2, 0, 0, 10.438267039796616] 1e+100
[5, 2, 0, 0, 12.337419979239552] 1e+100
[5, 2, 0, 0, 14.154461439824662] 1e+100
[5, 2, 0, 0, 10.223971600448532] 1e+100
[5, 2, 0, 0, 2.906192055860759] 0.31765179489494
[5, 2, 0, 0, 14.98572182955835] 1e+100
[5, 2, 0, 0, 19.90892299420413] 1e+100
[5, 2, 0, 0, 6.733213398258721] 1e+100
[5, 2, 0, 0, 17.15924504433297] 1e+100
[5, 2, 0, 0, 6.989545027537112] 1e+100
[5, 2, 0, 0, 0.1167189759022702] 1e+100
[5, 2, 0, 0, 4.075495055443239] 0.39226565728773
[5, 2, 0, 0, 3.35385994369487] 0.35230109650791
[5, 2, 0, 0, 10.435513515486978] 1e+100
[5, 2, 0, 0, 11.64538425210466] 1e+100
[5, 2, 0, 0, 1.8946496587372552] 0.1840657092621
[5, 2, 0, 0, 2.1799677233339776] 0.2324195407448
[5, 2, 0, 0, 17.335850443387834] 1e+100
[5, 2, 0, 0, 16.0198878403522] 1e+100
[5, 2, 0, 0, 12.984919543540453] 1e+100
[5, 2, 0, 0, 15.496411730346038] 1e+100
[5, 2, 0, 0, 12.813879740530876] 1e+100
[5, 2, 0, 0, 0.4132116129823693] 0.02790688897751
[5, 2, 0, 0, 4.752210680715672] 0.42248101414021
[5, 2, 0, 0, 8.45020943943859] 1e+100
[5, 2, 0, 0, 12.274730070793051] 1e+100
[5, 2, 0, 0, 7.823311791917189] 1e+100
[5, 2, 0, 0, 8.010202280177612] 1e+100
[5, 2, 0, 0, 18.784158624165087] 1e+100
[5, 2, 0, 0, 14.380523281004107] 1e+100
[5, 2, 0, 0, 2.1795705780081387] 0.23235953402079
[5, 2, 0, 0, 3.734419427920135] 0.37504206932674
[5, 2, 0, 0, 19.900907957593944] 1e+100
[5, 2, 0, 0, 6.57742269580382] 1e+100
[5, 2, 0, 0, 11.678678158678315] 1e+100
[5, 2, 0, 0, 14.715674108645388] 1e+100
[5, 2, 0, 0, 1.4005742363139206] 0.06724169030248
[5, 2, 0, 0, 2.4378811434307757] 0.26786250052669
[5, 2, 0, 0, 12.881918078841927] 1e+100
[5, 2, 0, 0, 16.570635672790655] 1e+100
[5, 2, 0, 0, 8.763851066395755] 1e+100
[5, 2, 0, 0, 17.096622708486187] 1e+100
[5, 2, 0, 0, 19.03891306735672] 1e+100
[5, 2, 0, 0, 1.2696300645710679] 0.02812436369911
[5, 2, 0, 0, 0.7741808160028985] 0.07533319467403
[5, 2, 0, 0, 11.741504968381856] 1e+100
[5, 2, 0, 0, 8.301882827266692] 1e+100
[5, 2, 0, 0, 2.4896668230896823] 0.2742114178663
[5, 2, 0, 0, 14.287870974941914] 1e+100
[5, 2, 0, 0, 6.0479393418553995] 0.47407180203239
[5, 2, 0, 0, 6.264026169395683] 0.48144458361359
[5, 2, 0, 0, 1.8763700048301524] 0.18056574999069
[5, 2, 0, 0, 11.89986451277996] 1e+100
[5, 2, 0, 0, 6.913311760291336] 1e+100
[5, 2, 0, 0, 19.21050073249058] 1e+100
[5, 2, 0, 0, 5.704279986039302] 0.46140906287855
[5, 2, 0, 0, 10.95937876493897] 1e+100
[5, 2, 0, 0, 9.74590058153373] 1e+100
[5, 2, 0, 0, 13.342276235743768] 1e+100
[5, 2, 0, 0, 12.333443820038886] 1e+100
[5, 2, 0, 0, 18.259428142524875] 1e+100
[5, 2, 0, 0, 3.142702166345437] 0.33725068176963
[5, 2, 0, 0, 16.180174035678835] 1e+100
[5, 2, 0, 0, 0.020918971941659148] 1e+100
[5, 2, 0, 0, 4.98353845236929] 0.43228535625495
[5, 2, 0, 0, 19.957447405502798] 1e+100
[5, 2, 0, 0, 1.9971289123637992] 0.20272798258423
[5, 2, 0, 0, 15.063643985309174] 1e+100
[5, 2, 0, 0, 8.84656862666782] 1e+100
[5, 2, 0, 0, 0.9535404854577889] 0.06196765518301
[5, 2, 0, 0, 0.9932461337301679] 0.05319309216165
[5, 2, 0, 0, 17.421571321004127] 1e+100
[5, 2, 0, 0, 19.65613999292661] 1e+100
[5, 2, 0, 0, 14.47476370217945] 1e+100
[5, 2, 0, 0, 7.566562605612734] 1e+100
[5, 2, 0, 0, 9.173505876411344] 1e+100
[5, 2, 0, 0, 14.167432940430437] 1e+100
[5, 2, 0, 0, 1.5318631435585472] 0.10316427581708
[5, 2, 0, 0, 12.448524678501887] 1e+100
[5, 2, 0, 0, 6.430317909335037] 1e+100
[5, 2, 0, 0, 8.027398521996329] 1e+100
[5, 2, 0, 0, 2.7186811351856077] 1e+100
[5, 2, 0, 0, 15.105718925704782] 1e+100
[5, 2, 0, 0, 8.779382431849427] 1e+100
[5, 2, 0, 0, 9.445142672226991] 1e+100
[5, 2, 0, 0, 14.844092612251297] 1e+100
[5, 2, 0, 0, 11.20998937370029] 1e+100
[5, 2, 0, 0, 15.144406541332556] 1e+100
