[5, 1, 0, 0, 0.8382853637768184] 1e+100
[5, 1, 0, 0, 0.8809555385330547] 1e+100
[5, 1, 0, 0, 12.707512820609185] 1e+100
[5, 1, 0, 0, 17.453289992662253] 1e+100
[5, 1, 0, 0, 17.575000643278443] 1e+100
[5, 1, 0, 0, 8.431834057745636] 1e+100
[5, 1, 0, 0, 19.15328219778823] 1e+100
[5, 1, 0, 0, 1.3069075156462095] 0.05328493416282
[5, 1, 0, 0, 3.263287342086898] 1e+100
[5, 1, 0, 0, 1.3237910900542782] 0.05813041136278
[5, 1, 0, 0, 2.8834677154484334] 1e+100
[5, 1, 0, 0, 8.656763881192118] 1e+100
[5, 1, 0, 0, 9.701227457896493] 1e+100
[5, 1, 0, 0, 5.0194696414925] 1e+100
[5, 1, 0, 0, 8.563544341357002] 1e+100
[5, 1, 0, 0, 6.972525919263955] 1e+100
[5, 1, 0, 0, 11.11483483012593] 1e+100
[5, 1, 0, 0, 2.6416362157733175] 0.28786763111673
[5, 1, 0, 0, 3.7725886038285505] 1e+100
[5, 1, 0, 0, 3.5406381656370223] 1e+100
[5, 1, 0, 0, 9.151495744755422] 1e+100
[5, 1, 0, 0, 19.780316851189273] 1e+100
[5, 1, 0, 0, 1.5797582530106324] 0.12653409475328
[5, 1, 0, 0, 11.502295233487986] 1e+100
[5, 1, 0, 0, 3.833796686861155] 1e+100
[5, 1, 0, 0, 8.032913269446096] 1e+100
[5, 1, 0, 0, 12.430675586294214] 1e+100
[5, 1, 0, 0, 4.919021869406778] 1e+100
[5, 1, 0, 0, 4.107582844387987] 1e+100
[5, 1, 0, 0, 13.35267834676026] 1e+100
[5, 1, 0, 0, 8.078480215545254] 1e+100
[5, 1, 0, 0, 16.773267443354765] 1e+100
[5, 1, 0, 0, 3.2330656143286407] 1e+100
[5, 1, 0, 0, 9.227150766863076] 1e+100
[5, 1, 0, 0, 3.3840775392810762] 1e+100
[5, 1, 0, 0, 13.436911173352264] 1e+100
[5, 1, 0, 0, 16.879016140025655] 1e+100
[5, 1, 0, 0, 6.557511664266638] 1e+100
[5, 1, 0, 0, 15.707381959242035] 1e+100
[5, 1, 0, 0, 13.630688158835142] 1e+100
[5, 1, 0, 0, 8.076796257746269] 1e+100
[5, 1, 0, 0, 13.779899923840356] 1e+100
[5, 1, 0, 0, 1.300942352975707] 0.0515685525256
[5, 1, 0, 0, 8.988217131166875] 1e+100
[5, 1, 0, 0, 1.8969404951685642] 0.1919009635619
[5, 1, 0, 0, 1.282458731786651] 0.04623935354679
[5, 1, 0, 0, 14.69971919086653] 1e+100
[5, 1, 0, 0, 8.45273347349227] 1e+100
[5, 1, 0, 0, 4.650307082119283] 1e+100
[5, 1, 0, 0, 19.665472643471553] 1e+100
[5, 1, 0, 0, 3.0909618613836543] 1e+100
[5, 1, 0, 0, 2.9270412777029553] 1e+100
[5, 1, 0, 0, 8.220207759086279] 1e+100
[5, 1, 0, 0, 2.059632611506923] 0.21775062517806
[5, 1, 0, 0, 16.732155995354443] 1e+100
[5, 1, 0, 0, 4.53969007723809] 1e+100
[5, 1, 0, 0, 7.6449535074711905] 1e+100
[5, 1, 0, 0, 14.479218224733275] 1e+100
[5, 1, 0, 0, 14.74581129319204] 1e+100
[5, 1, 0, 0, 4.25447955970542] 1e+100
[5, 1, 0, 0, 14.697982513908004] 1e+100
[5, 1, 0, 0, 1.2999578012156698] 0.05128507410218
[5, 1, 0, 0, 8.33311771697663] 1e+100
[5, 1, 0, 0, 13.323440163859024] 1e+100
[5, 1, 0, 0, 2.1315623315118315] 0.2279716347643
[5, 1, 0, 0, 11.17601956305657] 1e+100
[5, 1, 0, 0, 3.340231988746807] 1e+100
[5, 1, 0, 0, 0.8062388172832913] 1e+100
[5, 1, 0, 0, 4.734167164711593] 1e+100
[5, 1, 0, 0, 10.573295075729519] 1e+100
[5, 1, 0, 0, 15.487932696949262] 1e+100
[5, 1, 0, 0, 6.7642205254423216] 1e+100
[5, 1, 0, 0, 10.822287924251803] 1e+100
[5, 1, 0, 0, 1.3800732628027212] 0.07409033244901
[5, 1, 0, 0, 12.546913234048393] 1e+100
[5, 1, 0, 0, 18.09390497952386] 1e+100
[5, 1, 0, 0, 7.287050844536966] 1e+100
[5, 1, 0, 0, 3.1913042139437287] 1e+100
[5, 1, 0, 0, 4.344491759142361] 1e+100
[5, 1, 0, 0, 9.453701368960006] 1e+100
[5, 1, 0, 0, 1.0056468910446514] 0.02815436459879
[5, 1, 0, 0, 9.185036673423017] 1e+100
[5, 1, 0, 0, 4.586596375674725] 1e+100
[5, 1, 0, 0, 1.6095989419121648] 0.13365303740617
[5, 1, 0, 0, 17.753425801463415] 1e+100
[5, 1, 0, 0, 18.731982464841703] 1e+100
[5, 1, 0, 0, 18.446777711038425] 1e+100
[5, 1, 0, 0, 1.9523632142584457] 0.20118936777575
[5, 1, 0, 0, 6.375517967851925] 1e+100
[5, 1, 0, 0, 3.7662513796942654] 1e+100
[5, 1, 0, 0, 9.694901991073197] 1e+100
[5, 1, 0, 0, 18.783792270980687] 1e+100
[5, 1, 0, 0, 7.733143750360318] 1e+100
[5, 1, 0, 0, 5.3129235099711565] 1e+100
[5, 1, 0, 0, 12.50731467284946] 1e+100
[5, 1, 0, 0, 11.409200929806511] 1e+100
[5, 1, 0, 0, 18.50935734249671] 1e+100
[5, 1, 0, 0, 11.579528503328513] 1e+100
[5, 1, 0, 0, 10.74695441631099] 1e+100
[5, 1, 0, 0, 16.06547772435919] 1e+100
[5, 1, 0, 0, 10.991450887812569] 1e+100
[5, 1, 0, 0, 19.9613043754698] 1e+100
[5, 1, 0, 0, 10.279229956964961] 1e+100
[5, 1, 0, 0, 8.290313527740519] 1e+100
[5, 1, 0, 0, 11.562400812316527] 1e+100
[5, 1, 0, 0, 1.3024694768627643] 0.05200814923838
[5, 1, 0, 0, 5.199864609092913] 1e+100
[5, 1, 0, 0, 7.475614272466638] 1e+100
[5, 1, 0, 0, 2.040253655243909] 0.21488360622102
[5, 1, 0, 0, 4.6784693753931155] 1e+100
[5, 1, 0, 0, 10.649383972980413] 1e+100
[5, 1, 0, 0, 10.072930748591924] 1e+100
[5, 1, 0, 0, 16.29592398162511] 1e+100
[5, 1, 0, 0, 8.389826655873433] 1e+100
[5, 1, 0, 0, 10.33620860688991] 1e+100
[5, 1, 0, 0, 0.9833434485672621] 1e+100
[5, 1, 0, 0, 9.016070198854118] 1e+100
[5, 1, 0, 0, 2.9244485033500567] 1e+100
[5, 1, 0, 0, 1.9712031539326458] 0.20422660814162
[5, 1, 0, 0, 4.889631445703502] 1e+100
[5, 1, 0, 0, 6.053589252783189] 1e+100
[5, 1, 0, 0, 17.42087586884898] 1e+100
[5, 1, 0, 0, 13.840619431149532] 1e+100
[5, 1, 0, 0, 13.559443612674809] 1e+100
[5, 1, 0, 0, 6.178453640923827] 1e+100
[5, 1, 0, 0, 8.509614044389231] 1e+100
[5, 1, 0, 0, 4.567475443619888] 1e+100
[5, 1, 0, 0, 11.916445415650166] 1e+100
[5, 1, 0, 0, 19.66266663725402] 1e+100
[5, 1, 0, 0, 6.936683307325291] 1e+100
[5, 1, 0, 0, 16.03193953041356] 1e+100
[5, 1, 0, 0, 1.3666835712710323] 0.07032604024647
[5, 1, 0, 0, 14.926300206150616] 1e+100
[5, 1, 0, 0, 19.51063455717644] 1e+100
[5, 1, 0, 0, 6.665263447314218] 1e+100
[5, 1, 0, 0, 10.754233668847839] 1e+100
[5, 1, 0, 0, 0.48695532805825614] 1e+100
[5, 1, 0, 0, 11.755330531490937] 1e+100
[5, 1, 0, 0, 8.058403574846071] 1e+100
[5, 1, 0, 0, 3.689918985889784] 1e+100
[5, 1, 0, 0, 9.397774111206285] 1e+100
[5, 1, 0, 0, 17.16770997328306] 1e+100
[5, 1, 0, 0, 8.417210264698722] 1e+100
[5, 1, 0, 0, 19.808287788393752] 1e+100
[5, 1, 0, 0, 0.9899634127991486] 1e+100
[5, 1, 0, 0, 19.406435707869903] 1e+100
[5, 1, 0, 0, 13.055645280542159] 1e+100
[5, 1, 0, 0, 1.4668226680411922] 0.09781631965396
[5, 1, 0, 0, 7.460745833102321] 1e+100
[5, 1, 0, 0, 1.3957058711811121] 0.07845457238436
[5, 1, 0, 0, 18.858014015010205] 1e+100
[5, 1, 0, 0, 4.962439501715183] 1e+100
[5, 1, 0, 0, 12.076627896394577] 1e+100
[5, 1, 0, 0, 3.495337756560435] 1e+100
[5, 1, 0, 0, 18.03015626767365] 1e+100
[5, 1, 0, 0, 11.172019146769331] 1e+100
[5, 1, 0, 0, 13.137858659180708] 1e+100
[5, 1, 0, 0, 7.342497860750754] 1e+100
[5, 1, 0, 0, 1.9084785332162024] 0.19387984584359
[5, 1, 0, 0, 2.7996154993621936] 1e+100
[5, 1, 0, 0, 1.4190174401545397] 0.08489503352204
[5, 1, 0, 0, 8.489149290971431] 1e+100
[5, 1, 0, 0, 13.805844911826062] 1e+100
[5, 1, 0, 0, 5.857494573659556] 1e+100
[5, 1, 0, 0, 11.774295998886483] 1e+100
[5, 1, 0, 0, 7.715739792353409] 1e+100
[5, 1, 0, 0, 5.327723559033903] 1e+100
[5, 1, 0, 0, 0.6663144640872298] 1e+100
[5, 1, 0, 0, 6.936727140008365] 1e+100
[5, 1, 0, 0, 6.244955864025188] 1e+100
[5, 1, 0, 0, 1.9203421202530047] 0.19588930711542
[5, 1, 0, 0, 7.1459929113514375] 1e+100
[5, 1, 0, 0, 7.1721110288268] 1e+100
[5, 1, 0, 0, 1.1566131511916788] 0.01020344846075
[5, 1, 0, 0, 3.941655309877554] 1e+100
[5, 1, 0, 0, 10.104227727227498] 1e+100
[5, 1, 0, 0, 11.275623688751065] 1e+100
[5, 1, 0, 0, 11.718754963474264] 1e+100
[5, 1, 0, 0, 18.228545904032075] 1e+100
[5, 1, 0, 0, 19.229380911561364] 1e+100
[5, 1, 0, 0, 5.853175803689532] 1e+100
[5, 1, 0, 0, 14.270691871639238] 1e+100
[5, 1, 0, 0, 16.168424014278514] 1e+100
[5, 1, 0, 0, 10.4729043721916] 1e+100
[5, 1, 0, 0, 8.519818873412808] 1e+100
[5, 1, 0, 0, 13.631786258614312] 1e+100
[5, 1, 0, 0, 2.4713433769146853] 0.26972563145256
[5, 1, 0, 0, 17.151760007555186] 1e+100
[5, 1, 0, 0, 6.218144522170139] 1e+100
[5, 1, 0, 0, 0.4741334532139896] 1e+100
[5, 1, 0, 0, 6.629627038481196] 1e+100
[5, 1, 0, 0, 15.754350818244255] 1e+100
[5, 1, 0, 0, 11.431259655271004] 1e+100
[5, 1, 0, 0, 3.2778219842315948] 1e+100
[5, 1, 0, 0, 12.648839158652871] 1e+100
[5, 1, 0, 0, 8.712694636420125] 1e+100
[5, 1, 0, 0, 14.036382993274097] 1e+100
[5, 1, 0, 0, 19.49356251207515] 1e+100
[5, 1, 0, 0, 12.309601257903683] 1e+100
[5, 1, 0, 0, 7.209675317389426] 1e+100
[5, 1, 0, 0, 17.89198789843767] 1e+100
[5, 1, 0, 0, 0.03259860159848138] 1e+100
[5, 1, 0, 0, 12.861038883958857] 1e+100
[5, 1, 0, 0, 1.416651783068077] 0.08424536007188
[5, 1, 0, 0, 14.998501040581695] 1e+100
[5, 1, 0, 0, 0.7606035976236192] 1e+100
[5, 1, 0, 0, 17.749152977489395] 1e+100
[5, 1, 0, 0, 15.405825691605736] 1e+100
[5, 1, 0, 0, 2.0348885595354815] 0.214080731145
[5, 1, 0, 0, 3.162795717419069] 1e+100
[5, 1, 0, 0, 18.9686701450231] 1e+100
[5, 1, 0, 0, 0.8351004727730782] 1e+100
[5, 1, 0, 0, 1.167420632950431] 0.01323268518851
[5, 1, 0, 0, 10.553700061270003] 1e+100
[5, 1, 0, 0, 15.62819595267182] 1e+100
[5, 1, 0, 0, 1.0895422264919352] 0.00795421381203
[5, 1, 0, 0, 5.085627342646937] 1e+100
[5, 1, 0, 0, 18.678641820134224] 1e+100
[5, 1, 0, 0, 2.3398377443429075] 0.25459269727781
[5, 1, 0, 0, 4.61676735202518] 1e+100
[5, 1, 0, 0, 11.8186305422251] 1e+100
[5, 1, 0, 0, 0.7486704862350324] 1e+100
[5, 1, 0, 0, 10.98623103729696] 1e+100
[5, 1, 0, 0, 3.752511207745115] 1e+100
[5, 1, 0, 0, 13.064355750550954] 1e+100
[5, 1, 0, 0, 11.641502469517572] 1e+100
[5, 1, 0, 0, 12.684184812208843] 1e+100
[5, 1, 0, 0, 10.451105018015692] 1e+100
[5, 1, 0, 0, 15.988711317248352] 1e+100
[5, 1, 0, 0, 4.010754075925698] 1e+100
[5, 1, 0, 0, 6.602169102050124] 1e+100
[5, 1, 0, 0, 3.9612863286974798] 1e+100
[5, 1, 0, 0, 10.682463426042993] 1e+100
[5, 1, 0, 0, 11.9692233453062] 1e+100
[5, 1, 0, 0, 4.356869166131389] 1e+100
[5, 1, 0, 0, 3.583671050583064] 1e+100
[5, 1, 0, 0, 7.255585850001776] 1e+100
[5, 1, 0, 0, 10.509133866025802] 1e+100
[5, 1, 0, 0, 18.358789377603365] 1e+100
[5, 1, 0, 0, 13.977959096591551] 1e+100
[5, 1, 0, 0, 8.951690895665514] 1e+100
[5, 1, 0, 0, 1.7108435379478482] 0.15627158266411
[5, 1, 0, 0, 0.9325521058764186] 1e+100
[5, 1, 0, 0, 6.6949146834057816] 1e+100
[5, 1, 0, 0, 5.489649474106757] 1e+100
[5, 1, 0, 0, 6.57898697046889] 1e+100
[5, 1, 0, 0, 11.603023585519017] 1e+100
[5, 1, 0, 0, 10.816155931067453] 1e+100
[5, 1, 0, 0, 6.7780445428177405] 1e+100
[5, 1, 0, 0, 4.066684612039682] 1e+100
[5, 1, 0, 0, 9.464962991347525] 1e+100
[5, 1, 0, 0, 10.662795667138425] 1e+100
[5, 1, 0, 0, 17.784400353194027] 1e+100
[5, 1, 0, 0, 7.618076724369642] 1e+100
[5, 1, 0, 0, 6.2815727920231375] 1e+100
[5, 1, 0, 0, 14.303547015082927] 1e+100
[5, 1, 0, 0, 3.67038865950317] 1e+100
[5, 1, 0, 0, 15.483924118855978] 1e+100
[5, 1, 0, 0, 13.783670686154405] 1e+100
[5, 1, 0, 0, 1.7955714198037076] 0.17340233512143
[5, 1, 0, 0, 17.7348847390325] 1e+100
[5, 1, 0, 0, 13.871696137935443] 1e+100
[5, 1, 0, 0, 11.122533686510375] 1e+100
[5, 1, 0, 0, 12.783536224544623] 1e+100
[5, 1, 0, 0, 18.78481094595096] 1e+100
[5, 1, 0, 0, 13.945486802037617] 1e+100
[5, 1, 0, 0, 9.533764455757954] 1e+100
[5, 1, 0, 0, 9.375795169921597] 1e+100
[5, 1, 0, 0, 7.207512737911856] 1e+100
[5, 1, 0, 0, 3.877546840456454] 1e+100
[5, 1, 0, 0, 10.940055966017539] 1e+100
[5, 1, 0, 0, 17.752994000106263] 1e+100
[5, 1, 0, 0, 6.455887530275255] 1e+100
[5, 1, 0, 0, 19.101865933934235] 1e+100
[5, 1, 0, 0, 16.299449908483762] 1e+100
[5, 1, 0, 0, 8.773855068647652] 1e+100
[5, 1, 0, 0, 18.822146952546706] 1e+100
[5, 1, 0, 0, 17.75080648708585] 1e+100
[5, 1, 0, 0, 4.341109688486355] 1e+100
[5, 1, 0, 0, 7.441182132996689] 1e+100
[5, 1, 0, 0, 0.5852791222275977] 1e+100
[5, 1, 0, 0, 12.859464417428175] 1e+100
[5, 1, 0, 0, 2.9187386618438116] 1e+100
[5, 1, 0, 0, 5.832424724680947] 1e+100
[5, 1, 0, 0, 14.67993772636709] 1e+100
[5, 1, 0, 0, 8.19227737638354] 1e+100
[5, 1, 0, 0, 2.847491048443196] 1e+100
[5, 1, 0, 0, 9.261067545873106] 1e+100
[5, 1, 0, 0, 4.991955112534649] 1e+100
[5, 1, 0, 0, 4.8866249745905055] 1e+100
[5, 1, 0, 0, 19.16562918534059] 1e+100
[5, 1, 0, 0, 8.730467819995912] 1e+100
[5, 1, 0, 0, 9.664771111641443] 1e+100
[5, 1, 0, 0, 5.20314782734824] 1e+100
[5, 1, 0, 0, 18.435925255870174] 1e+100
[5, 1, 0, 0, 6.42468967771924] 1e+100
[5, 1, 0, 0, 11.514359484800798] 1e+100
[5, 1, 0, 0, 8.553679542912661] 1e+100
[5, 1, 0, 0, 17.61371945404657] 1e+100
[5, 1, 0, 0, 16.897662547885623] 1e+100
[5, 1, 0, 0, 19.091162379451305] 1e+100
[5, 1, 0, 0, 15.984982099149871] 1e+100
[5, 1, 0, 0, 15.096099950897896] 1e+100
[5, 1, 0, 0, 14.441832571752833] 1e+100
[5, 1, 0, 0, 16.774557025092985] 1e+100
[5, 1, 0, 0, 13.963540199516943] 1e+100
[5, 1, 0, 0, 11.262818685810643] 1e+100
[5, 1, 0, 0, 6.6954960868786095] 1e+100
[5, 1, 0, 0, 0.37372045965253564] 1e+100
[5, 1, 0, 0, 13.491185099731704] 1e+100
[5, 1, 0, 0, 4.626080210543906] 1e+100
[5, 1, 0, 0, 19.70548473719743] 1e+100
[5, 1, 0, 0, 10.129277633807941] 1e+100
[5, 1, 0, 0, 16.75253029973987] 1e+100
[5, 1, 0, 0, 15.54365868839126] 1e+100
[5, 1, 0, 0, 18.991000093416474] 1e+100
[5, 1, 0, 0, 6.877437467187432] 1e+100
[5, 1, 0, 0, 8.972551531104545] 1e+100
[5, 1, 0, 0, 12.748576319088514] 1e+100
[5, 1, 0, 0, 13.052372128433188] 1e+100
[5, 1, 0, 0, 10.070814344349042] 1e+100
[5, 1, 0, 0, 13.956644352586] 1e+100
[5, 1, 0, 0, 5.342644134566199] 1e+100
[5, 1, 0, 0, 17.64817515135288] 1e+100
[5, 1, 0, 0, 9.124291920921866] 1e+100
[5, 1, 0, 0, 18.29327499423522] 1e+100
[5, 1, 0, 0, 13.374464891120292] 1e+100
[5, 1, 0, 0, 6.543931548283193] 1e+100
[5, 1, 0, 0, 17.079009545301417] 1e+100
[5, 1, 0, 0, 19.858794306695323] 1e+100
[5, 1, 0, 0, 8.169090444806574] 1e+100
[5, 1, 0, 0, 17.12476118395617] 1e+100
[5, 1, 0, 0, 5.004516116810819] 1e+100
[5, 1, 0, 0, 3.710785755355974] 1e+100
[5, 1, 0, 0, 2.866839647890045] 1e+100
[5, 1, 0, 0, 4.367524257687984] 1e+100
[5, 1, 0, 0, 9.511293292226995] 1e+100
[5, 1, 0, 0, 15.411649788822125] 1e+100
[5, 1, 0, 0, 17.227616563104547] 1e+100
[5, 1, 0, 0, 7.326058024313555] 1e+100
[5, 1, 0, 0, 12.705776903025662] 1e+100
[5, 1, 0, 0, 2.3599836019690446] 0.25698252902296
[5, 1, 0, 0, 18.186847936538893] 1e+100
[5, 1, 0, 0, 0.3404380920545824] 1e+100
[5, 1, 0, 0, 3.046901545406646] 1e+100
[5, 1, 0, 0, 11.12615141226872] 1e+100
[5, 1, 0, 0, 8.569286620697497] 1e+100
[5, 1, 0, 0, 17.368506563052005] 1e+100
[5, 1, 0, 0, 0.5431247224343805] 1e+100
[5, 1, 0, 0, 9.091094953496341] 1e+100
[5, 1, 0, 0, 10.962067995507937] 1e+100
[5, 1, 0, 0, 15.741135547498107] 1e+100
[5, 1, 0, 0, 7.365018624473971] 1e+100
[5, 1, 0, 0, 4.039155146040143] 1e+100
[5, 1, 0, 0, 9.534470131022598] 1e+100
[5, 1, 0, 0, 6.5594133483923684] 1e+100
[5, 1, 0, 0, 14.76089113644528] 1e+100
[5, 1, 0, 0, 15.414085282754604] 1e+100
[5, 1, 0, 0, 3.9970628544355824] 1e+100
[5, 1, 0, 0, 18.37829259322662] 1e+100
[5, 1, 0, 0, 11.114480937355227] 1e+100
[5, 1, 0, 0, 13.6447288003118] 1e+100
[5, 1, 0, 0, 15.809980585871843] 1e+100
[5, 1, 0, 0, 14.087936301818454] 1e+100
[5, 1, 0, 0, 12.896245626716352] 1e+100
[5, 1, 0, 0, 10.726738969594496] 1e+100
[5, 1, 0, 0, 1.8037802123599667] 0.17497847004755
[5, 1, 0, 0, 14.005056901825565] 1e+100
[5, 1, 0, 0, 17.37955805873518] 1e+100
[5, 1, 0, 0, 1.2392325338290622] 0.03375333528881
[5, 1, 0, 0, 6.736303645690476] 1e+100
[5, 1, 0, 0, 3.1879863514822016] 1e+100
[5, 1, 0, 0, 18.68106017016325] 1e+100
[5, 1, 0, 0, 17.861820254609455] 1e+100
[5, 1, 0, 0, 11.927749885074512] 1e+100
[5, 1, 0, 0, 7.724838817892228] 1e+100
[5, 1, 0, 0, 10.157021582150998] 1e+100
[5, 1, 0, 0, 6.17394849529324] 1e+100
[5, 1, 0, 0, 12.030904490490055] 1e+100
[5, 1, 0, 0, 11.296374840148166] 1e+100
[5, 1, 0, 0, 0.3003340207745686] 1e+100
[5, 1, 0, 0, 18.985684455981364] 1e+100
[5, 1, 0, 0, 4.149435216633401] 1e+100
[5, 1, 0, 0, 8.47442797014108] 1e+100
[5, 1, 0, 0, 15.648399517800556] 1e+100
[5, 1, 0, 0, 19.99687842538641] 1e+100
[5, 1, 0, 0, 9.248532056242363] 1e+100
[5, 1, 0, 0, 15.30989339609065] 1e+100
[5, 1, 0, 0, 17.448737642538536] 1e+100
[5, 1, 0, 0, 18.971465443720238] 1e+100
[5, 1, 0, 0, 18.39475927647239] 1e+100
[5, 1, 0, 0, 8.766200343526263] 1e+100
[5, 1, 0, 0, 1.9602336640075402] 0.2024653061532
[5, 1, 0, 0, 10.625841826684317] 1e+100
[5, 1, 0, 0, 12.638046697979613] 1e+100
[5, 1, 0, 0, 19.137803016687936] 1e+100
[5, 1, 0, 0, 10.95480248677909] 1e+100
[5, 1, 0, 0, 2.2171869770736996] 0.23938562809707
[5, 1, 0, 0, 6.666911942854112] 1e+100
[5, 1, 0, 0, 12.371219384349386] 1e+100
[5, 1, 0, 0, 7.422996694497053] 1e+100
[5, 1, 0, 0, 9.399738115683792] 1e+100
[5, 1, 0, 0, 6.179701642419091] 1e+100
[5, 1, 0, 0, 11.847647728992719] 1e+100
[5, 1, 0, 0, 10.815505929305312] 1e+100
[5, 1, 0, 0, 14.82823774639667] 1e+100
[5, 1, 0, 0, 10.800584822429238] 1e+100
[5, 1, 0, 0, 4.0813865191533765] 1e+100
[5, 1, 0, 0, 15.458069414124076] 1e+100
[5, 1, 0, 0, 19.837490834726125] 1e+100
[5, 1, 0, 0, 10.794809993328954] 1e+100
[5, 1, 0, 0, 6.516786732863227] 1e+100
[5, 1, 0, 0, 5.401847791419831] 1e+100
[5, 1, 0, 0, 13.121969492710585] 1e+100
[5, 1, 0, 0, 15.757318844573076] 1e+100
[5, 1, 0, 0, 13.460864738686043] 1e+100
[5, 1, 0, 0, 2.2522163034654707] 0.24385334073598
[5, 1, 0, 0, 15.624485415227284] 1e+100
[5, 1, 0, 0, 1.384757144060904] 0.07540154237422
[5, 1, 0, 0, 6.512006456052486] 1e+100
[5, 1, 0, 0, 0.5434998416059411] 1e+100
[5, 1, 0, 0, 14.417016818868643] 1e+100
[5, 1, 0, 0, 0.45983630771532447] 1e+100
[5, 1, 0, 0, 19.647859407486866] 1e+100
[5, 1, 0, 0, 8.04840854873177] 1e+100
[5, 1, 0, 0, 14.568226850224171] 1e+100
[5, 1, 0, 0, 3.0955671206016255] 1e+100
[5, 1, 0, 0, 6.885544895585305] 1e+100
[5, 1, 0, 0, 5.217422719774605] 1e+100
[5, 1, 0, 0, 18.925062312355017] 1e+100
[5, 1, 0, 0, 12.357941113807506] 1e+100
[5, 1, 0, 0, 9.906903202031277] 1e+100
[5, 1, 0, 0, 10.126644533164503] 1e+100
[5, 1, 0, 0, 19.003588200907643] 1e+100
[5, 1, 0, 0, 8.782822221378229] 1e+100
[5, 1, 0, 0, 18.000562010482444] 1e+100
[5, 1, 0, 0, 9.439431205825281] 1e+100
[5, 1, 0, 0, 1.0692479977773783] 0.01315350294857
[5, 1, 0, 0, 2.096983472223106] 0.22313727730034
[5, 1, 0, 0, 10.455716212590897] 1e+100
[5, 1, 0, 0, 7.285369053309836] 1e+100
[5, 1, 0, 0, 13.110753888149155] 1e+100
[5, 1, 0, 0, 9.319129151465663] 1e+100
[5, 1, 0, 0, 5.477931015651556] 1e+100
[5, 1, 0, 0, 12.85366545070116] 1e+100
[5, 1, 0, 0, 13.84271828475698] 1e+100
[5, 1, 0, 0, 17.023365024593698] 1e+100
[5, 1, 0, 0, 4.848055627956109] 1e+100
[5, 1, 0, 0, 17.981956456570995] 1e+100
[5, 1, 0, 0, 15.981232595536456] 1e+100
[5, 1, 0, 0, 3.717307049448213] 1e+100
[5, 1, 0, 0, 3.189477145676416] 1e+100
[5, 1, 0, 0, 2.4275109082205804] 0.26479976781228
[5, 1, 0, 0, 16.407140567495745] 1e+100
[5, 1, 0, 0, 17.23893425401785] 1e+100
[5, 1, 0, 0, 13.32896085767348] 1e+100
[5, 1, 0, 0, 4.795949698986539] 1e+100
[5, 1, 0, 0, 14.030148772439098] 1e+100
[5, 1, 0, 0, 4.292740171790426] 1e+100
[5, 1, 0, 0, 18.977592383966247] 1e+100
[5, 1, 0, 0, 2.687167329751028] 1e+100
[5, 1, 0, 0, 18.272113596516178] 1e+100
[5, 1, 0, 0, 11.091472387142431] 1e+100
[5, 1, 0, 0, 9.39821595470336] 1e+100
[5, 1, 0, 0, 18.12593885085651] 1e+100
[5, 1, 0, 0, 17.460941730112488] 1e+100
[5, 1, 0, 0, 14.697360695246928] 1e+100
[5, 1, 0, 0, 6.10499720999897] 1e+100
[5, 1, 0, 0, 18.786232519796318] 1e+100
[5, 1, 0, 0, 5.9935434059871495] 1e+100
[5, 1, 0, 0, 8.541194420316229] 1e+100
[5, 1, 0, 0, 8.193513562513012] 1e+100
[5, 1, 0, 0, 1.9992708227255074] 0.20864568205921
[5, 1, 0, 0, 5.831518318962912] 1e+100
[5, 1, 0, 0, 10.17482529422798] 1e+100
[5, 1, 0, 0, 15.672099542068194] 1e+100
[5, 1, 0, 0, 0.5369151254636639] 1e+100
[5, 1, 0, 0, 14.346829424312075] 1e+100
[5, 1, 0, 0, 10.406841218115726] 1e+100
[5, 1, 0, 0, 18.023896671057425] 1e+100
[5, 1, 0, 0, 19.446554586407103] 1e+100
[5, 1, 0, 0, 17.422070041762545] 1e+100
[5, 1, 0, 0, 7.167386762287322] 1e+100
[5, 1, 0, 0, 7.428975800663283] 1e+100
[5, 1, 0, 0, 1.1536661535197235] 0.00938134583079
[5, 1, 0, 0, 10.225294166452777] 1e+100
[5, 1, 0, 0, 17.54508962929428] 1e+100
[5, 1, 0, 0, 6.315203905717784] 1e+100
[5, 1, 0, 0, 15.373865005559832] 1e+100
[5, 1, 0, 0, 19.05171343796154] 1e+100
[5, 1, 0, 0, 7.700624376724374] 1e+100
[5, 1, 0, 0, 6.884531605392734] 1e+100
[5, 1, 0, 0, 15.434312261834233] 1e+100
[5, 1, 0, 0, 17.37802604180754] 1e+100
[5, 1, 0, 0, 19.898661137993365] 1e+100
[5, 1, 0, 0, 19.410687556354244] 1e+100
[5, 1, 0, 0, 7.737812098961072] 1e+100
[5, 1, 0, 0, 13.14210536347062] 1e+100
[5, 1, 0, 0, 16.59716929813363] 1e+100
[5, 1, 0, 0, 12.756313883795507] 1e+100
[5, 1, 0, 0, 5.1751301086178785] 1e+100
[5, 1, 0, 0, 6.193873976659403] 1e+100
[5, 1, 0, 0, 5.822354359336792] 1e+100
[5, 1, 0, 0, 12.31669321742233] 1e+100
[5, 1, 0, 0, 10.580180271057014] 1e+100
[5, 1, 0, 0, 2.5721097397312587] 0.2806446372936
[5, 1, 0, 0, 7.172758553292451] 1e+100
[5, 1, 0, 0, 2.3550872361439645] 0.25640423999166
[5, 1, 0, 0, 6.548595858657751] 1e+100
[5, 1, 0, 0, 8.066867501066247] 1e+100
[5, 1, 0, 0, 17.936374983913968] 1e+100
[5, 1, 0, 0, 18.606733204426174] 1e+100
[5, 1, 0, 0, 5.1322768734140345] 1e+100
[5, 1, 0, 0, 6.462030290310404] 1e+100
[5, 1, 0, 0, 9.308540797077017] 1e+100
[5, 1, 0, 0, 12.595603076129951] 1e+100
[5, 1, 0, 0, 13.029617496118513] 1e+100
[5, 1, 0, 0, 4.421564655621899] 1e+100
[5, 1, 0, 0, 7.270898443369315] 1e+100
[5, 1, 0, 0, 8.34365251603992] 1e+100
[5, 1, 0, 0, 3.5637828030401497] 1e+100
[5, 1, 0, 0, 12.023595762743795] 1e+100
[5, 1, 0, 0, 17.765650031662542] 1e+100
[5, 1, 0, 0, 13.66278296438203] 1e+100
[5, 1, 0, 0, 14.824745191440254] 1e+100
[5, 1, 0, 0, 10.922073436841464] 1e+100
[5, 1, 0, 0, 1.6552668237077972] 0.14414979572745
[5, 1, 0, 0, 1.6003117396433741] 0.13145931634919
[5, 1, 0, 0, 11.72070960131073] 1e+100
[5, 1, 0, 0, 14.527754241935739] 1e+100
[5, 1, 0, 0, 13.641559918828793] 1e+100
[5, 1, 0, 0, 0.1732883464497048] 1e+100
[5, 1, 0, 0, 17.838753631226197] 1e+100
[5, 1, 0, 0, 0.2901958753558409] 1e+100
[5, 1, 0, 0, 5.741689801906018] 1e+100
[5, 1, 0, 0, 11.167617333958926] 1e+100
[5, 1, 0, 0, 3.4860076431096254] 1e+100
[5, 1, 0, 0, 12.31054463523284] 1e+100
[5, 1, 0, 0, 18.39984022959563] 1e+100
[5, 1, 0, 0, 5.932954752448241] 1e+100
[5, 1, 0, 0, 15.31547790362925] 1e+100
[5, 1, 0, 0, 16.95816106352143] 1e+100
[5, 1, 0, 0, 19.842906421483747] 1e+100
[5, 1, 0, 0, 0.37762441065807506] 1e+100
[5, 1, 0, 0, 15.187253258153468] 1e+100
[5, 1, 0, 0, 9.490094308050892] 1e+100
[5, 1, 0, 0, 14.689347766392418] 1e+100
[5, 1, 0, 0, 11.496023123559823] 1e+100
[5, 1, 0, 0, 9.648216587269205] 1e+100
[5, 1, 0, 0, 12.189953316503534] 1e+100
[5, 1, 0, 0, 0.3988025701221787] 1e+100
[5, 1, 0, 0, 16.41283698073985] 1e+100
[5, 1, 0, 0, 13.592716345788837] 1e+100
[5, 1, 0, 0, 4.6002645917995855] 1e+100
[5, 1, 0, 0, 8.216572021470746] 1e+100
[5, 1, 0, 0, 16.34606378107899] 1e+100
[5, 1, 0, 0, 19.661484810495374] 1e+100
[5, 1, 0, 0, 4.122702647442999] 1e+100
[5, 1, 0, 0, 9.5913913439936] 1e+100
[5, 1, 0, 0, 6.845136208033187] 1e+100
[5, 1, 0, 0, 17.224856692163478] 1e+100
[5, 1, 0, 0, 12.248472133235563] 1e+100
[5, 1, 0, 0, 8.085228043523614] 1e+100
[5, 1, 0, 0, 1.7697477907378412] 0.16834951653094
[5, 1, 0, 0, 4.1745876235872625] 1e+100
[5, 1, 0, 0, 5.382319821754615] 1e+100
[5, 1, 0, 0, 17.414278953937526] 1e+100
[5, 1, 0, 0, 1.375707727534603] 0.07286558357268
[5, 1, 0, 0, 0.09976802509297444] 1e+100
[5, 1, 0, 0, 0.3853630573052147] 1e+100
[5, 1, 0, 0, 6.487324333096501] 1e+100
[5, 1, 0, 0, 17.39979981288993] 1e+100
[5, 1, 0, 0, 18.05209535860905] 1e+100
[5, 1, 0, 0, 17.44299860150178] 1e+100
[5, 1, 0, 0, 18.330010885995303] 1e+100
[5, 1, 0, 0, 8.837491399689927] 1e+100
[5, 1, 0, 0, 12.782242040740554] 1e+100
[5, 1, 0, 0, 6.5404141868219305] 1e+100
[5, 1, 0, 0, 12.343981560370562] 1e+100
[5, 1, 0, 0, 7.056417333261866] 1e+100
[5, 1, 0, 0, 14.31067489368199] 1e+100
[5, 1, 0, 0, 14.588100684725385] 1e+100
[5, 1, 0, 0, 7.338844578882677] 1e+100
[5, 1, 0, 0, 14.305924290464798] 1e+100
[5, 1, 0, 0, 18.3498592745906] 1e+100
[5, 1, 0, 0, 9.502038182384812] 1e+100
[5, 1, 0, 0, 12.664644092053335] 1e+100
[5, 1, 0, 0, 18.44869521579225] 1e+100
[5, 1, 0, 0, 16.79745883354353] 1e+100
[5, 1, 0, 0, 6.347346655074286] 1e+100
[5, 1, 0, 0, 1.319320132390871] 0.05684927356728
[5, 1, 0, 0, 5.13479114489847] 1e+100
[5, 1, 0, 0, 18.313426944649137] 1e+100
[5, 1, 0, 0, 1.0439544180365057] 0.01937820813302
[5, 1, 0, 0, 5.591595049396276] 1e+100
[5, 1, 0, 0, 4.911802668037737] 1e+100
[5, 1, 0, 0, 4.717939283367871] 1e+100
[5, 1, 0, 0, 2.021796671705587] 0.21210441589427
[5, 1, 0, 0, 15.395771128858165] 1e+100
[5, 1, 0, 0, 18.039980558911218] 1e+100
[5, 1, 0, 0, 6.763784899476861] 1e+100
[5, 1, 0, 0, 16.92524664716795] 1e+100
[5, 1, 0, 0, 19.133268410556145] 1e+100
[5, 1, 0, 0, 10.216914163879986] 1e+100
[5, 1, 0, 0, 9.881964630128886] 1e+100
[5, 1, 0, 0, 18.420281151566478] 1e+100
[5, 1, 0, 0, 7.3887232632943345] 1e+100
[5, 1, 0, 0, 8.262049591609825] 1e+100
[5, 1, 0, 0, 17.503571406785316] 1e+100
[5, 1, 0, 0, 16.847988167121006] 1e+100
[5, 1, 0, 0, 19.212500620042647] 1e+100
[5, 1, 0, 0, 17.288046885001364] 1e+100
[5, 1, 0, 0, 16.010757355862843] 1e+100
[5, 1, 0, 0, 15.65471302096173] 1e+100
[5, 1, 0, 0, 7.35758785641091] 1e+100
[5, 1, 0, 0, 7.625362540171876] 1e+100
[5, 1, 0, 0, 0.021080859220667936] 1e+100
[5, 1, 0, 0, 3.942961078556464] 1e+100
[5, 1, 0, 0, 16.83789701658183] 1e+100
[5, 1, 0, 0, 15.786543900350834] 1e+100
[5, 1, 0, 0, 13.209272631823827] 1e+100
[5, 1, 0, 0, 2.353112147574399] 0.25617051131221
[5, 1, 0, 0, 3.0241030824565995] 1e+100
[5, 1, 0, 0, 15.94714520736179] 1e+100
[5, 1, 0, 0, 4.915384350253371] 1e+100
[5, 1, 0, 0, 15.915906045429262] 1e+100
[5, 1, 0, 0, 17.176952320443753] 1e+100
[5, 1, 0, 0, 7.260839777975927] 1e+100
[5, 1, 0, 0, 19.408388068407707] 1e+100
[5, 1, 0, 0, 12.455981336498043] 1e+100
[5, 1, 0, 0, 0.8960560397128958] 1e+100
[5, 1, 0, 0, 2.9349867872364954] 1e+100
[5, 1, 0, 0, 8.989767782342222] 1e+100
[5, 1, 0, 0, 5.318534706268094] 1e+100
[5, 1, 0, 0, 10.631488905573523] 1e+100
[5, 1, 0, 0, 11.217930179220668] 1e+100
[5, 1, 0, 0, 12.612555017883526] 1e+100
[5, 1, 0, 0, 3.6388715964816276] 1e+100
[5, 1, 0, 0, 17.147119332918162] 1e+100
[5, 1, 0, 0, 15.500549666261312] 1e+100
[5, 1, 0, 0, 0.3238670147351397] 1e+100
[5, 1, 0, 0, 2.839191771922336] 1e+100
[5, 1, 0, 0, 10.422176269422332] 1e+100
[5, 1, 0, 0, 6.366497377728226] 1e+100
[5, 1, 0, 0, 1.603381869885232] 0.1321867055355
[5, 1, 0, 0, 15.243489926529383] 1e+100
[5, 1, 0, 0, 7.946693476220377] 1e+100
[5, 1, 0, 0, 5.097737592756455] 1e+100
[5, 1, 0, 0, 7.980523685876224] 1e+100
[5, 1, 0, 0, 10.74197541297324] 1e+100
[5, 1, 0, 0, 3.4101956973693293] 1e+100
[5, 1, 0, 0, 9.765995637823027] 1e+100
[5, 1, 0, 0, 0.05732086248525725] 1e+100
[5, 1, 0, 0, 5.433540808718944] 1e+100
[5, 1, 0, 0, 10.464108968358026] 1e+100
[5, 1, 0, 0, 2.132406105976241] 0.2280878716796
[5, 1, 0, 0, 11.672748688168133] 1e+100
[5, 1, 0, 0, 19.985929710071538] 1e+100
[5, 1, 0, 0, 19.43337726403176] 1e+100
[5, 1, 0, 0, 10.067354825247767] 1e+100
[5, 1, 0, 0, 9.353982426770935] 1e+100
[5, 1, 0, 0, 9.580076917268608] 1e+100
[5, 1, 0, 0, 15.182875971052209] 1e+100
[5, 1, 0, 0, 13.564541315235822] 1e+100
[5, 1, 0, 0, 7.358399621856597] 1e+100
[5, 1, 0, 0, 17.29277836243621] 1e+100
[5, 1, 0, 0, 1.367899504225778] 0.07066882129642
[5, 1, 0, 0, 6.463112054328526] 1e+100
[5, 1, 0, 0, 15.901141751536992] 1e+100
[5, 1, 0, 0, 14.30560464600276] 1e+100
[5, 1, 0, 0, 6.752612674918397] 1e+100
[5, 1, 0, 0, 8.273024149529347] 1e+100
[5, 1, 0, 0, 17.890622578210632] 1e+100
[5, 1, 0, 0, 8.27767992337324] 1e+100
[5, 1, 0, 0, 11.089926606365829] 1e+100
[5, 1, 0, 0, 3.6261244383129765] 1e+100
[5, 1, 0, 0, 9.747812007221036] 1e+100
[5, 1, 0, 0, 8.888149282728882] 1e+100
[5, 1, 0, 0, 18.0729897971274] 1e+100
[5, 1, 0, 0, 5.872831151683733] 1e+100
[5, 1, 0, 0, 3.36071610800339] 1e+100
[5, 1, 0, 0, 14.537070053843388] 1e+100
[5, 1, 0, 0, 3.905542567506035] 1e+100
[5, 1, 0, 0, 5.740214542264745] 1e+100
[5, 1, 0, 0, 11.26535383615681] 1e+100
[5, 1, 0, 0, 19.829246148613525] 1e+100
[5, 1, 0, 0, 12.662309080871507] 1e+100
[5, 1, 0, 0, 18.319707789396002] 1e+100
[5, 1, 0, 0, 1.6787855599639379] 0.14936664865988
[5, 1, 0, 0, 13.705382132971632] 1e+100
[5, 1, 0, 0, 6.039196634256916] 1e+100
[5, 1, 0, 0, 10.137529606358708] 1e+100
[5, 1, 0, 0, 13.872277984995602] 1e+100
[5, 1, 0, 0, 7.462792766284063] 1e+100
[5, 1, 0, 0, 15.80248615255895] 1e+100
[5, 1, 0, 0, 17.537076092427704] 1e+100
[5, 1, 0, 0, 8.139996356158608] 1e+100
[5, 1, 0, 0, 14.680969426673357] 1e+100
[5, 1, 0, 0, 5.306734790484593] 1e+100
[5, 1, 0, 0, 13.051092486296492] 1e+100
[5, 1, 0, 0, 0.07314357553621642] 1e+100
[5, 1, 0, 0, 14.832939313596626] 1e+100
[5, 1, 0, 0, 4.001635003136981] 1e+100
[5, 1, 0, 0, 16.430731661329958] 1e+100
[5, 1, 0, 0, 5.970966241891875] 1e+100
[5, 1, 0, 0, 1.4073239666552473] 0.08167493969112
[5, 1, 0, 0, 16.256082981260683] 1e+100
[5, 1, 0, 0, 5.608702052923973] 1e+100
[5, 1, 0, 0, 4.0436991735935575] 1e+100
[5, 1, 0, 0, 15.38038634073411] 1e+100
[5, 1, 0, 0, 7.11681863166528] 1e+100
[5, 1, 0, 0, 1.7541620549543113] 0.16522934415419
[5, 1, 0, 0, 12.412996003091328] 1e+100
[5, 1, 0, 0, 12.010707605854096] 1e+100
[5, 1, 0, 0, 5.38530101684175] 1e+100
[5, 1, 0, 0, 19.185540333335986] 1e+100
[5, 1, 0, 0, 4.688039353480717] 1e+100
[5, 1, 0, 0, 7.370007536112293] 1e+100
[5, 1, 0, 0, 8.435777636321799] 1e+100
[5, 1, 0, 0, 0.6642270864644328] 1e+100
[5, 1, 0, 0, 11.643335396200792] 1e+100
[5, 1, 0, 0, 11.235754639975292] 1e+100
[5, 1, 0, 0, 7.612257994347513] 1e+100
[5, 1, 0, 0, 13.03765533406094] 1e+100
[5, 1, 0, 0, 6.9850625749579525] 1e+100
[5, 1, 0, 0, 15.853400161744485] 1e+100
[5, 1, 0, 0, 19.274606050062587] 1e+100
[5, 1, 0, 0, 0.7357573673229112] 1e+100
[5, 1, 0, 0, 2.6938392623638374] 1e+100
[5, 1, 0, 0, 12.49129322340635] 1e+100
[5, 1, 0, 0, 12.197817088570485] 1e+100
[5, 1, 0, 0, 13.968520835668583] 1e+100
[5, 1, 0, 0, 4.2968164903519] 1e+100
[5, 1, 0, 0, 13.9214109518476] 1e+100
[5, 1, 0, 0, 9.905025851378149] 1e+100
[5, 1, 0, 0, 15.706029070426428] 1e+100
[5, 1, 0, 0, 17.42258639721982] 1e+100
[5, 1, 0, 0, 8.187998508982904] 1e+100
[5, 1, 0, 0, 19.090210097052086] 1e+100
[5, 1, 0, 0, 13.781202316795083] 1e+100
[5, 1, 0, 0, 19.449553688380828] 1e+100
[5, 1, 0, 0, 11.9417600368305] 1e+100
[5, 1, 0, 0, 19.868482604636167] 1e+100
[5, 1, 0, 0, 7.806586479773259] 1e+100
[5, 1, 0, 0, 17.882998889123716] 1e+100
[5, 1, 0, 0, 6.0962624391326115] 1e+100
[5, 1, 0, 0, 3.1707837311750686] 1e+100
[5, 1, 0, 0, 11.880883789181055] 1e+100
[5, 1, 0, 0, 14.336384621082248] 1e+100
[5, 1, 0, 0, 0.3411515166184542] 1e+100
[5, 1, 0, 0, 0.4542519158966152] 1e+100
[5, 1, 0, 0, 6.605886085616774] 1e+100
[5, 1, 0, 0, 7.801779910354043] 1e+100
[5, 1, 0, 0, 10.749835753679465] 1e+100
[5, 1, 0, 0, 6.214795635651966] 1e+100
[5, 1, 0, 0, 16.1457064887821] 1e+100
[5, 1, 0, 0, 9.750494869177128] 1e+100
[5, 1, 0, 0, 11.368128759266892] 1e+100
[5, 1, 0, 0, 4.885435503131661] 1e+100
[5, 1, 0, 0, 1.4528761488387487] 0.09408920886342
[5, 1, 0, 0, 6.984971302392715] 1e+100
[5, 1, 0, 0, 8.84502932675334] 1e+100
[5, 1, 0, 0, 7.424062647195093] 1e+100
[5, 1, 0, 0, 19.098098358073216] 1e+100
[5, 1, 0, 0, 14.521252356812742] 1e+100
[5, 1, 0, 0, 14.843518850297768] 1e+100
[5, 1, 0, 0, 2.4319413679873825] 0.26530278694842
[5, 1, 0, 0, 19.121594161709247] 1e+100
[5, 1, 0, 0, 18.402666965668686] 1e+100
[5, 1, 0, 0, 8.894487416913686] 1e+100
[5, 1, 0, 0, 1.296584057124992] 0.05031330910928
[5, 1, 0, 0, 18.570255066229823] 1e+100
[5, 1, 0, 0, 3.810240349462495] 1e+100
[5, 1, 0, 0, 6.210202710445483] 1e+100
[5, 1, 0, 0, 14.434538884864082] 1e+100
[5, 1, 0, 0, 0.9326926337528385] 1e+100
[5, 1, 0, 0, 0.21518081361747043] 1e+100
[5, 1, 0, 0, 16.52684655060745] 1e+100
[5, 1, 0, 0, 0.13190217500318902] 1e+100
[5, 1, 0, 0, 9.158627687729755] 1e+100
[5, 1, 0, 0, 16.611000329083197] 1e+100
[5, 1, 0, 0, 6.62726965500722] 1e+100
[5, 1, 0, 0, 10.237787257504525] 1e+100
[5, 1, 0, 0, 4.4150018139341025] 1e+100
[5, 1, 0, 0, 2.685036075928162] 1e+100
[5, 1, 0, 0, 8.620509032292276] 1e+100
[5, 1, 0, 0, 19.119857575436143] 1e+100
[5, 1, 0, 0, 17.225625533983525] 1e+100
[5, 1, 0, 0, 2.275110157373883] 0.24671686719951
[5, 1, 0, 0, 11.266305178349247] 1e+100
[5, 1, 0, 0, 15.809143338879997] 1e+100
[5, 1, 0, 0, 0.1092121612768393] 1e+100
[5, 1, 0, 0, 15.412797914326294] 1e+100
[5, 1, 0, 0, 1.9656658707066432] 0.20333998056414
[5, 1, 0, 0, 10.320271227269595] 1e+100
[5, 1, 0, 0, 2.5978363442036367] 0.28334617475244
[5, 1, 0, 0, 14.527898426250228] 1e+100
[5, 1, 0, 0, 3.0468690168249957] 1e+100
[5, 1, 0, 0, 1.4495523367671526] 0.09319561130584
[5, 1, 0, 0, 1.4027633656515448] 0.08041330172142
[5, 1, 0, 0, 2.7722211069773683] 1e+100
[5, 1, 0, 0, 1.8454726655754383] 0.18276615112089
[5, 1, 0, 0, 9.79249384333992] 1e+100
[5, 1, 0, 0, 11.025997691548369] 1e+100
[5, 1, 0, 0, 11.200050718025025] 1e+100
[5, 1, 0, 0, 18.36026079223344] 1e+100
[5, 1, 0, 0, 9.549420289942496] 1e+100
[5, 1, 0, 0, 1.0256171127110636] 0.02368622162596
[5, 1, 0, 0, 12.750985302928097] 1e+100
[5, 1, 0, 0, 5.545488271021406] 1e+100
[5, 1, 0, 0, 4.516584724738197] 1e+100
[5, 1, 0, 0, 14.857985060581731] 1e+100
[5, 1, 0, 0, 16.133807944766932] 1e+100
[5, 1, 0, 0, 9.345169643500299] 1e+100
[5, 1, 0, 0, 16.354461036887862] 1e+100
[5, 1, 0, 0, 14.479378116195] 1e+100
[5, 1, 0, 0, 14.203405309322406] 1e+100
[5, 1, 0, 0, 5.037478040599677] 1e+100
[5, 1, 0, 0, 15.395497107202331] 1e+100
[5, 1, 0, 0, 6.138628513765736] 1e+100
[5, 1, 0, 0, 9.786591340977877] 1e+100
[5, 1, 0, 0, 7.958146708019007] 1e+100
[5, 1, 0, 0, 14.908292752527167] 1e+100
[5, 1, 0, 0, 9.614698539488353] 1e+100
[5, 1, 0, 0, 13.02705984946898] 1e+100
[5, 1, 0, 0, 14.5658349743419] 1e+100
[5, 1, 0, 0, 18.230582948331854] 1e+100
[5, 1, 0, 0, 3.532284353994297] 1e+100
[5, 1, 0, 0, 5.105541048187505] 1e+100
[5, 1, 0, 0, 1.2330124361223493] 0.03195913511742
[5, 1, 0, 0, 19.578064666490135] 1e+100
[5, 1, 0, 0, 17.84461516371662] 1e+100
[5, 1, 0, 0, 6.098648654886693] 1e+100
[5, 1, 0, 0, 14.981546986276221] 1e+100
[5, 1, 0, 0, 0.3307448890714526] 1e+100
[5, 1, 0, 0, 5.9343120149195405] 1e+100
[5, 1, 0, 0, 18.009761785310296] 1e+100
[5, 1, 0, 0, 19.1229543954954] 1e+100
[5, 1, 0, 0, 6.591138695855947] 1e+100
[5, 1, 0, 0, 7.428906058910345] 1e+100
[5, 1, 0, 0, 18.947906688725066] 1e+100
[5, 1, 0, 0, 1.4841027567275655] 0.10238259024994
[5, 1, 0, 0, 1.633179449130644] 0.13913344271224
[5, 1, 0, 0, 15.946771161281596] 1e+100
[5, 1, 0, 0, 8.035137348033391] 1e+100
[5, 1, 0, 0, 13.32826402559425] 1e+100
[5, 1, 0, 0, 18.29140252048131] 1e+100
[5, 1, 0, 0, 16.98637717384228] 1e+100
[5, 1, 0, 0, 10.107478348525076] 1e+100
[5, 1, 0, 0, 13.257571671211368] 1e+100
[5, 1, 0, 0, 2.429115385206697] 0.26498207038482
[5, 1, 0, 0, 14.273891772834927] 1e+100
[5, 1, 0, 0, 17.617006368902153] 1e+100
[5, 1, 0, 0, 13.503577553835008] 1e+100
[5, 1, 0, 0, 8.4909419745665] 1e+100
[5, 1, 0, 0, 10.91825474151959] 1e+100
[5, 1, 0, 0, 3.8528035906005376] 1e+100
[5, 1, 0, 0, 4.591294740490641] 1e+100
[5, 1, 0, 0, 7.627776785157687] 1e+100
[5, 1, 0, 0, 15.23201701754839] 1e+100
[5, 1, 0, 0, 16.870940250754817] 1e+100
[5, 1, 0, 0, 3.222954711389203] 1e+100
[5, 1, 0, 0, 2.879525456220442] 1e+100
[5, 1, 0, 0, 7.621625845329831] 1e+100
[5, 1, 0, 0, 5.127203011353085] 1e+100
[5, 1, 0, 0, 10.6992576485917] 1e+100
[5, 1, 0, 0, 16.352180735642683] 1e+100
[5, 1, 0, 0, 4.803059745008918] 1e+100
[5, 1, 0, 0, 19.720633211675608] 1e+100
[5, 1, 0, 0, 9.043792191530313] 1e+100
[5, 1, 0, 0, 17.472462467355196] 1e+100
[5, 1, 0, 0, 10.49951947214445] 1e+100
[5, 1, 0, 0, 9.125605089951092] 1e+100
[5, 1, 0, 0, 6.3589726131971585] 1e+100
[5, 1, 0, 0, 5.96534210333719] 1e+100
[5, 1, 0, 0, 4.049358117673929] 1e+100
[5, 1, 0, 0, 5.7035393403131245] 1e+100
[5, 1, 0, 0, 10.572563263928181] 1e+100
[5, 1, 0, 0, 16.419059901738184] 1e+100
[5, 1, 0, 0, 2.9810349568970085] 1e+100
[5, 1, 0, 0, 3.544862744426509] 1e+100
[5, 1, 0, 0, 3.3376894791257894] 1e+100
[5, 1, 0, 0, 19.36116764900885] 1e+100
[5, 1, 0, 0, 1.0678883549944862] 0.01349568543793
[5, 1, 0, 0, 5.772675996578691] 1e+100
[5, 1, 0, 0, 3.6594173729170554] 1e+100
[5, 1, 0, 0, 12.940884817370279] 1e+100
[5, 1, 0, 0, 2.3311436046487533] 0.25355270446852
[5, 1, 0, 0, 17.112697241482852] 1e+100
[5, 1, 0, 0, 7.466162836408417] 1e+100
[5, 1, 0, 0, 8.937842268864372] 1e+100
[5, 1, 0, 0, 12.314243522157513] 1e+100
[5, 1, 0, 0, 13.281571624375832] 1e+100
[5, 1, 0, 0, 4.751667231225907] 1e+100
[5, 1, 0, 0, 18.956062074728724] 1e+100
[5, 1, 0, 0, 7.120004682974681] 1e+100
[5, 1, 0, 0, 9.2698699550904] 1e+100
[5, 1, 0, 0, 10.936447491563237] 1e+100
[5, 1, 0, 0, 11.77762957750483] 1e+100
[5, 1, 0, 0, 3.840063691529787] 1e+100
[5, 1, 0, 0, 8.23498095170325] 1e+100
[5, 1, 0, 0, 3.48011448488885] 1e+100
[5, 1, 0, 0, 2.033098590527982] 0.21381196573063
[5, 1, 0, 0, 17.690564905015943] 1e+100
[5, 1, 0, 0, 9.698130212870685] 1e+100
[5, 1, 0, 0, 10.383099559542552] 1e+100
[5, 1, 0, 0, 6.186117070554333] 1e+100
[5, 1, 0, 0, 9.076745073612212] 1e+100
[5, 1, 0, 0, 4.8459451180008495] 1e+100
[5, 1, 0, 0, 7.825506972134972] 1e+100
[5, 1, 0, 0, 12.517812778400854] 1e+100
[5, 1, 0, 0, 17.550714940761228] 1e+100
[5, 1, 0, 0, 4.972781351046547] 1e+100
[5, 1, 0, 0, 17.05612135823565] 1e+100
[5, 1, 0, 0, 12.59490267563329] 1e+100
[5, 1, 0, 0, 12.225519462772512] 1e+100
[5, 1, 0, 0, 1.8981408724641047] 0.19210798290193
[5, 1, 0, 0, 5.375526427051989] 1e+100
[5, 1, 0, 0, 12.176420097264192] 1e+100
[5, 1, 0, 0, 16.879329042076282] 1e+100
[5, 1, 0, 0, 18.599713640981918] 1e+100
[5, 1, 0, 0, 7.419616037108443] 1e+100
[5, 1, 0, 0, 13.508576025420778] 1e+100
[5, 1, 0, 0, 9.513253314285668] 1e+100
[5, 1, 0, 0, 11.499367236984755] 1e+100
[5, 1, 0, 0, 12.476135495805242] 1e+100
[5, 1, 0, 0, 3.1738387910029475] 1e+100
[5, 1, 0, 0, 6.170205059492046] 1e+100
[5, 1, 0, 0, 10.977761580026593] 1e+100
[5, 1, 0, 0, 5.298799096957922] 1e+100
[5, 1, 0, 0, 2.0748662893228875] 0.21996963643241
[5, 1, 0, 0, 0.3610590057145524] 1e+100
[5, 1, 0, 0, 1.4130344177113008] 0.08325018316899
[5, 1, 0, 0, 9.142896601900155] 1e+100
[5, 1, 0, 0, 1.7947295622661197] 0.17323988124647
[5, 1, 0, 0, 16.58362948785448] 1e+100
[5, 1, 0, 0, 14.79951407051588] 1e+100
[5, 1, 0, 0, 16.328759854249732] 1e+100
[5, 1, 0, 0, 13.248938927066309] 1e+100
[5, 1, 0, 0, 3.846183258758704] 1e+100
[5, 1, 0, 0, 14.116970727939567] 1e+100
[5, 1, 0, 0, 18.00471435308085] 1e+100
[5, 1, 0, 0, 19.27238351876239] 1e+100
[5, 1, 0, 0, 5.841529731671622] 1e+100
[5, 1, 0, 0, 18.15542436822772] 1e+100
[5, 1, 0, 0, 2.038483212109252] 0.21461910866152
[5, 1, 0, 0, 15.5962692300843] 1e+100
[5, 1, 0, 0, 6.502769315179576] 1e+100
[5, 1, 0, 0, 1.0773907102818892] 0.01108757128561
[5, 1, 0, 0, 12.09370408103144] 1e+100
[5, 1, 0, 0, 14.686308633567515] 1e+100
[5, 1, 0, 0, 16.78347726604551] 1e+100
[5, 1, 0, 0, 18.30692864053836] 1e+100
[5, 1, 0, 0, 19.752522261964828] 1e+100
[5, 1, 0, 0, 7.662407747048605] 1e+100
[5, 1, 0, 0, 13.091698534326628] 1e+100
[5, 1, 0, 0, 12.814208987448106] 1e+100
[5, 1, 0, 0, 12.231474403555854] 1e+100
[5, 1, 0, 0, 4.819289779235996] 1e+100
[5, 1, 0, 0, 2.5040132375860624] 0.27332595268044
[5, 1, 0, 0, 13.094288053710578] 1e+100
[5, 1, 0, 0, 0.6394285185641402] 1e+100
[5, 1, 0, 0, 7.376323294748919] 1e+100
[5, 1, 0, 0, 5.868894488786913] 1e+100
[5, 1, 0, 0, 3.1352822477464137] 1e+100
[5, 1, 0, 0, 19.655505397134615] 1e+100
[5, 1, 0, 0, 12.391524678356722] 1e+100
[5, 1, 0, 0, 9.292725161712205] 1e+100
[5, 1, 0, 0, 13.395325304947068] 1e+100
[5, 1, 0, 0, 9.394991495120514] 1e+100
[5, 1, 0, 0, 15.956939575041321] 1e+100
[5, 1, 0, 0, 0.9654275029790216] 1e+100
[5, 1, 0, 0, 3.9974534638267434] 1e+100
[5, 1, 0, 0, 9.123148413606248] 1e+100
[5, 1, 0, 0, 6.728839568463596] 1e+100
[5, 1, 0, 0, 11.313418954677864] 1e+100
[5, 1, 0, 0, 1.3019671149665557] 0.05186355370366
[5, 1, 0, 0, 13.163652122135126] 1e+100
[5, 1, 0, 0, 8.629532090460943] 1e+100
[5, 1, 0, 0, 11.56544103958494] 1e+100
[5, 1, 0, 0, 0.7087986456969952] 1e+100
[5, 1, 0, 0, 8.7832688056067] 1e+100
[5, 1, 0, 0, 12.38860766115402] 1e+100
[5, 1, 0, 0, 7.955488794006995] 1e+100
[5, 1, 0, 0, 18.508098445227724] 1e+100
[5, 1, 0, 0, 5.173295853030833] 1e+100
[5, 1, 0, 0, 6.9410284861006595] 1e+100
[5, 1, 0, 0, 18.415904320775397] 1e+100
[5, 1, 0, 0, 13.497797231013053] 1e+100
[5, 1, 0, 0, 10.26122555647994] 1e+100
[5, 1, 0, 0, 14.722384582295547] 1e+100
[5, 1, 0, 0, 5.088760576628659] 1e+100
[5, 1, 0, 0, 19.181826323535688] 1e+100
[5, 1, 0, 0, 3.3597589735175726] 1e+100
[5, 1, 0, 0, 8.351325772998997] 1e+100
[5, 1, 0, 0, 2.60077421810331] 0.28365256525007
[5, 1, 0, 0, 11.650666827075884] 1e+100
[5, 1, 0, 0, 16.5689827122648] 1e+100
[5, 1, 0, 0, 3.7018682399543756] 1e+100
[5, 1, 0, 0, 15.22663746121668] 1e+100
