[1, 3, 0, 0, 10.19850262679472] 1e+100
[1, 3, 0, 0, 9.995522770969338] 1e+100
[1, 3, 0, 0, 5.596331418538318] 1e+100
[1, 3, 0, 0, 18.44379689297365] 1e+100
[1, 3, 0, 0, 18.14717650316325] 1e+100
[1, 3, 0, 0, 2.7288205365147844] 1e+100
[1, 3, 0, 0, 11.841222654218297] 1e+100
[1, 3, 0, 0, 8.14895054135578] 1e+100
[1, 3, 0, 0, 15.909202695696578] 1e+100
[1, 3, 0, 0, 9.182997214739501] 1e+100
[1, 3, 0, 0, 8.318487342713542] 1e+100
[1, 3, 0, 0, 18.55218395087229] 1e+100
[1, 3, 0, 0, 5.836343957893693] 1e+100
[1, 3, 0, 0, 1.310760602453549] 0.00890731803743
[1, 3, 0, 0, 0.8262326443881385] 0.05952669368822
[1, 3, 0, 0, 1.5686659295256011] 0.06680544854133
[1, 3, 0, 0, 13.475226988741095] 1e+100
[1, 3, 0, 0, 0.07406428800649234] 1e+100
[1, 3, 0, 0, 17.825258332276896] 1e+100
[1, 3, 0, 0, 15.632421672139747] 1e+100
[1, 3, 0, 0, 0.802696265619709] 0.05968929640323
[1, 3, 0, 0, 0.8407111369564224] 0.05923447167774
[1, 3, 0, 0, 7.95313680359746] 1e+100
[1, 3, 0, 0, 18.183893164144386] 1e+100
[1, 3, 0, 0, 13.426706040086493] 1e+100
[1, 3, 0, 0, 12.896748489992289] 1e+100
[1, 3, 0, 0, 4.185538941833025] 1e+100
[1, 3, 0, 0, 18.447023012106133] 1e+100
[1, 3, 0, 0, 7.438235994580722] 1e+100
[1, 3, 0, 0, 18.684871644133093] 1e+100
[1, 3, 0, 0, 1.4266705769836596] 0.03502968183719
[1, 3, 0, 0, 19.30333033230876] 1e+100
[1, 3, 0, 0, 0.6342021874244974] 0.0502744695721
[1, 3, 0, 0, 12.285294683940576] 1e+100
[1, 3, 0, 0, 3.9119737216145567] 1e+100
[1, 3, 0, 0, 0.7525101647339305] 0.05873397046108
[1, 3, 0, 0, 11.193305256108133] 1e+100
[1, 3, 0, 0, 8.690141427445468] 1e+100
[1, 3, 0, 0, 2.8842928988606276] 1e+100
[1, 3, 0, 0, 9.076714711285778] 1e+100
[1, 3, 0, 0, 1.376235374842325] 0.02356485392586
[1, 3, 0, 0, 5.144626322233621] 1e+100
[1, 3, 0, 0, 3.0105430158996493] 1e+100
[1, 3, 0, 0, 13.017259002613152] 1e+100
[1, 3, 0, 0, 15.984897681303888] 1e+100
[1, 3, 0, 0, 8.277915418362552] 1e+100
[1, 3, 0, 0, 9.915729188798467] 1e+100
[1, 3, 0, 0, 8.77480740528936] 1e+100
[1, 3, 0, 0, 19.54004875691687] 1e+100
[1, 3, 0, 0, 2.951964516178094] 1e+100
[1, 3, 0, 0, 9.29608848813652] 1e+100
[1, 3, 0, 0, 19.58530329377112] 1e+100
[1, 3, 0, 0, 7.217171777302919] 1e+100
[1, 3, 0, 0, 6.09906640055939] 1e+100
[1, 3, 0, 0, 18.054563152572108] 1e+100
[1, 3, 0, 0, 9.932890808082075] 1e+100
[1, 3, 0, 0, 10.491339758480043] 1e+100
[1, 3, 0, 0, 13.081641121137128] 1e+100
[1, 3, 0, 0, 9.795630663494997] 1e+100
[1, 3, 0, 0, 11.15259662507569] 1e+100
[1, 3, 0, 0, 0.5452607183343661] 0.04175752849987
[1, 3, 0, 0, 2.999962041714801] 1e+100
[1, 3, 0, 0, 19.022761522862176] 1e+100
[1, 3, 0, 0, 5.402597574130796] 1e+100
[1, 3, 0, 0, 17.801600871798414] 1e+100
[1, 3, 0, 0, 4.969098360778252] 1e+100
[1, 3, 0, 0, 4.501856688391845] 1e+100
[1, 3, 0, 0, 14.575622327778444] 1e+100
[1, 3, 0, 0, 1.1235876209348006] 0.02870444539753
[1, 3, 0, 0, 8.565261372021835] 1e+100
[1, 3, 0, 0, 18.77014001496865] 1e+100
[1, 3, 0, 0, 16.66545269242215] 1e+100
[1, 3, 0, 0, 3.023018960719339] 1e+100
[1, 3, 0, 0, 1.4434506240366063] 0.03884848915534
[1, 3, 0, 0, 10.913398787215964] 1e+100
[1, 3, 0, 0, 11.311474775177446] 1e+100
[1, 3, 0, 0, 15.9208225691052] 1e+100
[1, 3, 0, 0, 3.817442145726506] 1e+100
[1, 3, 0, 0, 6.35010347861839] 1e+100
[1, 3, 0, 0, 14.7337353473234] 1e+100
[1, 3, 0, 0, 15.48390241432079] 1e+100
[1, 3, 0, 0, 12.580530785857754] 1e+100
[1, 3, 0, 0, 2.4618955741001725] 1e+100
[1, 3, 0, 0, 8.059380867304665] 1e+100
[1, 3, 0, 0, 13.223286330595272] 1e+100
[1, 3, 0, 0, 6.0242137775136495] 1e+100
[1, 3, 0, 0, 1.6991582262146454] 1e+100
[1, 3, 0, 0, 13.816920944269809] 1e+100
[1, 3, 0, 0, 10.769457500948818] 1e+100
[1, 3, 0, 0, 16.541512574452454] 1e+100
[1, 3, 0, 0, 2.673379800425899] 1e+100
[1, 3, 0, 0, 19.828372780459645] 1e+100
[1, 3, 0, 0, 2.7265864274033613] 1e+100
[1, 3, 0, 0, 5.0084907412283926] 1e+100
[1, 3, 0, 0, 12.352101902557035] 1e+100
[1, 3, 0, 0, 6.715243490827891] 1e+100
[1, 3, 0, 0, 9.194884635472203] 1e+100
[1, 3, 0, 0, 0.5339676608270016] 0.04089067253134
[1, 3, 0, 0, 10.281580806093487] 1e+100
[1, 3, 0, 0, 6.532040538228092] 1e+100
[1, 3, 0, 0, 9.251503482202779] 1e+100
[1, 3, 0, 0, 14.594169586009723] 1e+100
[1, 3, 0, 0, 15.597241516041251] 1e+100
[1, 3, 0, 0, 10.174465445140724] 1e+100
[1, 3, 0, 0, 15.30788064804933] 1e+100
[1, 3, 0, 0, 19.658255924751668] 1e+100
[1, 3, 0, 0, 10.048115575446982] 1e+100
[1, 3, 0, 0, 6.208112577665121] 1e+100
[1, 3, 0, 0, 6.330674913004999] 1e+100
[1, 3, 0, 0, 19.772379565984842] 1e+100
[1, 3, 0, 0, 16.06332267793707] 1e+100
[1, 3, 0, 0, 9.791337257868502] 1e+100
[1, 3, 0, 0, 18.369440312916325] 1e+100
[1, 3, 0, 0, 0.5661563653984159] 0.04357180697609
[1, 3, 0, 0, 12.492982022830086] 1e+100
[1, 3, 0, 0, 16.768196353309914] 1e+100
[1, 3, 0, 0, 17.87737817840059] 1e+100
[1, 3, 0, 0, 2.776945763438252] 1e+100
[1, 3, 0, 0, 4.399580327397333] 1e+100
[1, 3, 0, 0, 17.3103660284089] 1e+100
[1, 3, 0, 0, 12.262332567822646] 1e+100
[1, 3, 0, 0, 8.133552778224836] 1e+100
[1, 3, 0, 0, 14.993190894280845] 1e+100
[1, 3, 0, 0, 15.184784779543063] 1e+100
[1, 3, 0, 0, 6.1798327836461] 1e+100
[1, 3, 0, 0, 2.1500667020892927] 1e+100
[1, 3, 0, 0, 5.4186917375623285] 1e+100
[1, 3, 0, 0, 13.959041582306886] 1e+100
[1, 3, 0, 0, 0.8926429260889535] 0.05701851659916
[1, 3, 0, 0, 8.748597257756948] 1e+100
[1, 3, 0, 0, 9.860693506718082] 1e+100
[1, 3, 0, 0, 19.704912838370326] 1e+100
[1, 3, 0, 0, 5.430378564163824] 1e+100
[1, 3, 0, 0, 1.7498629240904662] 1e+100
[1, 3, 0, 0, 5.5341925666397795] 1e+100
[1, 3, 0, 0, 2.0269364171363335] 1e+100
[1, 3, 0, 0, 19.050888203138918] 1e+100
[1, 3, 0, 0, 0.8703701164536493] 0.05818830019945
[1, 3, 0, 0, 16.17392738390723] 1e+100
[1, 3, 0, 0, 6.763226321245385] 1e+100
[1, 3, 0, 0, 1.7165423840726834] 1e+100
[1, 3, 0, 0, 12.83070098280249] 1e+100
[1, 3, 0, 0, 7.111726602493825] 1e+100
[1, 3, 0, 0, 9.032906812547331] 1e+100
[1, 3, 0, 0, 18.276295800907643] 1e+100
[1, 3, 0, 0, 17.74282894934675] 1e+100
[1, 3, 0, 0, 9.413526706008238] 1e+100
[1, 3, 0, 0, 12.580120776379957] 1e+100
[1, 3, 0, 0, 2.90379474689068] 1e+100
[1, 3, 0, 0, 10.351303204934592] 1e+100
[1, 3, 0, 0, 15.564952405032148] 1e+100
[1, 3, 0, 0, 16.504510708953937] 1e+100
[1, 3, 0, 0, 16.407383203705194] 1e+100
[1, 3, 0, 0, 4.081663687583705] 1e+100
[1, 3, 0, 0, 18.012084631881528] 1e+100
[1, 3, 0, 0, 8.714707245851939] 1e+100
[1, 3, 0, 0, 6.7376307047871675] 1e+100
[1, 3, 0, 0, 5.404669206801782] 1e+100
[1, 3, 0, 0, 4.041323311858855] 1e+100
[1, 3, 0, 0, 12.519105504705266] 1e+100
[1, 3, 0, 0, 2.869404885408553] 1e+100
[1, 3, 0, 0, 12.80556588082144] 1e+100
[1, 3, 0, 0, 2.182010752119563] 1e+100
[1, 3, 0, 0, 14.875041287796584] 1e+100
[1, 3, 0, 0, 17.060120660015304] 1e+100
[1, 3, 0, 0, 6.995595179029026] 1e+100
[1, 3, 0, 0, 13.73641322657141] 1e+100
[1, 3, 0, 0, 18.54220206115939] 1e+100
[1, 3, 0, 0, 19.3433570454818] 1e+100
[1, 3, 0, 0, 17.59476347098229] 1e+100
[1, 3, 0, 0, 4.8638598915796045] 1e+100
[1, 3, 0, 0, 3.8769989738666744] 1e+100
[1, 3, 0, 0, 18.439600465437707] 1e+100
[1, 3, 0, 0, 9.936093206989531] 1e+100
[1, 3, 0, 0, 1.0361212942288933] 0.04247203381738
[1, 3, 0, 0, 6.822096467609091] 1e+100
[1, 3, 0, 0, 17.77668593251817] 1e+100
[1, 3, 0, 0, 6.938628243490969] 1e+100
[1, 3, 0, 0, 19.225698993132696] 1e+100
[1, 3, 0, 0, 13.001752568293226] 1e+100
[1, 3, 0, 0, 16.731570026817884] 1e+100
[1, 3, 0, 0, 9.156162062886903] 1e+100
[1, 3, 0, 0, 0.5817344900158261] 0.04505105101713
[1, 3, 0, 0, 17.0758307164839] 1e+100
[1, 3, 0, 0, 2.409715343488825] 1e+100
[1, 3, 0, 0, 19.98227260357462] 1e+100
[1, 3, 0, 0, 1.403662185436001] 0.02979223203166
[1, 3, 0, 0, 6.8309758066407] 1e+100
[1, 3, 0, 0, 7.636432347846796] 1e+100
[1, 3, 0, 0, 12.325568744654301] 1e+100
[1, 3, 0, 0, 16.483955952546513] 1e+100
[1, 3, 0, 0, 19.711712569091112] 1e+100
[1, 3, 0, 0, 17.426756826590754] 1e+100
[1, 3, 0, 0, 1.032088796966284] 0.04302785953566
[1, 3, 0, 0, 15.454251640876981] 1e+100
[1, 3, 0, 0, 0.4746616765841494] 0.03833963199108
[1, 3, 0, 0, 1.3685876090384386] 0.02183451792287
[1, 3, 0, 0, 19.553683044377742] 1e+100
[1, 3, 0, 0, 15.427230956272133] 1e+100
[1, 3, 0, 0, 1.90661256794042] 1e+100
[1, 3, 0, 0, 13.464286238800806] 1e+100
[1, 3, 0, 0, 13.9811022458606] 1e+100
[1, 3, 0, 0, 8.299618387809563] 1e+100
[1, 3, 0, 0, 6.233104063780197] 1e+100
[1, 3, 0, 0, 5.828902914896537] 1e+100
[1, 3, 0, 0, 1.8848613278134763] 1e+100
[1, 3, 0, 0, 11.835035297457404] 1e+100
[1, 3, 0, 0, 6.477759853085803] 1e+100
[1, 3, 0, 0, 18.075572646119603] 1e+100
[1, 3, 0, 0, 16.536479597887116] 1e+100
[1, 3, 0, 0, 14.346188792739463] 1e+100
[1, 3, 0, 0, 9.128170726366163] 1e+100
[1, 3, 0, 0, 4.249289949798891] 1e+100
[1, 3, 0, 0, 5.761690916601947] 1e+100
[1, 3, 0, 0, 11.232731918416928] 1e+100
[1, 3, 0, 0, 7.237958173753711] 1e+100
[1, 3, 0, 0, 0.66776319331741] 0.05337988952487
[1, 3, 0, 0, 13.711759692506831] 1e+100
[1, 3, 0, 0, 5.272822993568385] 1e+100
[1, 3, 0, 0, 18.7364378023807] 1e+100
[1, 3, 0, 0, 19.564091436922247] 1e+100
[1, 3, 0, 0, 7.328290548380007] 1e+100
[1, 3, 0, 0, 19.060317952982714] 1e+100
[1, 3, 0, 0, 1.5338203496030522] 0.05917627056203
[1, 3, 0, 0, 3.187591443384077] 1e+100
[1, 3, 0, 0, 15.335099676400759] 1e+100
[1, 3, 0, 0, 16.28971122573003] 1e+100
[1, 3, 0, 0, 19.94736230958274] 1e+100
[1, 3, 0, 0, 15.47302670319148] 1e+100
[1, 3, 0, 0, 5.301087970317857] 1e+100
[1, 3, 0, 0, 7.503044335837701] 1e+100
[1, 3, 0, 0, 2.813539554767912] 1e+100
[1, 3, 0, 0, 11.832371400215916] 1e+100
[1, 3, 0, 0, 9.946743438786793] 1e+100
[1, 3, 0, 0, 11.883121604509226] 1e+100
[1, 3, 0, 0, 11.817388944335006] 1e+100
[1, 3, 0, 0, 14.086430504965106] 1e+100
[1, 3, 0, 0, 12.424048028524515] 1e+100
[1, 3, 0, 0, 1.723520980318547] 1e+100
[1, 3, 0, 0, 15.180561323999493] 1e+100
[1, 3, 0, 0, 4.632599917333735] 1e+100
[1, 3, 0, 0, 14.258122511920966] 1e+100
[1, 3, 0, 0, 19.522703756267912] 1e+100
[1, 3, 0, 0, 0.04695115128303673] 1e+100
[1, 3, 0, 0, 4.974472730354118] 1e+100
[1, 3, 0, 0, 17.79236083213044] 1e+100
[1, 3, 0, 0, 14.894024316414441] 1e+100
[1, 3, 0, 0, 11.483195834662538] 1e+100
[1, 3, 0, 0, 13.342342743936744] 1e+100
[1, 3, 0, 0, 14.514926869614236] 1e+100
[1, 3, 0, 0, 11.322387110985217] 1e+100
[1, 3, 0, 0, 17.51975782206703] 1e+100
[1, 3, 0, 0, 11.560056011858912] 1e+100
[1, 3, 0, 0, 15.585488076574656] 1e+100
[1, 3, 0, 0, 5.477964453862693] 1e+100
[1, 3, 0, 0, 8.659199716067402] 1e+100
[1, 3, 0, 0, 15.829901180544452] 1e+100
[1, 3, 0, 0, 16.144136266179984] 1e+100
[1, 3, 0, 0, 16.73369886838598] 1e+100
[1, 3, 0, 0, 1.9109042479060645] 1e+100
[1, 3, 0, 0, 2.226593579378655] 1e+100
[1, 3, 0, 0, 3.8112854121302697] 1e+100
[1, 3, 0, 0, 1.642777650119378] 1e+100
[1, 3, 0, 0, 9.572320435446642] 1e+100
[1, 3, 0, 0, 11.05952348303589] 1e+100
[1, 3, 0, 0, 8.560180036882963] 1e+100
[1, 3, 0, 0, 3.401155996037113] 1e+100
[1, 3, 0, 0, 0.7259929264338671] 0.05752906305105
[1, 3, 0, 0, 14.83986339362906] 1e+100
[1, 3, 0, 0, 9.529621898500316] 1e+100
[1, 3, 0, 0, 7.001553807046255] 1e+100
[1, 3, 0, 0, 0.727998479214873] 0.05763639891106
[1, 3, 0, 0, 9.475191754786895] 1e+100
[1, 3, 0, 0, 6.012922553515434] 1e+100
[1, 3, 0, 0, 1.4373268257253624] 0.03745532745518
[1, 3, 0, 0, 4.493893267832214] 1e+100
[1, 3, 0, 0, 7.076963927943853] 1e+100
[1, 3, 0, 0, 19.88948781209747] 1e+100
[1, 3, 0, 0, 3.804997214657009] 1e+100
[1, 3, 0, 0, 15.469728610899654] 1e+100
[1, 3, 0, 0, 3.479119437247231] 1e+100
[1, 3, 0, 0, 1.2605642667496397] 0.0019635529736
[1, 3, 0, 0, 4.1978737034651985] 1e+100
[1, 3, 0, 0, 12.052956655187383] 1e+100
[1, 3, 0, 0, 17.148855067517637] 1e+100
[1, 3, 0, 0, 18.14089627834901] 1e+100
[1, 3, 0, 0, 5.053445943425361] 1e+100
[1, 3, 0, 0, 10.636110857911582] 1e+100
[1, 3, 0, 0, 9.515438425879669] 1e+100
[1, 3, 0, 0, 17.22532940612996] 1e+100
[1, 3, 0, 0, 1.7455057058793866] 1e+100
[1, 3, 0, 0, 0.3704458417178058] 0.04539684706142
[1, 3, 0, 0, 17.557478310346855] 1e+100
[1, 3, 0, 0, 14.88175255396075] 1e+100
[1, 3, 0, 0, 16.731753069383668] 1e+100
[1, 3, 0, 0, 12.257814374538722] 1e+100
[1, 3, 0, 0, 6.513449351836666] 1e+100
[1, 3, 0, 0, 17.70500256919704] 1e+100
[1, 3, 0, 0, 1.6823555454584582] 1e+100
[1, 3, 0, 0, 12.420299853496434] 1e+100
[1, 3, 0, 0, 5.314916976389212] 1e+100
[1, 3, 0, 0, 12.262185582414233] 1e+100
[1, 3, 0, 0, 19.375142963179023] 1e+100
[1, 3, 0, 0, 18.47612400675311] 1e+100
[1, 3, 0, 0, 14.896378944158947] 1e+100
[1, 3, 0, 0, 9.025485782259409] 1e+100
[1, 3, 0, 0, 12.18296327677244] 1e+100
[1, 3, 0, 0, 16.447330988596295] 1e+100
[1, 3, 0, 0, 13.961398182588045] 1e+100
[1, 3, 0, 0, 19.47178114361291] 1e+100
[1, 3, 0, 0, 15.154915128147021] 1e+100
[1, 3, 0, 0, 8.501827082366717] 1e+100
[1, 3, 0, 0, 15.13457531192154] 1e+100
[1, 3, 0, 0, 19.665116902592644] 1e+100
[1, 3, 0, 0, 4.473446476646896] 1e+100
[1, 3, 0, 0, 14.175320169316127] 1e+100
[1, 3, 0, 0, 9.439711958319428] 1e+100
[1, 3, 0, 0, 17.808141646268492] 1e+100
[1, 3, 0, 0, 5.351971048089155] 1e+100
[1, 3, 0, 0, 14.99100757572548] 1e+100
[1, 3, 0, 0, 3.553224005365192] 1e+100
[1, 3, 0, 0, 3.3655489535317273] 1e+100
[1, 3, 0, 0, 16.076558234116483] 1e+100
[1, 3, 0, 0, 5.831484045707147] 1e+100
[1, 3, 0, 0, 8.508724928024186] 1e+100
[1, 3, 0, 0, 9.93085500207468] 1e+100
[1, 3, 0, 0, 1.096971984505486] 0.03321914578469
[1, 3, 0, 0, 3.318977293326053] 1e+100
[1, 3, 0, 0, 5.300890236425082] 1e+100
[1, 3, 0, 0, 0.3260204866260352] 0.05297000898461
[1, 3, 0, 0, 13.545907420918544] 1e+100
[1, 3, 0, 0, 11.460170649079105] 1e+100
[1, 3, 0, 0, 17.654928423195756] 1e+100
[1, 3, 0, 0, 11.274155184434502] 1e+100
[1, 3, 0, 0, 18.04826010761946] 1e+100
[1, 3, 0, 0, 13.600676733389712] 1e+100
[1, 3, 0, 0, 0.7380881949587703] 0.05813666769543
[1, 3, 0, 0, 13.425164181640008] 1e+100
[1, 3, 0, 0, 9.195804581606904] 1e+100
[1, 3, 0, 0, 10.007535990963259] 1e+100
[1, 3, 0, 0, 13.01616158852829] 1e+100
[1, 3, 0, 0, 0.050645222475689256] 1e+100
[1, 3, 0, 0, 3.1759208267203864] 1e+100
[1, 3, 0, 0, 16.11778102757921] 1e+100
[1, 3, 0, 0, 3.600750601858207] 1e+100
[1, 3, 0, 0, 1.2899691442623062] 0.0043553520366
[1, 3, 0, 0, 9.277649453563031] 1e+100
[1, 3, 0, 0, 15.677040788777033] 1e+100
[1, 3, 0, 0, 2.683403369095023] 1e+100
[1, 3, 0, 0, 9.824163507977833] 1e+100
[1, 3, 0, 0, 15.747216681279506] 1e+100
[1, 3, 0, 0, 9.424920695027488] 1e+100
[1, 3, 0, 0, 17.352637530463696] 1e+100
[1, 3, 0, 0, 8.124465768428735] 1e+100
[1, 3, 0, 0, 3.8296977730530735] 1e+100
[1, 3, 0, 0, 19.410301798336317] 1e+100
[1, 3, 0, 0, 16.624182417873428] 1e+100
[1, 3, 0, 0, 16.4626862667302] 1e+100
[1, 3, 0, 0, 17.574113439471105] 1e+100
[1, 3, 0, 0, 19.85031211023392] 1e+100
[1, 3, 0, 0, 5.02942667121788] 1e+100
[1, 3, 0, 0, 13.358322894098055] 1e+100
[1, 3, 0, 0, 1.839378362034192] 1e+100
[1, 3, 0, 0, 17.050702617052128] 1e+100
[1, 3, 0, 0, 15.499216668117697] 1e+100
[1, 3, 0, 0, 0.024085333598733438] 1e+100
[1, 3, 0, 0, 12.773822670962659] 1e+100
[1, 3, 0, 0, 11.103733239099183] 1e+100
[1, 3, 0, 0, 8.827202207775532] 1e+100
[1, 3, 0, 0, 4.8235663341323765] 1e+100
[1, 3, 0, 0, 7.2152905450098554] 1e+100
[1, 3, 0, 0, 10.897402834669425] 1e+100
[1, 3, 0, 0, 6.750843165259699] 1e+100
[1, 3, 0, 0, 7.679877232503445] 1e+100
[1, 3, 0, 0, 12.767163569543476] 1e+100
[1, 3, 0, 0, 3.0859636394750067] 1e+100
[1, 3, 0, 0, 14.445745153159223] 1e+100
[1, 3, 0, 0, 13.323359035951647] 1e+100
[1, 3, 0, 0, 4.717009185382384] 1e+100
[1, 3, 0, 0, 17.566863124420472] 1e+100
[1, 3, 0, 0, 5.926449463808703] 1e+100
[1, 3, 0, 0, 15.80609841860095] 1e+100
[1, 3, 0, 0, 7.900433886642679] 1e+100
[1, 3, 0, 0, 3.5279414706843215] 1e+100
[1, 3, 0, 0, 8.905594813050719] 1e+100
[1, 3, 0, 0, 1.3052982288008752] 0.00770543745854
[1, 3, 0, 0, 4.1184802169969075] 1e+100
[1, 3, 0, 0, 9.306245017853287] 1e+100
[1, 3, 0, 0, 4.760666076289826] 1e+100
[1, 3, 0, 0, 18.868552809603624] 1e+100
[1, 3, 0, 0, 16.94355996976146] 1e+100
[1, 3, 0, 0, 2.639823332591371] 1e+100
[1, 3, 0, 0, 5.552726902461098] 1e+100
[1, 3, 0, 0, 19.857512061002517] 1e+100
[1, 3, 0, 0, 15.069700728227904] 1e+100
[1, 3, 0, 0, 17.08898911423773] 1e+100
[1, 3, 0, 0, 1.6078184571992105] 1e+100
[1, 3, 0, 0, 17.560575983365247] 1e+100
[1, 3, 0, 0, 0.577740794155579] 0.04466428365484
[1, 3, 0, 0, 14.378025488388044] 1e+100
[1, 3, 0, 0, 12.118929692096469] 1e+100
[1, 3, 0, 0, 11.828601544288235] 1e+100
[1, 3, 0, 0, 12.080813381504889] 1e+100
[1, 3, 0, 0, 6.446140123036111] 1e+100
[1, 3, 0, 0, 12.356924212736375] 1e+100
[1, 3, 0, 0, 15.937197281646915] 1e+100
[1, 3, 0, 0, 3.0018785564325956] 1e+100
[1, 3, 0, 0, 6.472732408030328] 1e+100
[1, 3, 0, 0, 9.84185738051153] 1e+100
[1, 3, 0, 0, 5.878997455455699] 1e+100
[1, 3, 0, 0, 1.1382474787245966] 0.02610851067855
[1, 3, 0, 0, 8.102377403213248] 1e+100
[1, 3, 0, 0, 16.906422505294316] 1e+100
[1, 3, 0, 0, 13.106368538821993] 1e+100
[1, 3, 0, 0, 2.2198144411447585] 1e+100
[1, 3, 0, 0, 6.639224562315212] 1e+100
[1, 3, 0, 0, 11.400776096140198] 1e+100
[1, 3, 0, 0, 17.530280085979182] 1e+100
[1, 3, 0, 0, 8.471809439482707] 1e+100
[1, 3, 0, 0, 18.36452056435349] 1e+100
[1, 3, 0, 0, 0.4180463408556512] 0.04017353480705
[1, 3, 0, 0, 3.397378710989656] 1e+100
[1, 3, 0, 0, 3.2223255472649526] 1e+100
[1, 3, 0, 0, 18.302541589203717] 1e+100
[1, 3, 0, 0, 19.356590832023443] 1e+100
[1, 3, 0, 0, 9.49242890746018] 1e+100
[1, 3, 0, 0, 9.714726878698542] 1e+100
[1, 3, 0, 0, 12.005523920909514] 1e+100
[1, 3, 0, 0, 6.423381157616799] 1e+100
[1, 3, 0, 0, 11.38777455301634] 1e+100
[1, 3, 0, 0, 11.799778859279034] 1e+100
[1, 3, 0, 0, 8.38860757235975] 1e+100
[1, 3, 0, 0, 9.326871805306924] 1e+100
[1, 3, 0, 0, 16.449254923071145] 1e+100
[1, 3, 0, 0, 17.598174762997854] 1e+100
[1, 3, 0, 0, 9.085629623808572] 1e+100
[1, 3, 0, 0, 1.5920818787456281] 1e+100
[1, 3, 0, 0, 1.8537085379370244] 1e+100
[1, 3, 0, 0, 19.43789575713914] 1e+100
[1, 3, 0, 0, 3.76567465896801] 1e+100
[1, 3, 0, 0, 19.19876478436842] 1e+100
[1, 3, 0, 0, 4.4522748008969355] 1e+100
[1, 3, 0, 0, 19.711433494574678] 1e+100
[1, 3, 0, 0, 10.274240780604412] 1e+100
[1, 3, 0, 0, 18.986926419609873] 1e+100
[1, 3, 0, 0, 13.4132598548319] 1e+100
[1, 3, 0, 0, 0.5558555381920405] 0.04264782438599
[1, 3, 0, 0, 5.209506275834592] 1e+100
[1, 3, 0, 0, 12.486917846343061] 1e+100
[1, 3, 0, 0, 16.74862218875241] 1e+100
[1, 3, 0, 0, 10.054577501322722] 1e+100
[1, 3, 0, 0, 13.224184502430528] 1e+100
[1, 3, 0, 0, 7.78285440537265] 1e+100
[1, 3, 0, 0, 10.926872054091607] 1e+100
[1, 3, 0, 0, 1.0266222747280596] 0.04376922179183
[1, 3, 0, 0, 1.711157056065713] 1e+100
[1, 3, 0, 0, 4.11182095557735] 1e+100
[1, 3, 0, 0, 9.68123978024354] 1e+100
[1, 3, 0, 0, 14.643890003600589] 1e+100
[1, 3, 0, 0, 19.00347641823521] 1e+100
[1, 3, 0, 0, 9.56789467979128] 1e+100
[1, 3, 0, 0, 1.5519473775880144] 0.06316446628873
[1, 3, 0, 0, 7.090592672485125] 1e+100
[1, 3, 0, 0, 16.588556078169322] 1e+100
[1, 3, 0, 0, 12.98377675929977] 1e+100
[1, 3, 0, 0, 18.188478684275545] 1e+100
[1, 3, 0, 0, 8.418075521937247] 1e+100
[1, 3, 0, 0, 5.426116927752327] 1e+100
[1, 3, 0, 0, 7.919157011277786] 1e+100
[1, 3, 0, 0, 18.114720418648247] 1e+100
[1, 3, 0, 0, 6.134252223079406] 1e+100
[1, 3, 0, 0, 10.843755028556476] 1e+100
[1, 3, 0, 0, 4.8877089663290025] 1e+100
[1, 3, 0, 0, 14.958244907859244] 1e+100
[1, 3, 0, 0, 14.899747368824448] 1e+100
[1, 3, 0, 0, 10.052325720976608] 1e+100
[1, 3, 0, 0, 14.18834106925683] 1e+100
[1, 3, 0, 0, 13.812450733250765] 1e+100
[1, 3, 0, 0, 0.2704884917559003] 0.06313314138823
[1, 3, 0, 0, 16.15260787501135] 1e+100
[1, 3, 0, 0, 9.987977211454268] 1e+100
[1, 3, 0, 0, 2.91250176351034] 1e+100
[1, 3, 0, 0, 2.6919691882994146] 1e+100
[1, 3, 0, 0, 16.274506800895573] 1e+100
[1, 3, 0, 0, 17.367565804863194] 1e+100
[1, 3, 0, 0, 16.260670894938038] 1e+100
[1, 3, 0, 0, 6.054328756575085] 1e+100
[1, 3, 0, 0, 14.983219401965822] 1e+100
[1, 3, 0, 0, 16.389686035373888] 1e+100
[1, 3, 0, 0, 3.546433047976565] 1e+100
[1, 3, 0, 0, 6.0463725482634505] 1e+100
[1, 3, 0, 0, 18.614623760552014] 1e+100
[1, 3, 0, 0, 11.266618630298893] 1e+100
[1, 3, 0, 0, 15.783440970850254] 1e+100
[1, 3, 0, 0, 0.682668853687558] 0.05461589969014
[1, 3, 0, 0, 15.562903801385533] 1e+100
[1, 3, 0, 0, 14.603476903175016] 1e+100
[1, 3, 0, 0, 5.731098246604649] 1e+100
[1, 3, 0, 0, 13.164685649494157] 1e+100
[1, 3, 0, 0, 2.4498274897757955] 1e+100
[1, 3, 0, 0, 2.8199102200874426] 1e+100
[1, 3, 0, 0, 13.01535507766712] 1e+100
[1, 3, 0, 0, 3.6923076619116224] 1e+100
[1, 3, 0, 0, 12.603860499472608] 1e+100
[1, 3, 0, 0, 7.238085314767339] 1e+100
[1, 3, 0, 0, 3.6365557537733006] 1e+100
[1, 3, 0, 0, 2.9480526949999053] 1e+100
[1, 3, 0, 0, 17.52961144493184] 1e+100
[1, 3, 0, 0, 19.817821076066878] 1e+100
[1, 3, 0, 0, 1.2395304144626773] 0.00638241896374
[1, 3, 0, 0, 3.8620326021268037] 1e+100
[1, 3, 0, 0, 1.0049524553277944] 0.04656696605397
[1, 3, 0, 0, 6.119080174349316] 1e+100
[1, 3, 0, 0, 19.2323011365609] 1e+100
[1, 3, 0, 0, 18.929549268496267] 1e+100
[1, 3, 0, 0, 8.513404219417058] 1e+100
[1, 3, 0, 0, 3.221881872917469] 1e+100
[1, 3, 0, 0, 6.362908620788588] 1e+100
[1, 3, 0, 0, 2.725084288833546] 1e+100
[1, 3, 0, 0, 13.43179466593315] 1e+100
[1, 3, 0, 0, 10.56500215968372] 1e+100
[1, 3, 0, 0, 13.791271636557202] 1e+100
[1, 3, 0, 0, 16.068756669875796] 1e+100
[1, 3, 0, 0, 0.06445829953796833] 1e+100
[1, 3, 0, 0, 3.1944901847755713] 1e+100
[1, 3, 0, 0, 3.14134025113608] 1e+100
[1, 3, 0, 0, 8.923786742110302] 1e+100
[1, 3, 0, 0, 7.923261766919019] 1e+100
[1, 3, 0, 0, 0.03434625368121891] 1e+100
[1, 3, 0, 0, 2.1600090266562644] 1e+100
[1, 3, 0, 0, 12.65319156203095] 1e+100
[1, 3, 0, 0, 5.429600819678031] 1e+100
[1, 3, 0, 0, 17.058607921564423] 1e+100
[1, 3, 0, 0, 6.9921134969667005] 1e+100
[1, 3, 0, 0, 18.197166284603796] 1e+100
[1, 3, 0, 0, 14.816581440190475] 1e+100
[1, 3, 0, 0, 8.732073983707895] 1e+100
[1, 3, 0, 0, 11.844063233017234] 1e+100
[1, 3, 0, 0, 18.84013095019466] 1e+100
[1, 3, 0, 0, 4.452841181551202] 1e+100
[1, 3, 0, 0, 5.135295605245556] 1e+100
[1, 3, 0, 0, 16.051311042354765] 1e+100
[1, 3, 0, 0, 2.0686545982978655] 1e+100
[1, 3, 0, 0, 6.280816679324945] 1e+100
[1, 3, 0, 0, 4.2944537125693945] 1e+100
[1, 3, 0, 0, 14.698602247501757] 1e+100
[1, 3, 0, 0, 7.9647895736295045] 1e+100
[1, 3, 0, 0, 15.246981208726819] 1e+100
[1, 3, 0, 0, 11.823589589973976] 1e+100
[1, 3, 0, 0, 1.991278962030456] 1e+100
[1, 3, 0, 0, 18.189665087556087] 1e+100
[1, 3, 0, 0, 4.069106337331274] 1e+100
[1, 3, 0, 0, 6.519970421963077] 1e+100
[1, 3, 0, 0, 11.85002806016544] 1e+100
[1, 3, 0, 0, 19.384275038092934] 1e+100
[1, 3, 0, 0, 8.896477102043292] 1e+100
[1, 3, 0, 0, 13.582841551923483] 1e+100
[1, 3, 0, 0, 6.579979283483675] 1e+100
[1, 3, 0, 0, 17.71914150919714] 1e+100
[1, 3, 0, 0, 2.619507367704541] 1e+100
[1, 3, 0, 0, 7.808515219472312] 1e+100
[1, 3, 0, 0, 18.770790649197046] 1e+100
[1, 3, 0, 0, 1.725655862368689] 1e+100
[1, 3, 0, 0, 14.440275939383094] 1e+100
[1, 3, 0, 0, 19.827956342373472] 1e+100
[1, 3, 0, 0, 6.843279273664226] 1e+100
[1, 3, 0, 0, 3.1070653900769174] 1e+100
[1, 3, 0, 0, 1.6501220160879249] 1e+100
[1, 3, 0, 0, 14.214290817352762] 1e+100
[1, 3, 0, 0, 16.860236413764607] 1e+100
[1, 3, 0, 0, 9.013409573109827] 1e+100
[1, 3, 0, 0, 11.067448993354956] 1e+100
[1, 3, 0, 0, 7.1312437827950115] 1e+100
[1, 3, 0, 0, 3.444358498398925] 1e+100
[1, 3, 0, 0, 19.250376640593114] 1e+100
[1, 3, 0, 0, 3.1847402805917224] 1e+100
[1, 3, 0, 0, 13.906428997228561] 1e+100
[1, 3, 0, 0, 3.092049811047135] 1e+100
[1, 3, 0, 0, 5.359991967736453] 1e+100
[1, 3, 0, 0, 14.835055597368754] 1e+100
[1, 3, 0, 0, 15.486293854762485] 1e+100
[1, 3, 0, 0, 13.83683105272334] 1e+100
[1, 3, 0, 0, 6.719445053488851] 1e+100
[1, 3, 0, 0, 12.44051364760569] 1e+100
[1, 3, 0, 0, 18.384150519367285] 1e+100
[1, 3, 0, 0, 18.116313184688565] 1e+100
[1, 3, 0, 0, 5.949906216664571] 1e+100
[1, 3, 0, 0, 18.521651607343088] 1e+100
[1, 3, 0, 0, 7.129351923555087] 1e+100
[1, 3, 0, 0, 4.423766661530295] 1e+100
[1, 3, 0, 0, 5.000557978497691] 1e+100
[1, 3, 0, 0, 14.159496120449106] 1e+100
[1, 3, 0, 0, 19.85194377560167] 1e+100
[1, 3, 0, 0, 14.911373069533834] 1e+100
[1, 3, 0, 0, 7.697586636043187] 1e+100
[1, 3, 0, 0, 19.110076687705412] 1e+100
[1, 3, 0, 0, 3.918878467194016] 1e+100
[1, 3, 0, 0, 4.997807589502747] 1e+100
[1, 3, 0, 0, 0.7832853040509336] 0.05952961747004
[1, 3, 0, 0, 2.5890447472006994] 1e+100
[1, 3, 0, 0, 1.7842817654265586] 1e+100
[1, 3, 0, 0, 9.57212254180421] 1e+100
[1, 3, 0, 0, 8.31398522135326] 1e+100
[1, 3, 0, 0, 7.703346098372048] 1e+100
[1, 3, 0, 0, 2.114440053747706] 1e+100
[1, 3, 0, 0, 15.156093727191173] 1e+100
[1, 3, 0, 0, 4.706675764952941] 1e+100
[1, 3, 0, 0, 7.856130015550655] 1e+100
[1, 3, 0, 0, 16.91858334965526] 1e+100
[1, 3, 0, 0, 3.4949650745386585] 1e+100
[1, 3, 0, 0, 0.12723562672682043] 1e+100
[1, 3, 0, 0, 3.086131364134397] 1e+100
[1, 3, 0, 0, 8.128094785282169] 1e+100
[1, 3, 0, 0, 4.193442384262198] 1e+100
[1, 3, 0, 0, 11.135725849902737] 1e+100
[1, 3, 0, 0, 13.754409309166784] 1e+100
[1, 3, 0, 0, 8.493925933899167] 1e+100
[1, 3, 0, 0, 11.756843636616159] 1e+100
[1, 3, 0, 0, 16.39049928844253] 1e+100
[1, 3, 0, 0, 7.5104038617245] 1e+100
[1, 3, 0, 0, 11.153013245513886] 1e+100
[1, 3, 0, 0, 3.881162519483028] 1e+100
[1, 3, 0, 0, 7.506454354920482] 1e+100
[1, 3, 0, 0, 0.9776165384363744] 0.0497596535399
[1, 3, 0, 0, 1.8753170373045247] 1e+100
[1, 3, 0, 0, 1.1014187211972426] 0.03248337943642
[1, 3, 0, 0, 9.596159064501093] 1e+100
[1, 3, 0, 0, 16.608423973790295] 1e+100
[1, 3, 0, 0, 13.139533410214469] 1e+100
[1, 3, 0, 0, 14.350943291821249] 1e+100
[1, 3, 0, 0, 16.318158502820054] 1e+100
[1, 3, 0, 0, 7.288928374669672] 1e+100
[1, 3, 0, 0, 15.516712511600623] 1e+100
[1, 3, 0, 0, 18.262698358937165] 1e+100
[1, 3, 0, 0, 19.676006871464068] 1e+100
[1, 3, 0, 0, 14.979504285252824] 1e+100
[1, 3, 0, 0, 11.213343330466252] 1e+100
[1, 3, 0, 0, 8.935948345368764] 1e+100
[1, 3, 0, 0, 0.8701410490605843] 0.05819864376512
[1, 3, 0, 0, 0.3549743260782279] 0.04778383374837
[1, 3, 0, 0, 9.200642320401766] 1e+100
[1, 3, 0, 0, 7.500412835207451] 1e+100
[1, 3, 0, 0, 7.721529226716388] 1e+100
[1, 3, 0, 0, 14.01650632190772] 1e+100
[1, 3, 0, 0, 2.5910696019949175] 1e+100
[1, 3, 0, 0, 9.679278976370645] 1e+100
[1, 3, 0, 0, 16.492374364782446] 1e+100
[1, 3, 0, 0, 4.4013836458514] 1e+100
[1, 3, 0, 0, 15.173414339745948] 1e+100
[1, 3, 0, 0, 11.620942589966177] 1e+100
[1, 3, 0, 0, 9.821450949003388] 1e+100
[1, 3, 0, 0, 12.28488281295296] 1e+100
[1, 3, 0, 0, 9.122979854330168] 1e+100
[1, 3, 0, 0, 11.025375525997145] 1e+100
[1, 3, 0, 0, 6.389866527137591] 1e+100
[1, 3, 0, 0, 10.546500727262869] 1e+100
[1, 3, 0, 0, 1.6056985665008705] 1e+100
[1, 3, 0, 0, 14.097055549609971] 1e+100
[1, 3, 0, 0, 14.52828877313808] 1e+100
[1, 3, 0, 0, 4.172246614876068] 1e+100
[1, 3, 0, 0, 1.676758633813089] 1e+100
[1, 3, 0, 0, 19.936124613303594] 1e+100
[1, 3, 0, 0, 5.951353279779497] 1e+100
[1, 3, 0, 0, 11.149589033688274] 1e+100
[1, 3, 0, 0, 13.1052072492993] 1e+100
[1, 3, 0, 0, 17.836726997578435] 1e+100
[1, 3, 0, 0, 0.2357478557307946] 0.0679667549403
[1, 3, 0, 0, 15.348910460954869] 1e+100
[1, 3, 0, 0, 8.352494373255874] 1e+100
[1, 3, 0, 0, 9.891556868050863] 1e+100
[1, 3, 0, 0, 11.557842749639915] 1e+100
[1, 3, 0, 0, 10.104731519677678] 1e+100
[1, 3, 0, 0, 8.854691558606893] 1e+100
[1, 3, 0, 0, 14.78122298536415] 1e+100
[1, 3, 0, 0, 3.5174648898849226] 1e+100
[1, 3, 0, 0, 5.80979658196531] 1e+100
[1, 3, 0, 0, 15.178140001097118] 1e+100
[1, 3, 0, 0, 18.132811383363492] 1e+100
[1, 3, 0, 0, 4.742642720465879] 1e+100
[1, 3, 0, 0, 10.86943111262864] 1e+100
[1, 3, 0, 0, 14.7204040182025] 1e+100
[1, 3, 0, 0, 17.747795859328253] 1e+100
[1, 3, 0, 0, 2.281941299570074] 1e+100
[1, 3, 0, 0, 4.957098327824063] 1e+100
[1, 3, 0, 0, 19.11254888633691] 1e+100
[1, 3, 0, 0, 7.682883100372764] 1e+100
[1, 3, 0, 0, 14.473296518734992] 1e+100
[1, 3, 0, 0, 2.9182466401309237] 1e+100
[1, 3, 0, 0, 9.860644536089405] 1e+100
[1, 3, 0, 0, 9.392244305389584] 1e+100
[1, 3, 0, 0, 10.463405783097016] 1e+100
[1, 3, 0, 0, 12.771684121913934] 1e+100
[1, 3, 0, 0, 7.016399690601281] 1e+100
[1, 3, 0, 0, 1.9793619030428866] 1e+100
[1, 3, 0, 0, 9.4748205089114] 1e+100
[1, 3, 0, 0, 0.6603325407576155] 0.05272674574903
[1, 3, 0, 0, 11.185424377783928] 1e+100
[1, 3, 0, 0, 0.9613732257036478] 0.05146924265462
[1, 3, 0, 0, 7.654477890010421] 1e+100
[1, 3, 0, 0, 17.038999900051355] 1e+100
[1, 3, 0, 0, 13.615879997834863] 1e+100
[1, 3, 0, 0, 8.671052258648857] 1e+100
[1, 3, 0, 0, 1.5405068121047938] 0.06065199583838
[1, 3, 0, 0, 18.005051394789184] 1e+100
[1, 3, 0, 0, 0.9974373110302737] 0.04748302971534
[1, 3, 0, 0, 18.432144373176897] 1e+100
[1, 3, 0, 0, 19.026473596257585] 1e+100
[1, 3, 0, 0, 11.39631213046772] 1e+100
[1, 3, 0, 0, 9.228557109379775] 1e+100
[1, 3, 0, 0, 12.433398115616923] 1e+100
[1, 3, 0, 0, 16.81109360619197] 1e+100
[1, 3, 0, 0, 2.573393004517135] 1e+100
[1, 3, 0, 0, 7.164101763083474] 1e+100
[1, 3, 0, 0, 8.447455915749401] 1e+100
[1, 3, 0, 0, 3.3484688810328245] 1e+100
[1, 3, 0, 0, 8.256619686322113] 1e+100
[1, 3, 0, 0, 5.513108779164641] 1e+100
[1, 3, 0, 0, 19.205221510477394] 1e+100
[1, 3, 0, 0, 0.6881635153104448] 0.05504406504629
[1, 3, 0, 0, 12.883152193466255] 1e+100
[1, 3, 0, 0, 9.068972796645037] 1e+100
[1, 3, 0, 0, 6.042868065863218] 1e+100
[1, 3, 0, 0, 2.6445643356900317] 1e+100
[1, 3, 0, 0, 4.134009895051049] 1e+100
[1, 3, 0, 0, 7.042673665601493] 1e+100
[1, 3, 0, 0, 13.873780762284726] 1e+100
[1, 3, 0, 0, 9.94100744518045] 1e+100
[1, 3, 0, 0, 8.007272644116536] 1e+100
[1, 3, 0, 0, 0.06892583464156221] 1e+100
[1, 3, 0, 0, 16.80450064196166] 1e+100
[1, 3, 0, 0, 9.091055700808901] 1e+100
[1, 3, 0, 0, 12.249338616654457] 1e+100
[1, 3, 0, 0, 0.5971636973523053] 0.04657768519083
[1, 3, 0, 0, 3.266051953129785] 1e+100
[1, 3, 0, 0, 16.396108598255076] 1e+100
[1, 3, 0, 0, 3.397623391024298] 1e+100
[1, 3, 0, 0, 3.761497330044401] 1e+100
[1, 3, 0, 0, 2.9593951505619387] 1e+100
[1, 3, 0, 0, 2.3303397162234685] 1e+100
[1, 3, 0, 0, 8.712824712723787] 1e+100
[1, 3, 0, 0, 11.295907669463354] 1e+100
[1, 3, 0, 0, 16.46108699220728] 1e+100
[1, 3, 0, 0, 12.787910007090893] 1e+100
[1, 3, 0, 0, 17.620548276494674] 1e+100
[1, 3, 0, 0, 19.6372541679092] 1e+100
[1, 3, 0, 0, 12.239338017498387] 1e+100
[1, 3, 0, 0, 7.103139032932521] 1e+100
[1, 3, 0, 0, 10.337117273484637] 1e+100
[1, 3, 0, 0, 0.5386691050620884] 0.04124025397396
[1, 3, 0, 0, 9.0216218398269] 1e+100
[1, 3, 0, 0, 13.249419984963222] 1e+100
[1, 3, 0, 0, 7.859319937881044] 1e+100
[1, 3, 0, 0, 2.4042011274024144] 1e+100
[1, 3, 0, 0, 8.268741303912154] 1e+100
[1, 3, 0, 0, 12.935513296061728] 1e+100
[1, 3, 0, 0, 4.0027218069845105] 1e+100
[1, 3, 0, 0, 18.342640502979798] 1e+100
[1, 3, 0, 0, 3.042558754984752] 1e+100
[1, 3, 0, 0, 0.8138629934418007] 0.05966066975962
[1, 3, 0, 0, 16.210971181812138] 1e+100
[1, 3, 0, 0, 12.80468913858152] 1e+100
[1, 3, 0, 0, 18.87384545463036] 1e+100
[1, 3, 0, 0, 9.376582564715134] 1e+100
[1, 3, 0, 0, 18.743016061139322] 1e+100
[1, 3, 0, 0, 19.76104758350691] 1e+100
[1, 3, 0, 0, 4.242874458736592] 1e+100
[1, 3, 0, 0, 1.4056633137846974] 0.03024750992073
[1, 3, 0, 0, 11.439855506890261] 1e+100
[1, 3, 0, 0, 11.463499667007957] 1e+100
[1, 3, 0, 0, 0.18235044293651637] 1e+100
[1, 3, 0, 0, 6.814887518685444] 1e+100
[1, 3, 0, 0, 8.270674761304114] 1e+100
[1, 3, 0, 0, 2.2267227747085627] 1e+100
[1, 3, 0, 0, 8.342167981869288] 1e+100
[1, 3, 0, 0, 3.4537715628112653] 1e+100
[1, 3, 0, 0, 18.58433213438013] 1e+100
[1, 3, 0, 0, 8.776440150669886] 1e+100
[1, 3, 0, 0, 11.294872236511095] 1e+100
[1, 3, 0, 0, 19.489453255084644] 1e+100
[1, 3, 0, 0, 18.243451175006392] 1e+100
[1, 3, 0, 0, 9.528051335832963] 1e+100
[1, 3, 0, 0, 7.211225031080513] 1e+100
[1, 3, 0, 0, 12.718777283001286] 1e+100
[1, 3, 0, 0, 11.480504511047604] 1e+100
[1, 3, 0, 0, 12.265079711565814] 1e+100
[1, 3, 0, 0, 14.585207468818918] 1e+100
[1, 3, 0, 0, 2.5837395982489997] 1e+100
[1, 3, 0, 0, 4.428591452636246] 1e+100
[1, 3, 0, 0, 4.940575683932598] 1e+100
[1, 3, 0, 0, 16.757848949104623] 1e+100
[1, 3, 0, 0, 2.2271027372521424] 1e+100
[1, 3, 0, 0, 19.055065253010927] 1e+100
[1, 3, 0, 0, 4.278247378890243] 1e+100
[1, 3, 0, 0, 14.428681138335852] 1e+100
[1, 3, 0, 0, 5.6629196942763365] 1e+100
[1, 3, 0, 0, 0.965260322403092] 0.0510732564494
[1, 3, 0, 0, 5.863356802645461] 1e+100
[1, 3, 0, 0, 18.593983333668444] 1e+100
[1, 3, 0, 0, 4.137046565515698] 1e+100
[1, 3, 0, 0, 18.002056653214524] 1e+100
[1, 3, 0, 0, 11.228873037289386] 1e+100
[1, 3, 0, 0, 13.904969221354143] 1e+100
[1, 3, 0, 0, 0.5202845891090901] 0.0399767009367
[1, 3, 0, 0, 17.398837537347163] 1e+100
[1, 3, 0, 0, 3.996946653284439] 1e+100
[1, 3, 0, 0, 0.7064235946517394] 0.05634918058476
[1, 3, 0, 0, 0.41564658815640865] 0.0403563055154
[1, 3, 0, 0, 4.867107843100955] 1e+100
[1, 3, 0, 0, 18.68054152194705] 1e+100
[1, 3, 0, 0, 3.5890133322491047] 1e+100
[1, 3, 0, 0, 11.816473205640914] 1e+100
[1, 3, 0, 0, 17.711715548897608] 1e+100
[1, 3, 0, 0, 8.130685144601932] 1e+100
[1, 3, 0, 0, 12.396754441130582] 1e+100
[1, 3, 0, 0, 3.120133043495088] 1e+100
[1, 3, 0, 0, 16.567455448872902] 1e+100
[1, 3, 0, 0, 13.738481649525905] 1e+100
[1, 3, 0, 0, 2.331348508868092] 1e+100
[1, 3, 0, 0, 12.463542411256714] 1e+100
[1, 3, 0, 0, 12.04876535156564] 1e+100
[1, 3, 0, 0, 1.203007048840008] 0.01381925306023
[1, 3, 0, 0, 1.4460188434922472] 0.03943251081215
[1, 3, 0, 0, 10.298543092863925] 1e+100
[1, 3, 0, 0, 8.875999021516508] 1e+100
[1, 3, 0, 0, 9.236696333783321] 1e+100
[1, 3, 0, 0, 5.750779262797665] 1e+100
[1, 3, 0, 0, 19.183233864698447] 1e+100
[1, 3, 0, 0, 7.484428305928848] 1e+100
[1, 3, 0, 0, 13.122485975480716] 1e+100
[1, 3, 0, 0, 1.851154845027294] 1e+100
[1, 3, 0, 0, 3.61413046137647] 1e+100
[1, 3, 0, 0, 9.973605258081129] 1e+100
[1, 3, 0, 0, 8.42818362544979] 1e+100
[1, 3, 0, 0, 5.5168656192048715] 1e+100
[1, 3, 0, 0, 19.897108391320085] 1e+100
[1, 3, 0, 0, 16.061337028600924] 1e+100
[1, 3, 0, 0, 1.1772036157323185] 0.0188660783821
[1, 3, 0, 0, 2.2817111822613567] 1e+100
[1, 3, 0, 0, 9.595930193427629] 1e+100
[1, 3, 0, 0, 0.45600113998621294] 0.0384298812032
[1, 3, 0, 0, 4.9439101209349845] 1e+100
[1, 3, 0, 0, 7.554333704317759] 1e+100
[1, 3, 0, 0, 19.272463036806602] 1e+100
[1, 3, 0, 0, 13.499739163173734] 1e+100
[1, 3, 0, 0, 1.3366644474355782] 0.01465737946322
[1, 3, 0, 0, 8.9524673147125] 1e+100
[1, 3, 0, 0, 19.90935934484378] 1e+100
[1, 3, 0, 0, 12.620741693788693] 1e+100
[1, 3, 0, 0, 9.918369714277445] 1e+100
[1, 3, 0, 0, 17.616425784184436] 1e+100
[1, 3, 0, 0, 14.20941886679827] 1e+100
[1, 3, 0, 0, 13.225679606315765] 1e+100
[1, 3, 0, 0, 5.819633218283416] 1e+100
[1, 3, 0, 0, 8.765115505346845] 1e+100
[1, 3, 0, 0, 19.326524635591888] 1e+100
[1, 3, 0, 0, 18.20786464617158] 1e+100
[1, 3, 0, 0, 13.750351456312451] 1e+100
[1, 3, 0, 0, 18.51797778641854] 1e+100
[1, 3, 0, 0, 8.508241976943566] 1e+100
[1, 3, 0, 0, 19.327379843403936] 1e+100
[1, 3, 0, 0, 0.31977237220782495] 0.05417167354026
[1, 3, 0, 0, 15.945175449721194] 1e+100
[1, 3, 0, 0, 12.030005980443834] 1e+100
[1, 3, 0, 0, 17.040066873219686] 1e+100
[1, 3, 0, 0, 8.265619287831342] 1e+100
[1, 3, 0, 0, 16.139536982104897] 1e+100
[1, 3, 0, 0, 9.358176490173802] 1e+100
[1, 3, 0, 0, 4.021974950535956] 1e+100
[1, 3, 0, 0, 14.697407071419073] 1e+100
[1, 3, 0, 0, 5.38498665381084] 1e+100
[1, 3, 0, 0, 3.59022900772735] 1e+100
[1, 3, 0, 0, 17.563793804606966] 1e+100
[1, 3, 0, 0, 3.4464023533861887] 1e+100
[1, 3, 0, 0, 0.5833807265636759] 0.04521170614458
[1, 3, 0, 0, 8.072152171113554] 1e+100
[1, 3, 0, 0, 1.9373304288955362] 1e+100
[1, 3, 0, 0, 6.127550168879825] 1e+100
[1, 3, 0, 0, 18.881323799663473] 1e+100
[1, 3, 0, 0, 13.410572707471662] 1e+100
[1, 3, 0, 0, 14.969868667007468] 1e+100
[1, 3, 0, 0, 2.775746351851378] 1e+100
[1, 3, 0, 0, 8.339439790912408] 1e+100
[1, 3, 0, 0, 3.1270037121310934] 1e+100
[1, 3, 0, 0, 13.514684980161494] 1e+100
[1, 3, 0, 0, 0.9856353956624364] 0.04886334324024
[1, 3, 0, 0, 1.3604655423745604] 0.02000088422736
[1, 3, 0, 0, 19.834293316946923] 1e+100
[1, 3, 0, 0, 16.608272503874264] 1e+100
[1, 3, 0, 0, 5.190094885238539] 1e+100
[1, 3, 0, 0, 18.435495210509004] 1e+100
[1, 3, 0, 0, 10.029555584582505] 1e+100
[1, 3, 0, 0, 12.4479428851446] 1e+100
[1, 3, 0, 0, 16.568407985896588] 1e+100
[1, 3, 0, 0, 7.784679556385273] 1e+100
[1, 3, 0, 0, 14.286574798593465] 1e+100
[1, 3, 0, 0, 6.271655971429424] 1e+100
[1, 3, 0, 0, 3.192721775988483] 1e+100
[1, 3, 0, 0, 4.256556226193111] 1e+100
[1, 3, 0, 0, 4.814056708755661] 1e+100
[1, 3, 0, 0, 13.351929724732214] 1e+100
[1, 3, 0, 0, 12.645559795545307] 1e+100
[1, 3, 0, 0, 14.693216799072601] 1e+100
[1, 3, 0, 0, 1.634240043184274] 1e+100
[1, 3, 0, 0, 17.586718295998494] 1e+100
[1, 3, 0, 0, 7.106865877017812] 1e+100
[1, 3, 0, 0, 5.094868688779714] 1e+100
[1, 3, 0, 0, 2.8587673671670766] 1e+100
[1, 3, 0, 0, 15.70712090509109] 1e+100
[1, 3, 0, 0, 11.541419210591021] 1e+100
[1, 3, 0, 0, 12.126111238515058] 1e+100
[1, 3, 0, 0, 9.400467665916125] 1e+100
[1, 3, 0, 0, 8.242333595898582] 1e+100
[1, 3, 0, 0, 15.279700103253298] 1e+100
[1, 3, 0, 0, 14.964886806382612] 1e+100
[1, 3, 0, 0, 11.52094530122129] 1e+100
[1, 3, 0, 0, 3.828066914330186] 1e+100
[1, 3, 0, 0, 6.8754968177902125] 1e+100
[1, 3, 0, 0, 10.00299451712329] 1e+100
[1, 3, 0, 0, 3.806969108717617] 1e+100
[1, 3, 0, 0, 12.838873752290203] 1e+100
[1, 3, 0, 0, 0.28167903874721567] 0.06132458968144
[1, 3, 0, 0, 4.224470832427409] 1e+100
[1, 3, 0, 0, 16.238106623351577] 1e+100
[1, 3, 0, 0, 12.250071826779784] 1e+100
[1, 3, 0, 0, 15.620617250816288] 1e+100
[1, 3, 0, 0, 10.294527459727181] 1e+100
[1, 3, 0, 0, 3.7404485346892558] 1e+100
[1, 3, 0, 0, 4.3362130815006505] 1e+100
[1, 3, 0, 0, 14.531653366067399] 1e+100
[1, 3, 0, 0, 13.00643982014406] 1e+100
[1, 3, 0, 0, 18.614429719652566] 1e+100
[1, 3, 0, 0, 14.268788367175453] 1e+100
[1, 3, 0, 0, 18.35898272929666] 1e+100
[1, 3, 0, 0, 19.046328848034207] 1e+100
[1, 3, 0, 0, 2.1449837598295107] 1e+100
[1, 3, 0, 0, 13.04913937517458] 1e+100
[1, 3, 0, 0, 19.287639026360644] 1e+100
[1, 3, 0, 0, 10.706633522459352] 1e+100
[1, 3, 0, 0, 2.2036000473485218] 1e+100
[1, 3, 0, 0, 12.623589471083857] 1e+100
[1, 3, 0, 0, 1.3217721108925273] 0.01134198937964
[1, 3, 0, 0, 11.072520141524219] 1e+100
[1, 3, 0, 0, 12.551961525756363] 1e+100
[1, 3, 0, 0, 6.797428656915006] 1e+100
[1, 3, 0, 0, 7.8757019807578965] 1e+100
[1, 3, 0, 0, 5.853287860121721] 1e+100
[1, 3, 0, 0, 13.29632116622999] 1e+100
[1, 3, 0, 0, 2.8268245870993924] 1e+100
[1, 3, 0, 0, 17.092409545697464] 1e+100
[1, 3, 0, 0, 15.533360450175632] 1e+100
[1, 3, 0, 0, 10.781886123391933] 1e+100
[1, 3, 0, 0, 11.976972116831702] 1e+100
[1, 3, 0, 0, 7.014601129486464] 1e+100
[1, 3, 0, 0, 17.45431346070933] 1e+100
[1, 3, 0, 0, 13.373563048544812] 1e+100
[1, 3, 0, 0, 9.808796434851448] 1e+100
[1, 3, 0, 0, 13.944520045843309] 1e+100
[1, 3, 0, 0, 4.520393822155895] 1e+100
[1, 3, 0, 0, 14.202143012906316] 1e+100
[1, 3, 0, 0, 16.39902803842922] 1e+100
[1, 3, 0, 0, 12.796462422248737] 1e+100
[1, 3, 0, 0, 13.076914519227676] 1e+100
[1, 3, 0, 0, 17.84213224214103] 1e+100
[1, 3, 0, 0, 9.179368198443195] 1e+100
[1, 3, 0, 0, 12.401157693652706] 1e+100
[1, 3, 0, 0, 8.016860708141431] 1e+100
[1, 3, 0, 0, 18.826802476106298] 1e+100
[1, 3, 0, 0, 18.031315641969247] 1e+100
[1, 3, 0, 0, 17.08208611709577] 1e+100
[1, 3, 0, 0, 2.395435225245164] 1e+100
[1, 3, 0, 0, 14.918742114125772] 1e+100
[1, 3, 0, 0, 4.741083550104886] 1e+100
[1, 3, 0, 0, 15.719751291854553] 1e+100
[1, 3, 0, 0, 8.136905357220849] 1e+100
[1, 3, 0, 0, 6.497009723861151] 1e+100
[1, 3, 0, 0, 12.418873928677822] 1e+100
[1, 3, 0, 0, 6.219439667428421] 1e+100
[1, 3, 0, 0, 3.6351185810363718] 1e+100
[1, 3, 0, 0, 1.2703939636168182] 0.00013169267264
[1, 3, 0, 0, 16.569892449201017] 1e+100
[1, 3, 0, 0, 16.858829388155367] 1e+100
[1, 3, 0, 0, 14.870209115820806] 1e+100
[1, 3, 0, 0, 18.849276901043453] 1e+100
[1, 3, 0, 0, 4.632266126803424] 1e+100
[1, 3, 0, 0, 2.1365046822347966] 1e+100
[1, 3, 0, 0, 11.97623800036383] 1e+100
[1, 3, 0, 0, 7.791467226048314] 1e+100
[1, 3, 0, 0, 5.560603202379559] 1e+100
[1, 3, 0, 0, 11.422191255000705] 1e+100
[1, 3, 0, 0, 1.9125896549676513] 1e+100
[1, 3, 0, 0, 3.5658484396286028] 1e+100
[1, 3, 0, 0, 15.677528399710287] 1e+100
[1, 3, 0, 0, 14.428650293597391] 1e+100
[1, 3, 0, 0, 8.053895380753735] 1e+100
[1, 3, 0, 0, 17.747019035102827] 1e+100
[1, 3, 0, 0, 8.342030686046764] 1e+100
[1, 3, 0, 0, 5.306646697811699] 1e+100
[1, 3, 0, 0, 3.896749370865573] 1e+100
[1, 3, 0, 0, 16.156381021316495] 1e+100
[1, 3, 0, 0, 0.8848268009293481] 0.05746572133866
