[1, 1, 0, 0, 9.390582526565815] 1e+100
[1, 1, 0, 0, 3.363184494506264] 1e+100
[1, 1, 0, 0, 6.037880210760836] 1e+100
[1, 1, 0, 0, 14.544693604758196] 1e+100
[1, 1, 0, 0, 11.5381123989029] 1e+100
[1, 1, 0, 0, 9.527933761056635] 1e+100
[1, 1, 0, 0, 6.890471683772583] 1e+100
[1, 1, 0, 0, 17.986463763401144] 1e+100
[1, 1, 0, 0, 8.423447284346947] 1e+100
[1, 1, 0, 0, 3.6904302435111846] 1e+100
[1, 1, 0, 0, 3.455315543719879] 1e+100
[1, 1, 0, 0, 16.658760695421165] 1e+100
[1, 1, 0, 0, 8.388682329535595] 1e+100
[1, 1, 0, 0, 15.80842285562362] 1e+100
[1, 1, 0, 0, 1.6211196959142682] 1e+100
[1, 1, 0, 0, 3.3170599203551543] 1e+100
[1, 1, 0, 0, 13.562105997283796] 1e+100
[1, 1, 0, 0, 7.229283164603489] 1e+100
[1, 1, 0, 0, 14.369072370087864] 1e+100
[1, 1, 0, 0, 8.797495123595965] 1e+100
[1, 1, 0, 0, 7.7455170029109865] 1e+100
[1, 1, 0, 0, 13.456112756587068] 1e+100
[1, 1, 0, 0, 14.320736004789161] 1e+100
[1, 1, 0, 0, 1.4205415800183174] 1e+100
[1, 1, 0, 0, 0.745309462081678] 0.01764061588299
[1, 1, 0, 0, 15.924869417634923] 1e+100
[1, 1, 0, 0, 0.6170450689750573] 0.01414590306756
[1, 1, 0, 0, 9.409115345490422] 1e+100
[1, 1, 0, 0, 12.589072664708823] 1e+100
[1, 1, 0, 0, 19.25605836351685] 1e+100
[1, 1, 0, 0, 10.138049275724029] 1e+100
[1, 1, 0, 0, 12.22034413809573] 1e+100
[1, 1, 0, 0, 1.5435626125442736] 1e+100
[1, 1, 0, 0, 3.75962134888556] 1e+100
[1, 1, 0, 0, 7.244823091080352] 1e+100
[1, 1, 0, 0, 7.689570436170676] 1e+100
[1, 1, 0, 0, 12.426338252861784] 1e+100
[1, 1, 0, 0, 15.019788968016556] 1e+100
[1, 1, 0, 0, 8.39562461262912] 1e+100
[1, 1, 0, 0, 5.071197761783677] 1e+100
[1, 1, 0, 0, 17.912015109825575] 1e+100
[1, 1, 0, 0, 6.405854026446292] 1e+100
[1, 1, 0, 0, 11.240159750941555] 1e+100
[1, 1, 0, 0, 3.9753682572814797] 1e+100
[1, 1, 0, 0, 16.288713777119977] 1e+100
[1, 1, 0, 0, 10.726563386849609] 1e+100
[1, 1, 0, 0, 15.1277448977555] 1e+100
[1, 1, 0, 0, 4.081947712722496] 1e+100
[1, 1, 0, 0, 14.419668386210297] 1e+100
[1, 1, 0, 0, 8.069157207362405] 1e+100
[1, 1, 0, 0, 0.7411790363346071] 0.01774738868374
[1, 1, 0, 0, 8.518819997239627] 1e+100
[1, 1, 0, 0, 12.357894158706653] 1e+100
[1, 1, 0, 0, 12.408512253018895] 1e+100
[1, 1, 0, 0, 2.9541501974252715] 1e+100
[1, 1, 0, 0, 17.280310104861595] 1e+100
[1, 1, 0, 0, 8.888173950401587] 1e+100
[1, 1, 0, 0, 4.187556112655352] 1e+100
[1, 1, 0, 0, 13.062931984890064] 1e+100
[1, 1, 0, 0, 6.949827958571948] 1e+100
[1, 1, 0, 0, 3.566237285637135] 1e+100
[1, 1, 0, 0, 16.426349258183237] 1e+100
[1, 1, 0, 0, 1.2163922001966676] 1e+100
[1, 1, 0, 0, 19.01252619523343] 1e+100
[1, 1, 0, 0, 13.193432634935345] 1e+100
[1, 1, 0, 0, 15.884915531173098] 1e+100
[1, 1, 0, 0, 10.670645221178779] 1e+100
[1, 1, 0, 0, 19.615322292791078] 1e+100
[1, 1, 0, 0, 7.304913010077425] 1e+100
[1, 1, 0, 0, 13.14649265801189] 1e+100
[1, 1, 0, 0, 16.941278575840045] 1e+100
[1, 1, 0, 0, 13.448055145891702] 1e+100
[1, 1, 0, 0, 17.374531623098882] 1e+100
[1, 1, 0, 0, 9.457178622214784] 1e+100
[1, 1, 0, 0, 1.8445340368168783] 1e+100
[1, 1, 0, 0, 17.781552888374645] 1e+100
[1, 1, 0, 0, 14.28487565664858] 1e+100
[1, 1, 0, 0, 19.890979685210322] 1e+100
[1, 1, 0, 0, 5.933341687170863] 1e+100
[1, 1, 0, 0, 6.848031590907033] 1e+100
[1, 1, 0, 0, 7.982418745088222] 1e+100
[1, 1, 0, 0, 4.830154243141179] 1e+100
[1, 1, 0, 0, 10.236342915666238] 1e+100
[1, 1, 0, 0, 8.08247656468758] 1e+100
[1, 1, 0, 0, 17.460847216605625] 1e+100
[1, 1, 0, 0, 10.76415440649141] 1e+100
[1, 1, 0, 0, 16.046511784295994] 1e+100
[1, 1, 0, 0, 13.009133915983625] 1e+100
[1, 1, 0, 0, 17.44156105433977] 1e+100
[1, 1, 0, 0, 7.405941575097761] 1e+100
[1, 1, 0, 0, 7.1883574408226725] 1e+100
[1, 1, 0, 0, 15.72094491151092] 1e+100
[1, 1, 0, 0, 14.042831063340666] 1e+100
[1, 1, 0, 0, 16.752443826875044] 1e+100
[1, 1, 0, 0, 4.088510814678146] 1e+100
[1, 1, 0, 0, 16.811115420065402] 1e+100
[1, 1, 0, 0, 5.01703810427405] 1e+100
[1, 1, 0, 0, 0.3219451707558485] 0.03569885066104
[1, 1, 0, 0, 14.33521300905169] 1e+100
[1, 1, 0, 0, 16.037418065392426] 1e+100
[1, 1, 0, 0, 14.419937226433127] 1e+100
[1, 1, 0, 0, 15.662135172916404] 1e+100
[1, 1, 0, 0, 10.839650355512216] 1e+100
[1, 1, 0, 0, 4.230099710121122] 1e+100
[1, 1, 0, 0, 7.280214936997327] 1e+100
[1, 1, 0, 0, 13.719134377934246] 1e+100
[1, 1, 0, 0, 8.291028976400137] 1e+100
[1, 1, 0, 0, 0.5433352741626729] 0.00819320595784
[1, 1, 0, 0, 14.237625667297406] 1e+100
[1, 1, 0, 0, 15.121434049965934] 1e+100
[1, 1, 0, 0, 6.542118199519058] 1e+100
[1, 1, 0, 0, 15.04859925887275] 1e+100
[1, 1, 0, 0, 3.898189071221667] 1e+100
[1, 1, 0, 0, 17.104085597516846] 1e+100
[1, 1, 0, 0, 17.342564572480395] 1e+100
[1, 1, 0, 0, 14.584687361557418] 1e+100
[1, 1, 0, 0, 18.90849901416107] 1e+100
[1, 1, 0, 0, 12.631330239001242] 1e+100
[1, 1, 0, 0, 3.333585986145453] 1e+100
[1, 1, 0, 0, 17.530587760399786] 1e+100
[1, 1, 0, 0, 2.63071393444539] 1e+100
[1, 1, 0, 0, 0.31479144362184686] 0.03867257000827
[1, 1, 0, 0, 4.215783968324041] 1e+100
[1, 1, 0, 0, 1.0173273581933184] 1e+100
[1, 1, 0, 0, 9.317449233096205] 1e+100
[1, 1, 0, 0, 15.427594422205193] 1e+100
[1, 1, 0, 0, 4.778693647768623] 1e+100
[1, 1, 0, 0, 0.1878097906999332] 1e+100
[1, 1, 0, 0, 19.455476832994094] 1e+100
[1, 1, 0, 0, 1.0480918696959263] 1e+100
[1, 1, 0, 0, 12.832007907732422] 1e+100
[1, 1, 0, 0, 8.449883268028133] 1e+100
[1, 1, 0, 0, 0.39799846266308725] 0.0125346830105
[1, 1, 0, 0, 6.4676028661192175] 1e+100
[1, 1, 0, 0, 18.067727044096443] 1e+100
[1, 1, 0, 0, 10.679263741278538] 1e+100
[1, 1, 0, 0, 14.381105749232894] 1e+100
[1, 1, 0, 0, 16.709162737166707] 1e+100
[1, 1, 0, 0, 8.185660687651357] 1e+100
[1, 1, 0, 0, 9.708514209879242] 1e+100
[1, 1, 0, 0, 3.932991589876802] 1e+100
[1, 1, 0, 0, 16.228948822711825] 1e+100
[1, 1, 0, 0, 5.100729010849701] 1e+100
[1, 1, 0, 0, 5.345751284815464] 1e+100
[1, 1, 0, 0, 2.7951526022965423] 1e+100
[1, 1, 0, 0, 10.844271313951587] 1e+100
[1, 1, 0, 0, 17.302971329201537] 1e+100
[1, 1, 0, 0, 5.467733238421482] 1e+100
[1, 1, 0, 0, 1.644190045227245] 1e+100
[1, 1, 0, 0, 12.433861187318476] 1e+100
[1, 1, 0, 0, 1.749358708494595] 1e+100
[1, 1, 0, 0, 0.2568430473095362] 0.07644920046329
[1, 1, 0, 0, 6.543308199885109] 1e+100
[1, 1, 0, 0, 6.505223140575389] 1e+100
[1, 1, 0, 0, 15.996284420907854] 1e+100
[1, 1, 0, 0, 10.27973722400314] 1e+100
[1, 1, 0, 0, 10.639626599651486] 1e+100
[1, 1, 0, 0, 4.198835516112869] 1e+100
[1, 1, 0, 0, 17.871647560364913] 1e+100
[1, 1, 0, 0, 3.9534878128685147] 1e+100
[1, 1, 0, 0, 6.966412294572786] 1e+100
[1, 1, 0, 0, 12.01494281945903] 1e+100
[1, 1, 0, 0, 12.494680535758558] 1e+100
[1, 1, 0, 0, 11.819250340288612] 1e+100
[1, 1, 0, 0, 6.872111743960998] 1e+100
[1, 1, 0, 0, 15.146569494897694] 1e+100
[1, 1, 0, 0, 13.637258515106666] 1e+100
[1, 1, 0, 0, 9.961703916493898] 1e+100
[1, 1, 0, 0, 4.703510967128026] 1e+100
[1, 1, 0, 0, 15.520779858659306] 1e+100
[1, 1, 0, 0, 16.881616199807233] 1e+100
[1, 1, 0, 0, 0.7619765292719083] 0.01704170705588
[1, 1, 0, 0, 18.422650436162787] 1e+100
[1, 1, 0, 0, 5.691445128866473] 1e+100
[1, 1, 0, 0, 12.88185373576109] 1e+100
[1, 1, 0, 0, 1.1718628301291112] 1e+100
[1, 1, 0, 0, 1.9611207379263074] 1e+100
[1, 1, 0, 0, 19.553096109165285] 1e+100
[1, 1, 0, 0, 5.748201815565805] 1e+100
[1, 1, 0, 0, 4.707003893860147] 1e+100
[1, 1, 0, 0, 18.247194760061486] 1e+100
[1, 1, 0, 0, 10.455738438268039] 1e+100
[1, 1, 0, 0, 16.88836002224111] 1e+100
[1, 1, 0, 0, 10.502950480854468] 1e+100
[1, 1, 0, 0, 2.5066879484676696] 1e+100
[1, 1, 0, 0, 1.39707897743361] 1e+100
[1, 1, 0, 0, 12.578554662774902] 1e+100
[1, 1, 0, 0, 13.714819005955569] 1e+100
[1, 1, 0, 0, 12.743974290818405] 1e+100
[1, 1, 0, 0, 3.5196559394796734] 1e+100
[1, 1, 0, 0, 19.63576571598034] 1e+100
[1, 1, 0, 0, 1.5602837892686883] 1e+100
[1, 1, 0, 0, 11.780074226337945] 1e+100
[1, 1, 0, 0, 16.73306276764263] 1e+100
[1, 1, 0, 0, 3.5514688818556372] 1e+100
[1, 1, 0, 0, 6.985555792831346] 1e+100
[1, 1, 0, 0, 18.05741462585754] 1e+100
[1, 1, 0, 0, 5.522732281560561] 1e+100
[1, 1, 0, 0, 17.984959504036276] 1e+100
[1, 1, 0, 0, 17.54279350257129] 1e+100
[1, 1, 0, 0, 6.550427199514475] 1e+100
[1, 1, 0, 0, 11.843688653893414] 1e+100
[1, 1, 0, 0, 18.41132539982166] 1e+100
[1, 1, 0, 0, 18.91559685520648] 1e+100
[1, 1, 0, 0, 7.177719229395672] 1e+100
[1, 1, 0, 0, 8.393729550903368] 1e+100
[1, 1, 0, 0, 6.769303180835962] 1e+100
[1, 1, 0, 0, 8.755368787862299] 1e+100
[1, 1, 0, 0, 1.9304475928629894] 1e+100
[1, 1, 0, 0, 10.18086998925087] 1e+100
[1, 1, 0, 0, 17.643799954711668] 1e+100
[1, 1, 0, 0, 5.138742009516639] 1e+100
[1, 1, 0, 0, 6.039724468886519] 1e+100
[1, 1, 0, 0, 2.636008412660704] 1e+100
[1, 1, 0, 0, 15.78660142550693] 1e+100
[1, 1, 0, 0, 15.994245368974076] 1e+100
[1, 1, 0, 0, 14.117239081951478] 1e+100
[1, 1, 0, 0, 5.973226939936273] 1e+100
[1, 1, 0, 0, 11.92810104547509] 1e+100
[1, 1, 0, 0, 11.301285178615126] 1e+100
[1, 1, 0, 0, 10.42108355467797] 1e+100
[1, 1, 0, 0, 4.066396644875148] 1e+100
[1, 1, 0, 0, 0.20080110307972188] 0.14229189189154
[1, 1, 0, 0, 9.009623802589164] 1e+100
[1, 1, 0, 0, 8.413952551675688] 1e+100
[1, 1, 0, 0, 8.87482982098603] 1e+100
[1, 1, 0, 0, 11.230539631619516] 1e+100
[1, 1, 0, 0, 16.396493432414292] 1e+100
[1, 1, 0, 0, 6.79139381117555] 1e+100
[1, 1, 0, 0, 19.267094007503044] 1e+100
[1, 1, 0, 0, 6.7155834108560235] 1e+100
[1, 1, 0, 0, 3.700717511224001] 1e+100
[1, 1, 0, 0, 3.0751691178082785] 1e+100
[1, 1, 0, 0, 4.311984907144315] 1e+100
[1, 1, 0, 0, 14.893174907492952] 1e+100
[1, 1, 0, 0, 17.187208342479522] 1e+100
[1, 1, 0, 0, 1.891789417525751] 1e+100
[1, 1, 0, 0, 8.718928946944475] 1e+100
[1, 1, 0, 0, 19.03304599142113] 1e+100
[1, 1, 0, 0, 13.965503963773562] 1e+100
[1, 1, 0, 0, 16.620165487369473] 1e+100
[1, 1, 0, 0, 4.85399683819113] 1e+100
[1, 1, 0, 0, 11.854995123170461] 1e+100
[1, 1, 0, 0, 7.72517061072413] 1e+100
[1, 1, 0, 0, 5.464422512750775] 1e+100
[1, 1, 0, 0, 6.983639543631222] 1e+100
[1, 1, 0, 0, 7.7819909310615] 1e+100
[1, 1, 0, 0, 19.24460253097112] 1e+100
[1, 1, 0, 0, 12.100769426955244] 1e+100
[1, 1, 0, 0, 6.353860655095611] 1e+100
[1, 1, 0, 0, 9.399618106929388] 1e+100
[1, 1, 0, 0, 3.85070712599503] 1e+100
[1, 1, 0, 0, 2.65156644301906] 1e+100
[1, 1, 0, 0, 2.4846889686261675] 1e+100
[1, 1, 0, 0, 0.47671856181951355] 0.00135481095947
[1, 1, 0, 0, 9.080917898444058] 1e+100
[1, 1, 0, 0, 8.52076904375033] 1e+100
[1, 1, 0, 0, 13.53171107740566] 1e+100
[1, 1, 0, 0, 13.617740236057998] 1e+100
[1, 1, 0, 0, 5.752610514324104] 1e+100
[1, 1, 0, 0, 7.621725083781361] 1e+100
[1, 1, 0, 0, 4.361041224101405] 1e+100
[1, 1, 0, 0, 17.353015000785284] 1e+100
[1, 1, 0, 0, 15.156947768656188] 1e+100
[1, 1, 0, 0, 19.525258307611786] 1e+100
[1, 1, 0, 0, 11.474396101197279] 1e+100
[1, 1, 0, 0, 1.2803847424536619] 1e+100
[1, 1, 0, 0, 3.5136674340033736] 1e+100
[1, 1, 0, 0, 9.373176455506176] 1e+100
[1, 1, 0, 0, 18.619173677120024] 1e+100
[1, 1, 0, 0, 14.922236658512105] 1e+100
[1, 1, 0, 0, 14.028569241807777] 1e+100
[1, 1, 0, 0, 15.03212678171749] 1e+100
[1, 1, 0, 0, 10.780235962000022] 1e+100
[1, 1, 0, 0, 9.79030255984421] 1e+100
[1, 1, 0, 0, 17.965944274165196] 1e+100
[1, 1, 0, 0, 16.95041545890978] 1e+100
[1, 1, 0, 0, 10.800628935852723] 1e+100
[1, 1, 0, 0, 14.768763644290562] 1e+100
[1, 1, 0, 0, 13.500573502109006] 1e+100
[1, 1, 0, 0, 4.389077561221422] 1e+100
[1, 1, 0, 0, 11.101167814695449] 1e+100
[1, 1, 0, 0, 0.18049740248655466] 1e+100
[1, 1, 0, 0, 14.395328881403746] 1e+100
[1, 1, 0, 0, 7.597113794755435] 1e+100
[1, 1, 0, 0, 17.302630542650455] 1e+100
[1, 1, 0, 0, 4.844299354474] 1e+100
[1, 1, 0, 0, 3.3788795276151307] 1e+100
[1, 1, 0, 0, 7.16751302040003] 1e+100
[1, 1, 0, 0, 2.8336194647368074] 1e+100
[1, 1, 0, 0, 16.036152145442397] 1e+100
[1, 1, 0, 0, 19.66270400040015] 1e+100
[1, 1, 0, 0, 7.371632494418692] 1e+100
[1, 1, 0, 0, 6.826333785868295] 1e+100
[1, 1, 0, 0, 15.351032112373574] 1e+100
[1, 1, 0, 0, 6.752099757732202] 1e+100
[1, 1, 0, 0, 6.63528150579626] 1e+100
[1, 1, 0, 0, 6.168044423960586] 1e+100
[1, 1, 0, 0, 6.2397562033253955] 1e+100
[1, 1, 0, 0, 16.702568953468017] 1e+100
[1, 1, 0, 0, 4.049001125576501] 1e+100
[1, 1, 0, 0, 7.300404749800233] 1e+100
[1, 1, 0, 0, 6.487434475631504] 1e+100
[1, 1, 0, 0, 7.7487348883928675] 1e+100
[1, 1, 0, 0, 6.271443309076135] 1e+100
[1, 1, 0, 0, 18.91918755150656] 1e+100
[1, 1, 0, 0, 2.6492300399489355] 1e+100
[1, 1, 0, 0, 0.2003077849102053] 0.14294291768674
[1, 1, 0, 0, 18.198039085069773] 1e+100
[1, 1, 0, 0, 3.1757091844269603] 1e+100
[1, 1, 0, 0, 15.976569971768635] 1e+100
[1, 1, 0, 0, 18.49548620523631] 1e+100
[1, 1, 0, 0, 1.316008346692048] 1e+100
[1, 1, 0, 0, 0.49703315396521175] 0.00370222946661
[1, 1, 0, 0, 3.0625765764377744] 1e+100
[1, 1, 0, 0, 0.27155906885353964] 0.06393799750926
[1, 1, 0, 0, 0.8745990177744889] 0.00651720034834
[1, 1, 0, 0, 19.15000944182688] 1e+100
[1, 1, 0, 0, 10.208502183121233] 1e+100
[1, 1, 0, 0, 13.062959686183593] 1e+100
[1, 1, 0, 0, 15.848859042944772] 1e+100
[1, 1, 0, 0, 16.273476021776332] 1e+100
[1, 1, 0, 0, 14.520115066575656] 1e+100
[1, 1, 0, 0, 10.418889111010383] 1e+100
[1, 1, 0, 0, 17.870654340834264] 1e+100
[1, 1, 0, 0, 18.252993417760997] 1e+100
[1, 1, 0, 0, 18.01776220198315] 1e+100
[1, 1, 0, 0, 10.881819383517504] 1e+100
[1, 1, 0, 0, 4.294606436224184] 1e+100
[1, 1, 0, 0, 18.749695496885295] 1e+100
[1, 1, 0, 0, 8.47854715008812] 1e+100
[1, 1, 0, 0, 12.59183121658134] 1e+100
[1, 1, 0, 0, 7.1607086389138175] 1e+100
[1, 1, 0, 0, 13.517256371668623] 1e+100
[1, 1, 0, 0, 11.660101739625215] 1e+100
[1, 1, 0, 0, 6.4466804415218615] 1e+100
[1, 1, 0, 0, 15.508819255965388] 1e+100
[1, 1, 0, 0, 15.65703034718008] 1e+100
[1, 1, 0, 0, 11.508718908171755] 1e+100
[1, 1, 0, 0, 7.792241272267204] 1e+100
[1, 1, 0, 0, 12.80216295404754] 1e+100
[1, 1, 0, 0, 12.205899233135346] 1e+100
[1, 1, 0, 0, 16.97022455943067] 1e+100
[1, 1, 0, 0, 11.343579656594695] 1e+100
[1, 1, 0, 0, 15.596712203873048] 1e+100
[1, 1, 0, 0, 4.697503077467844] 1e+100
[1, 1, 0, 0, 14.929661872858377] 1e+100
[1, 1, 0, 0, 5.413741274044392] 1e+100
[1, 1, 0, 0, 2.9066593654977746] 1e+100
[1, 1, 0, 0, 16.260705289909033] 1e+100
[1, 1, 0, 0, 18.037170493475625] 1e+100
[1, 1, 0, 0, 5.129294864713458] 1e+100
[1, 1, 0, 0, 15.712418027060583] 1e+100
[1, 1, 0, 0, 17.166406840753837] 1e+100
[1, 1, 0, 0, 10.095229832430384] 1e+100
[1, 1, 0, 0, 4.810060506391951] 1e+100
[1, 1, 0, 0, 11.021149693610326] 1e+100
[1, 1, 0, 0, 5.548706820463076] 1e+100
[1, 1, 0, 0, 11.878380752134719] 1e+100
[1, 1, 0, 0, 7.881691128522803] 1e+100
[1, 1, 0, 0, 3.424443997905142] 1e+100
[1, 1, 0, 0, 3.013365347964385] 1e+100
[1, 1, 0, 0, 14.285599267461997] 1e+100
[1, 1, 0, 0, 5.77765762356475] 1e+100
[1, 1, 0, 0, 12.199331774603008] 1e+100
[1, 1, 0, 0, 7.703381383982453] 1e+100
[1, 1, 0, 0, 19.345517153216033] 1e+100
[1, 1, 0, 0, 8.608791292023138] 1e+100
[1, 1, 0, 0, 17.597280891891252] 1e+100
[1, 1, 0, 0, 12.435929592569] 1e+100
[1, 1, 0, 0, 17.991043613041885] 1e+100
[1, 1, 0, 0, 16.34149103150495] 1e+100
[1, 1, 0, 0, 4.089528850222555] 1e+100
[1, 1, 0, 0, 14.031674635716648] 1e+100
[1, 1, 0, 0, 5.222533437855088] 1e+100
[1, 1, 0, 0, 11.102646893525387] 1e+100
[1, 1, 0, 0, 0.9240229518682086] 0.00078449898155
[1, 1, 0, 0, 4.8527635336605845] 1e+100
[1, 1, 0, 0, 4.750361590156437] 1e+100
[1, 1, 0, 0, 12.756719255908568] 1e+100
[1, 1, 0, 0, 9.538284790972003] 1e+100
[1, 1, 0, 0, 19.50290281169711] 1e+100
[1, 1, 0, 0, 15.931014064082056] 1e+100
[1, 1, 0, 0, 2.1276938169546855] 1e+100
[1, 1, 0, 0, 12.258340362048987] 1e+100
[1, 1, 0, 0, 6.903361891942559] 1e+100
[1, 1, 0, 0, 8.357580916371447] 1e+100
[1, 1, 0, 0, 17.19680603952119] 1e+100
[1, 1, 0, 0, 18.99596213129003] 1e+100
[1, 1, 0, 0, 11.468955596989757] 1e+100
[1, 1, 0, 0, 19.28652476630235] 1e+100
[1, 1, 0, 0, 2.4166524685285506] 1e+100
[1, 1, 0, 0, 5.425486783342954] 1e+100
[1, 1, 0, 0, 18.75209347810585] 1e+100
[1, 1, 0, 0, 15.189506596117738] 1e+100
[1, 1, 0, 0, 2.470751958123938] 1e+100
[1, 1, 0, 0, 12.963631440426882] 1e+100
[1, 1, 0, 0, 2.569436511104697] 1e+100
[1, 1, 0, 0, 3.2364826390922907] 1e+100
[1, 1, 0, 0, 11.403759241121762] 1e+100
[1, 1, 0, 0, 4.070700513840184] 1e+100
[1, 1, 0, 0, 18.80463318306791] 1e+100
[1, 1, 0, 0, 11.170934164872225] 1e+100
[1, 1, 0, 0, 9.58982386696473] 1e+100
[1, 1, 0, 0, 14.172098088268035] 1e+100
[1, 1, 0, 0, 10.47316332547091] 1e+100
[1, 1, 0, 0, 4.7396672234891035] 1e+100
[1, 1, 0, 0, 8.030010254267975] 1e+100
[1, 1, 0, 0, 11.376589639305578] 1e+100
[1, 1, 0, 0, 6.483094607299202] 1e+100
[1, 1, 0, 0, 19.32665788686812] 1e+100
[1, 1, 0, 0, 17.99572902782329] 1e+100
[1, 1, 0, 0, 4.340729382578219] 1e+100
[1, 1, 0, 0, 7.554288844874288] 1e+100
[1, 1, 0, 0, 19.01488324887644] 1e+100
[1, 1, 0, 0, 18.624942920779212] 1e+100
[1, 1, 0, 0, 12.252668787530524] 1e+100
[1, 1, 0, 0, 1.428918514543862] 1e+100
[1, 1, 0, 0, 11.526996589152123] 1e+100
[1, 1, 0, 0, 4.993739663421839] 1e+100
[1, 1, 0, 0, 7.13243913647454] 1e+100
[1, 1, 0, 0, 8.47578354483807] 1e+100
[1, 1, 0, 0, 6.6601912186599455] 1e+100
[1, 1, 0, 0, 16.308629208111093] 1e+100
[1, 1, 0, 0, 10.517262203440321] 1e+100
[1, 1, 0, 0, 12.165149044919046] 1e+100
[1, 1, 0, 0, 14.575550208696491] 1e+100
[1, 1, 0, 0, 16.799448394963242] 1e+100
[1, 1, 0, 0, 15.479326140945009] 1e+100
[1, 1, 0, 0, 6.790318709217269] 1e+100
[1, 1, 0, 0, 17.21236559714091] 1e+100
[1, 1, 0, 0, 9.341331807298097] 1e+100
[1, 1, 0, 0, 6.897362506174288] 1e+100
[1, 1, 0, 0, 11.458247978356951] 1e+100
[1, 1, 0, 0, 2.5754652174818515] 1e+100
[1, 1, 0, 0, 7.1177112406932945] 1e+100
[1, 1, 0, 0, 0.6067713176858724] 0.01340749932119
[1, 1, 0, 0, 2.7089138895970177] 1e+100
[1, 1, 0, 0, 15.699123893239209] 1e+100
[1, 1, 0, 0, 5.5224803893097025] 1e+100
[1, 1, 0, 0, 16.17466096620023] 1e+100
[1, 1, 0, 0, 0.9223675152270605] 0.000523378215
[1, 1, 0, 0, 16.535989862283316] 1e+100
[1, 1, 0, 0, 2.9217371890860755] 1e+100
[1, 1, 0, 0, 6.2670549219287945] 1e+100
[1, 1, 0, 0, 11.862032989517648] 1e+100
[1, 1, 0, 0, 3.3532019702057747] 1e+100
[1, 1, 0, 0, 8.468091521671345] 1e+100
[1, 1, 0, 0, 18.344199839120968] 1e+100
[1, 1, 0, 0, 10.121730707288691] 1e+100
[1, 1, 0, 0, 1.7711904032632986] 1e+100
[1, 1, 0, 0, 9.081725077071995] 1e+100
[1, 1, 0, 0, 12.64528230773901] 1e+100
[1, 1, 0, 0, 9.591824734114759] 1e+100
[1, 1, 0, 0, 16.240906944690046] 1e+100
[1, 1, 0, 0, 11.803752710462112] 1e+100
[1, 1, 0, 0, 0.39764398463797423] 0.01261916252037
[1, 1, 0, 0, 11.76070496956349] 1e+100
[1, 1, 0, 0, 16.260082654620614] 1e+100
[1, 1, 0, 0, 6.252654861748155] 1e+100
[1, 1, 0, 0, 4.5592629490634184] 1e+100
[1, 1, 0, 0, 17.46564726212032] 1e+100
[1, 1, 0, 0, 5.460210615357717] 1e+100
[1, 1, 0, 0, 8.968888019911352] 1e+100
[1, 1, 0, 0, 15.837151722387972] 1e+100
[1, 1, 0, 0, 1.7452740175876302] 1e+100
[1, 1, 0, 0, 15.120693509150904] 1e+100
[1, 1, 0, 0, 16.934530646469163] 1e+100
[1, 1, 0, 0, 14.120069619542473] 1e+100
[1, 1, 0, 0, 12.527246881441803] 1e+100
[1, 1, 0, 0, 0.030899733233034077] 1e+100
[1, 1, 0, 0, 6.832931976339649] 1e+100
[1, 1, 0, 0, 6.153492544908305] 1e+100
[1, 1, 0, 0, 5.094888499921613] 1e+100
[1, 1, 0, 0, 12.863406333457197] 1e+100
[1, 1, 0, 0, 11.922445618630494] 1e+100
[1, 1, 0, 0, 10.674486573116777] 1e+100
[1, 1, 0, 0, 13.730921707077187] 1e+100
[1, 1, 0, 0, 8.935754152141078] 1e+100
[1, 1, 0, 0, 16.956169427101393] 1e+100
[1, 1, 0, 0, 10.174432160232874] 1e+100
[1, 1, 0, 0, 7.460656508490113] 1e+100
[1, 1, 0, 0, 12.510504771328838] 1e+100
[1, 1, 0, 0, 18.418760273250566] 1e+100
[1, 1, 0, 0, 17.7806214712744] 1e+100
[1, 1, 0, 0, 11.528349063704912] 1e+100
[1, 1, 0, 0, 9.25447420133396] 1e+100
[1, 1, 0, 0, 8.242895655045237] 1e+100
[1, 1, 0, 0, 11.451587159309902] 1e+100
[1, 1, 0, 0, 7.857401812492773] 1e+100
[1, 1, 0, 0, 0.48892796344376377] 0.00280476551585
[1, 1, 0, 0, 1.713581213464086] 1e+100
[1, 1, 0, 0, 7.366825207999024] 1e+100
[1, 1, 0, 0, 9.421433942467498] 1e+100
[1, 1, 0, 0, 15.584755128891256] 1e+100
[1, 1, 0, 0, 17.092301258711426] 1e+100
[1, 1, 0, 0, 6.370041025952659] 1e+100
[1, 1, 0, 0, 8.377582080853392] 1e+100
[1, 1, 0, 0, 1.6785923321002483] 1e+100
[1, 1, 0, 0, 4.666493049352702] 1e+100
[1, 1, 0, 0, 7.416823024140731] 1e+100
[1, 1, 0, 0, 0.5600540073189175] 0.00965482764171
[1, 1, 0, 0, 17.06209831134885] 1e+100
[1, 1, 0, 0, 6.640140380909598] 1e+100
[1, 1, 0, 0, 4.528233319249965] 1e+100
[1, 1, 0, 0, 19.300150344860988] 1e+100
[1, 1, 0, 0, 4.28068705782326] 1e+100
[1, 1, 0, 0, 0.6773711627321966] 0.01737645718005
[1, 1, 0, 0, 3.634364733594795] 1e+100
[1, 1, 0, 0, 1.358435619469054] 1e+100
[1, 1, 0, 0, 19.506001608417417] 1e+100
[1, 1, 0, 0, 18.24439387812276] 1e+100
[1, 1, 0, 0, 9.003219559122424] 1e+100
[1, 1, 0, 0, 2.5154729594428438] 1e+100
[1, 1, 0, 0, 3.9325526048365234] 1e+100
[1, 1, 0, 0, 9.220980687006437] 1e+100
[1, 1, 0, 0, 3.991207157045198] 1e+100
[1, 1, 0, 0, 3.9828654014713383] 1e+100
[1, 1, 0, 0, 10.453655318910755] 1e+100
[1, 1, 0, 0, 15.332469104298816] 1e+100
[1, 1, 0, 0, 11.368509910128605] 1e+100
[1, 1, 0, 0, 19.009779580802864] 1e+100
[1, 1, 0, 0, 1.9292937203914406] 1e+100
[1, 1, 0, 0, 8.420232674383701] 1e+100
[1, 1, 0, 0, 3.7263209070908854] 1e+100
[1, 1, 0, 0, 8.192515732144091] 1e+100
[1, 1, 0, 0, 16.19846457810766] 1e+100
[1, 1, 0, 0, 4.504134597189157] 1e+100
[1, 1, 0, 0, 14.237104018062421] 1e+100
[1, 1, 0, 0, 3.5491913049291757] 1e+100
[1, 1, 0, 0, 16.673077015184287] 1e+100
[1, 1, 0, 0, 8.128851350939039] 1e+100
[1, 1, 0, 0, 14.581618714811672] 1e+100
[1, 1, 0, 0, 9.476843093170125] 1e+100
[1, 1, 0, 0, 0.0433210550087848] 1e+100
[1, 1, 0, 0, 0.9130486773198321] 0.00092838908009
[1, 1, 0, 0, 8.381287979244647] 1e+100
[1, 1, 0, 0, 15.420414507445626] 1e+100
[1, 1, 0, 0, 13.367435795506754] 1e+100
[1, 1, 0, 0, 8.480217501370708] 1e+100
[1, 1, 0, 0, 5.647240102472639] 1e+100
[1, 1, 0, 0, 17.827322059236646] 1e+100
[1, 1, 0, 0, 7.860796982068406] 1e+100
[1, 1, 0, 0, 18.638582743361233] 1e+100
[1, 1, 0, 0, 15.06114118477072] 1e+100
[1, 1, 0, 0, 11.915164036154698] 1e+100
[1, 1, 0, 0, 15.944762278803653] 1e+100
[1, 1, 0, 0, 4.854963767603648] 1e+100
[1, 1, 0, 0, 17.006658861688226] 1e+100
[1, 1, 0, 0, 4.598972804490186] 1e+100
[1, 1, 0, 0, 0.22965974806091305] 0.10541023777751
[1, 1, 0, 0, 17.75460403766921] 1e+100
[1, 1, 0, 0, 17.161192800756353] 1e+100
[1, 1, 0, 0, 10.45647624475897] 1e+100
[1, 1, 0, 0, 9.473860754684315] 1e+100
[1, 1, 0, 0, 18.604276827878138] 1e+100
[1, 1, 0, 0, 12.685004119635812] 1e+100
[1, 1, 0, 0, 5.437080800644889] 1e+100
[1, 1, 0, 0, 14.019560685909124] 1e+100
[1, 1, 0, 0, 14.7387424302236] 1e+100
[1, 1, 0, 0, 14.01927271997441] 1e+100
[1, 1, 0, 0, 4.325885238864274] 1e+100
[1, 1, 0, 0, 12.536395721109637] 1e+100
[1, 1, 0, 0, 19.716739138236807] 1e+100
[1, 1, 0, 0, 9.581621439777972] 1e+100
[1, 1, 0, 0, 16.150010862200734] 1e+100
[1, 1, 0, 0, 19.03854482592315] 1e+100
[1, 1, 0, 0, 1.7789524593279893] 1e+100
[1, 1, 0, 0, 11.783910593137199] 1e+100
[1, 1, 0, 0, 17.431131817658677] 1e+100
[1, 1, 0, 0, 2.9152960106536563] 1e+100
[1, 1, 0, 0, 16.905561568199396] 1e+100
[1, 1, 0, 0, 0.0914906500571111] 1e+100
[1, 1, 0, 0, 7.934589312783946] 1e+100
[1, 1, 0, 0, 7.107591576020235] 1e+100
[1, 1, 0, 0, 13.192651757395527] 1e+100
[1, 1, 0, 0, 3.7738514665995937] 1e+100
[1, 1, 0, 0, 5.042376628598879] 1e+100
[1, 1, 0, 0, 0.9309581980935144] 0.00188813861794
[1, 1, 0, 0, 16.046225257796845] 1e+100
[1, 1, 0, 0, 5.067748917151562] 1e+100
[1, 1, 0, 0, 18.868475067622924] 1e+100
[1, 1, 0, 0, 17.075796891409134] 1e+100
[1, 1, 0, 0, 9.002515459700666] 1e+100
[1, 1, 0, 0, 19.028116632633086] 1e+100
[1, 1, 0, 0, 5.171896965333511] 1e+100
[1, 1, 0, 0, 19.8274052662008] 1e+100
[1, 1, 0, 0, 2.01128580584943] 1e+100
[1, 1, 0, 0, 7.638298679817954] 1e+100
[1, 1, 0, 0, 10.883631635873883] 1e+100
[1, 1, 0, 0, 6.075715491459162] 1e+100
[1, 1, 0, 0, 12.450619268740637] 1e+100
[1, 1, 0, 0, 11.493070253939932] 1e+100
[1, 1, 0, 0, 8.098536901076967] 1e+100
[1, 1, 0, 0, 15.084849148356641] 1e+100
[1, 1, 0, 0, 6.8853266464852485] 1e+100
[1, 1, 0, 0, 2.767862220205808] 1e+100
[1, 1, 0, 0, 19.163013620086357] 1e+100
[1, 1, 0, 0, 5.766620816981646] 1e+100
[1, 1, 0, 0, 3.0657485580330435] 1e+100
[1, 1, 0, 0, 8.68120334308841] 1e+100
[1, 1, 0, 0, 17.103055866582075] 1e+100
[1, 1, 0, 0, 10.442845755851424] 1e+100
[1, 1, 0, 0, 9.701029075366275] 1e+100
[1, 1, 0, 0, 8.319517458398096] 1e+100
[1, 1, 0, 0, 14.08750764500278] 1e+100
[1, 1, 0, 0, 12.435391561965925] 1e+100
[1, 1, 0, 0, 9.416946130795672] 1e+100
[1, 1, 0, 0, 14.905831227190294] 1e+100
[1, 1, 0, 0, 2.3955524935238715] 1e+100
[1, 1, 0, 0, 14.586706511723783] 1e+100
[1, 1, 0, 0, 14.511290734982023] 1e+100
[1, 1, 0, 0, 15.811901892411475] 1e+100
[1, 1, 0, 0, 4.66815890965883] 1e+100
[1, 1, 0, 0, 10.48120756720431] 1e+100
[1, 1, 0, 0, 2.2443234237614895] 1e+100
[1, 1, 0, 0, 8.626930237302613] 1e+100
[1, 1, 0, 0, 7.749729673337105] 1e+100
[1, 1, 0, 0, 3.7321946730061017] 1e+100
[1, 1, 0, 0, 16.73152856122912] 1e+100
[1, 1, 0, 0, 13.515299062894325] 1e+100
[1, 1, 0, 0, 19.81104728783886] 1e+100
[1, 1, 0, 0, 7.308919015444653] 1e+100
[1, 1, 0, 0, 4.593990117396556] 1e+100
[1, 1, 0, 0, 15.457064950477168] 1e+100
[1, 1, 0, 0, 19.708949564814926] 1e+100
[1, 1, 0, 0, 5.529680891240076] 1e+100
[1, 1, 0, 0, 6.354070106160372] 1e+100
[1, 1, 0, 0, 6.179251517258841] 1e+100
[1, 1, 0, 0, 7.768473277085242] 1e+100
[1, 1, 0, 0, 1.036806034603719] 1e+100
[1, 1, 0, 0, 16.610185729245302] 1e+100
[1, 1, 0, 0, 9.273567601102695] 1e+100
[1, 1, 0, 0, 18.151280701279514] 1e+100
[1, 1, 0, 0, 1.5767542734022855] 1e+100
[1, 1, 0, 0, 15.540700714655758] 1e+100
[1, 1, 0, 0, 5.279317749173265] 1e+100
[1, 1, 0, 0, 7.756257778029607] 1e+100
[1, 1, 0, 0, 18.583646141679168] 1e+100
[1, 1, 0, 0, 6.256408515500393] 1e+100
[1, 1, 0, 0, 10.26107258911666] 1e+100
[1, 1, 0, 0, 8.252332915945074] 1e+100
[1, 1, 0, 0, 3.9282163726942665] 1e+100
[1, 1, 0, 0, 0.9309463809513852] 0.00188624533817
[1, 1, 0, 0, 8.007036377601555] 1e+100
[1, 1, 0, 0, 14.097046248526382] 1e+100
[1, 1, 0, 0, 6.347054976506068] 1e+100
[1, 1, 0, 0, 12.084725626223367] 1e+100
[1, 1, 0, 0, 11.691661729403766] 1e+100
[1, 1, 0, 0, 10.952474856834426] 1e+100
[1, 1, 0, 0, 15.706902089657655] 1e+100
[1, 1, 0, 0, 15.236617754966526] 1e+100
[1, 1, 0, 0, 16.937957080416762] 1e+100
[1, 1, 0, 0, 12.700092140030412] 1e+100
[1, 1, 0, 0, 2.419557061953661] 1e+100
[1, 1, 0, 0, 2.797537902457501] 1e+100
[1, 1, 0, 0, 15.445663428346775] 1e+100
[1, 1, 0, 0, 1.9622445604640215] 1e+100
[1, 1, 0, 0, 12.187198680213287] 1e+100
[1, 1, 0, 0, 13.167368636382204] 1e+100
[1, 1, 0, 0, 7.62021338929747] 1e+100
[1, 1, 0, 0, 15.952843814299268] 1e+100
[1, 1, 0, 0, 4.529736461529835] 1e+100
[1, 1, 0, 0, 16.027206262096726] 1e+100
[1, 1, 0, 0, 5.345650909235755] 1e+100
[1, 1, 0, 0, 18.559811718314098] 1e+100
[1, 1, 0, 0, 3.916025858918397] 1e+100
[1, 1, 0, 0, 11.23482523987681] 1e+100
[1, 1, 0, 0, 4.273923804949151] 1e+100
[1, 1, 0, 0, 19.754817506318854] 1e+100
[1, 1, 0, 0, 1.8633465496501977] 1e+100
[1, 1, 0, 0, 9.958490007011928] 1e+100
[1, 1, 0, 0, 12.67885244310347] 1e+100
[1, 1, 0, 0, 4.313332980764084] 1e+100
[1, 1, 0, 0, 4.5212256628432] 1e+100
[1, 1, 0, 0, 1.9534265940118778] 1e+100
[1, 1, 0, 0, 1.0719664510222193] 1e+100
[1, 1, 0, 0, 10.269220420237327] 1e+100
[1, 1, 0, 0, 4.737698596559743] 1e+100
[1, 1, 0, 0, 12.244936198290981] 1e+100
[1, 1, 0, 0, 6.47462948010737] 1e+100
[1, 1, 0, 0, 9.162497842799233] 1e+100
[1, 1, 0, 0, 12.576450310251062] 1e+100
[1, 1, 0, 0, 18.154141811600276] 1e+100
[1, 1, 0, 0, 14.261265627492037] 1e+100
[1, 1, 0, 0, 11.633431911093988] 1e+100
[1, 1, 0, 0, 12.721499350581658] 1e+100
[1, 1, 0, 0, 15.581435995675621] 1e+100
[1, 1, 0, 0, 19.28661213798634] 1e+100
[1, 1, 0, 0, 9.440046774265202] 1e+100
[1, 1, 0, 0, 18.31175585605474] 1e+100
[1, 1, 0, 0, 5.596973557000034] 1e+100
[1, 1, 0, 0, 15.101802475306133] 1e+100
[1, 1, 0, 0, 13.180077788944827] 1e+100
[1, 1, 0, 0, 4.309545049666004] 1e+100
[1, 1, 0, 0, 11.05876535030382] 1e+100
[1, 1, 0, 0, 10.111775194696868] 1e+100
[1, 1, 0, 0, 17.14497236332535] 1e+100
[1, 1, 0, 0, 5.576816173702904] 1e+100
[1, 1, 0, 0, 8.771875957009316] 1e+100
[1, 1, 0, 0, 4.075570804223627] 1e+100
[1, 1, 0, 0, 18.009872478069656] 1e+100
[1, 1, 0, 0, 10.108045249478241] 1e+100
[1, 1, 0, 0, 9.693417162310066] 1e+100
[1, 1, 0, 0, 15.001118514277053] 1e+100
[1, 1, 0, 0, 13.153309087111808] 1e+100
[1, 1, 0, 0, 13.848649557278137] 1e+100
[1, 1, 0, 0, 8.263630620029156] 1e+100
[1, 1, 0, 0, 5.325774055434936] 1e+100
[1, 1, 0, 0, 6.043551720278648] 1e+100
[1, 1, 0, 0, 5.878366765522188] 1e+100
[1, 1, 0, 0, 6.058978290776434] 1e+100
[1, 1, 0, 0, 3.3508543151265324] 1e+100
[1, 1, 0, 0, 11.154719848756082] 1e+100
[1, 1, 0, 0, 11.927147058236393] 1e+100
[1, 1, 0, 0, 4.69277874901233] 1e+100
[1, 1, 0, 0, 2.089886795636413] 1e+100
[1, 1, 0, 0, 0.01886456131407588] 1e+100
[1, 1, 0, 0, 13.750314219527963] 1e+100
[1, 1, 0, 0, 15.860222785862536] 1e+100
[1, 1, 0, 0, 6.283683363587562] 1e+100
[1, 1, 0, 0, 11.033118861427338] 1e+100
[1, 1, 0, 0, 9.98298625336859] 1e+100
[1, 1, 0, 0, 6.047246441897352] 1e+100
[1, 1, 0, 0, 1.553060255491172] 1e+100
[1, 1, 0, 0, 0.9206835060320495] 0.00025871304548
[1, 1, 0, 0, 12.672504297493072] 1e+100
[1, 1, 0, 0, 19.574550350543966] 1e+100
[1, 1, 0, 0, 1.5610000193481577] 1e+100
[1, 1, 0, 0, 7.755403736293722] 1e+100
[1, 1, 0, 0, 12.484849205148548] 1e+100
[1, 1, 0, 0, 10.369904864543955] 1e+100
[1, 1, 0, 0, 19.472278560506386] 1e+100
[1, 1, 0, 0, 6.622969573270822] 1e+100
[1, 1, 0, 0, 9.126837959553473] 1e+100
[1, 1, 0, 0, 13.820679803320637] 1e+100
[1, 1, 0, 0, 1.5926297167176284] 1e+100
[1, 1, 0, 0, 5.1949083763281] 1e+100
[1, 1, 0, 0, 19.250082868417767] 1e+100
[1, 1, 0, 0, 18.86782118465873] 1e+100
[1, 1, 0, 0, 12.619351015856054] 1e+100
[1, 1, 0, 0, 16.55658109015119] 1e+100
[1, 1, 0, 0, 18.86547307667964] 1e+100
[1, 1, 0, 0, 9.804366046529589] 1e+100
[1, 1, 0, 0, 3.4402897987364045] 1e+100
[1, 1, 0, 0, 5.406337196270401] 1e+100
[1, 1, 0, 0, 12.342854020420077] 1e+100
[1, 1, 0, 0, 11.403601651265774] 1e+100
[1, 1, 0, 0, 3.103256417846827] 1e+100
[1, 1, 0, 0, 4.877868677955313] 1e+100
[1, 1, 0, 0, 0.8399809479030185] 0.01082424882497
[1, 1, 0, 0, 19.28433681413844] 1e+100
[1, 1, 0, 0, 4.794431138663429] 1e+100
[1, 1, 0, 0, 7.404137398728596] 1e+100
[1, 1, 0, 0, 17.05861084223379] 1e+100
[1, 1, 0, 0, 3.8947575270323864] 1e+100
[1, 1, 0, 0, 10.067303488364729] 1e+100
[1, 1, 0, 0, 7.626489241656651] 1e+100
[1, 1, 0, 0, 6.647855455877689] 1e+100
[1, 1, 0, 0, 3.8701476157458736] 1e+100
[1, 1, 0, 0, 14.352556443991261] 1e+100
[1, 1, 0, 0, 8.313066885976674] 1e+100
[1, 1, 0, 0, 10.13745407434589] 1e+100
[1, 1, 0, 0, 13.299791697568782] 1e+100
[1, 1, 0, 0, 5.837248472607377] 1e+100
[1, 1, 0, 0, 1.6546849643196704] 1e+100
[1, 1, 0, 0, 4.6028437016296975] 1e+100
[1, 1, 0, 0, 3.1304685295592916] 1e+100
[1, 1, 0, 0, 8.113741207564678] 1e+100
[1, 1, 0, 0, 19.06147723934422] 1e+100
[1, 1, 0, 0, 9.189567730902443] 1e+100
[1, 1, 0, 0, 9.251195383965094] 1e+100
[1, 1, 0, 0, 9.168218902345703] 1e+100
[1, 1, 0, 0, 17.73631217715435] 1e+100
[1, 1, 0, 0, 18.450537690250233] 1e+100
[1, 1, 0, 0, 11.611214846307554] 1e+100
[1, 1, 0, 0, 4.703511070970913] 1e+100
[1, 1, 0, 0, 6.645645445470787] 1e+100
[1, 1, 0, 0, 19.986308686793834] 1e+100
[1, 1, 0, 0, 11.104882049639816] 1e+100
[1, 1, 0, 0, 13.454401773288232] 1e+100
[1, 1, 0, 0, 9.083503092062175] 1e+100
[1, 1, 0, 0, 13.309119110915173] 1e+100
[1, 1, 0, 0, 7.111108684247965] 1e+100
[1, 1, 0, 0, 6.966865217115448] 1e+100
[1, 1, 0, 0, 14.746901635620581] 1e+100
[1, 1, 0, 0, 18.64591410048111] 1e+100
[1, 1, 0, 0, 12.141563699297501] 1e+100
[1, 1, 0, 0, 10.783537893394774] 1e+100
[1, 1, 0, 0, 6.148619833682596] 1e+100
[1, 1, 0, 0, 14.352078222413338] 1e+100
[1, 1, 0, 0, 8.40609134464625] 1e+100
[1, 1, 0, 0, 11.378959914870585] 1e+100
[1, 1, 0, 0, 1.7444189903630347] 1e+100
[1, 1, 0, 0, 10.303345839524173] 1e+100
[1, 1, 0, 0, 8.446646363851247] 1e+100
[1, 1, 0, 0, 9.390136533265174] 1e+100
[1, 1, 0, 0, 2.39099400142355] 1e+100
[1, 1, 0, 0, 11.173095774082197] 1e+100
[1, 1, 0, 0, 6.262523118146284] 1e+100
[1, 1, 0, 0, 18.229468190202326] 1e+100
[1, 1, 0, 0, 9.901770281849238] 1e+100
[1, 1, 0, 0, 8.323565690070556] 1e+100
[1, 1, 0, 0, 7.8080739806621535] 1e+100
[1, 1, 0, 0, 2.6489529414228974] 1e+100
[1, 1, 0, 0, 13.10259267123028] 1e+100
[1, 1, 0, 0, 1.71773083424819] 1e+100
[1, 1, 0, 0, 4.861175834252207] 1e+100
[1, 1, 0, 0, 16.32273458617615] 1e+100
[1, 1, 0, 0, 8.18635184407474] 1e+100
[1, 1, 0, 0, 17.478076095894465] 1e+100
[1, 1, 0, 0, 3.4089294333311426] 1e+100
[1, 1, 0, 0, 0.9834607209656077] 1e+100
[1, 1, 0, 0, 14.852874984726688] 1e+100
[1, 1, 0, 0, 1.0210176485367017] 1e+100
[1, 1, 0, 0, 18.69924222151812] 1e+100
[1, 1, 0, 0, 6.8417023052118235] 1e+100
[1, 1, 0, 0, 8.071257740426576] 1e+100
[1, 1, 0, 0, 13.248644385007726] 1e+100
[1, 1, 0, 0, 13.247693693084283] 1e+100
[1, 1, 0, 0, 1.1482660614755669] 1e+100
[1, 1, 0, 0, 0.3419178997680272] 0.02842612659487
[1, 1, 0, 0, 9.289484298612614] 1e+100
[1, 1, 0, 0, 16.50468280846181] 1e+100
[1, 1, 0, 0, 14.68677227954414] 1e+100
[1, 1, 0, 0, 10.036065022384088] 1e+100
[1, 1, 0, 0, 0.7604083876951284] 0.01710952437835
[1, 1, 0, 0, 13.423996777154489] 1e+100
[1, 1, 0, 0, 2.362165588682339] 1e+100
[1, 1, 0, 0, 16.97025808006997] 1e+100
[1, 1, 0, 0, 3.8984535141463694] 1e+100
[1, 1, 0, 0, 4.509672189359286] 1e+100
[1, 1, 0, 0, 8.722076132382131] 1e+100
[1, 1, 0, 0, 12.33309020767045] 1e+100
[1, 1, 0, 0, 1.1426718480571973] 1e+100
[1, 1, 0, 0, 7.39554529574288] 1e+100
[1, 1, 0, 0, 6.625553715172714] 1e+100
[1, 1, 0, 0, 15.53933218171313] 1e+100
[1, 1, 0, 0, 15.7672688269694] 1e+100
[1, 1, 0, 0, 17.05779805856103] 1e+100
[1, 1, 0, 0, 18.65354983448515] 1e+100
[1, 1, 0, 0, 0.9346656192302127] 0.0024841549589
[1, 1, 0, 0, 12.717087935773904] 1e+100
[1, 1, 0, 0, 2.7694905819843485] 1e+100
[1, 1, 0, 0, 10.538258204724114] 1e+100
[1, 1, 0, 0, 2.653660339744719] 1e+100
[1, 1, 0, 0, 11.974180078503116] 1e+100
[1, 1, 0, 0, 13.855391502484766] 1e+100
[1, 1, 0, 0, 2.1601714513954295] 1e+100
[1, 1, 0, 0, 19.21482910340545] 1e+100
[1, 1, 0, 0, 11.665313797434154] 1e+100
[1, 1, 0, 0, 1.3431130829389781] 1e+100
[1, 1, 0, 0, 1.8208291553320488] 1e+100
[1, 1, 0, 0, 0.8470336611374041] 0.01001284882425
[1, 1, 0, 0, 6.250684974496908] 1e+100
[1, 1, 0, 0, 9.275625012757363] 1e+100
[1, 1, 0, 0, 13.744779416745107] 1e+100
[1, 1, 0, 0, 13.562076869358693] 1e+100
[1, 1, 0, 0, 12.905445768420801] 1e+100
[1, 1, 0, 0, 3.8252697869989127] 1e+100
[1, 1, 0, 0, 19.562763038744098] 1e+100
[1, 1, 0, 0, 1.7642929853929434] 1e+100
[1, 1, 0, 0, 0.5737094873133541] 0.01080567666168
[1, 1, 0, 0, 13.284228278055597] 1e+100
[1, 1, 0, 0, 10.311963348536601] 1e+100
[1, 1, 0, 0, 13.307839006303402] 1e+100
[1, 1, 0, 0, 0.4005477740718] 0.01193314452641
[1, 1, 0, 0, 14.177129138051214] 1e+100
[1, 1, 0, 0, 6.735087326905238] 1e+100
[1, 1, 0, 0, 9.554665192636914] 1e+100
[1, 1, 0, 0, 4.842438569452458] 1e+100
[1, 1, 0, 0, 18.33141387849476] 1e+100
[1, 1, 0, 0, 12.997663066600836] 1e+100
[1, 1, 0, 0, 19.65510025051753] 1e+100
[1, 1, 0, 0, 19.908226325502667] 1e+100
[1, 1, 0, 0, 7.210669029077321] 1e+100
[1, 1, 0, 0, 19.653616956523308] 1e+100
[1, 1, 0, 0, 4.681350808290404] 1e+100
[1, 1, 0, 0, 6.018811237107511] 1e+100
[1, 1, 0, 0, 18.33648580504785] 1e+100
[1, 1, 0, 0, 3.9321636750107536] 1e+100
[1, 1, 0, 0, 0.8406355484688466] 0.01075047088025
[1, 1, 0, 0, 8.831062367516429] 1e+100
[1, 1, 0, 0, 10.294701767704638] 1e+100
[1, 1, 0, 0, 7.179177637332039] 1e+100
[1, 1, 0, 0, 18.51395669043786] 1e+100
[1, 1, 0, 0, 0.024787065987339485] 1e+100
[1, 1, 0, 0, 7.527281778524282] 1e+100
[1, 1, 0, 0, 11.13032026243889] 1e+100
[1, 1, 0, 0, 16.069807675582638] 1e+100
[1, 1, 0, 0, 12.118623965881678] 1e+100
[1, 1, 0, 0, 0.07801209892334571] 1e+100
[1, 1, 0, 0, 11.55086420545006] 1e+100
[1, 1, 0, 0, 16.646633511178095] 1e+100
[1, 1, 0, 0, 2.185145709504024] 1e+100
[1, 1, 0, 0, 0.7151209494614363] 0.0180435678213
[1, 1, 0, 0, 4.989265645432603] 1e+100
[1, 1, 0, 0, 3.141522011630493] 1e+100
[1, 1, 0, 0, 1.9473647179934739] 1e+100
[1, 1, 0, 0, 2.563388548948684] 1e+100
[1, 1, 0, 0, 14.138462688634997] 1e+100
[1, 1, 0, 0, 4.08948998529965] 1e+100
[1, 1, 0, 0, 5.991246010033489] 1e+100
[1, 1, 0, 0, 18.994040460572858] 1e+100
[1, 1, 0, 0, 11.793644066914535] 1e+100
[1, 1, 0, 0, 0.5832313215696305] 0.01158441306923
[1, 1, 0, 0, 14.630683550999722] 1e+100
[1, 1, 0, 0, 5.3997896910289445] 1e+100
[1, 1, 0, 0, 16.93972984958251] 1e+100
[1, 1, 0, 0, 8.85010968937542] 1e+100
[1, 1, 0, 0, 2.587647984820036] 1e+100
[1, 1, 0, 0, 16.090055947473605] 1e+100
[1, 1, 0, 0, 17.507826426690286] 1e+100
[1, 1, 0, 0, 4.437082377678651] 1e+100
[1, 1, 0, 0, 5.672044318584996] 1e+100
[1, 1, 0, 0, 19.150163028687935] 1e+100
[1, 1, 0, 0, 16.693785249687004] 1e+100
[1, 1, 0, 0, 10.814863204720249] 1e+100
[1, 1, 0, 0, 10.137972660952668] 1e+100
[1, 1, 0, 0, 9.68634355279356] 1e+100
[1, 1, 0, 0, 14.182554173457554] 1e+100
[1, 1, 0, 0, 4.105098632127415] 1e+100
[1, 1, 0, 0, 12.35813985497634] 1e+100
[1, 1, 0, 0, 13.67435753636733] 1e+100
[1, 1, 0, 0, 19.028268091057015] 1e+100
[1, 1, 0, 0, 12.106606457733733] 1e+100
[1, 1, 0, 0, 9.416706007699743] 1e+100
[1, 1, 0, 0, 4.121704458427205] 1e+100
[1, 1, 0, 0, 7.555002250825638] 1e+100
[1, 1, 0, 0, 10.803902543607265] 1e+100
[1, 1, 0, 0, 7.805464222837855] 1e+100
[1, 1, 0, 0, 7.100856532593259] 1e+100
[1, 1, 0, 0, 16.13283526609157] 1e+100
[1, 1, 0, 0, 9.41099605303501] 1e+100
[1, 1, 0, 0, 3.3189604986014465] 1e+100
[1, 1, 0, 0, 14.44977602620569] 1e+100
[1, 1, 0, 0, 11.817813163901295] 1e+100
[1, 1, 0, 0, 3.236131164583085] 1e+100
[1, 1, 0, 0, 12.384289989148026] 1e+100
[1, 1, 0, 0, 14.964382705740212] 1e+100
[1, 1, 0, 0, 11.112176378564163] 1e+100
[1, 1, 0, 0, 12.084412571976015] 1e+100
[1, 1, 0, 0, 6.736053003856379] 1e+100
[1, 1, 0, 0, 7.985473800615715] 1e+100
[1, 1, 0, 0, 14.701404845631941] 1e+100
[1, 1, 0, 0, 4.883808960635472] 1e+100
[1, 1, 0, 0, 19.426722551439383] 1e+100
[1, 1, 0, 0, 8.37277077632085] 1e+100
[1, 1, 0, 0, 9.070882422332643] 1e+100
[1, 1, 0, 0, 10.421417015642056] 1e+100
[1, 1, 0, 0, 0.2210992638322229] 0.11590176076589
[1, 1, 0, 0, 14.864064359208054] 1e+100
[1, 1, 0, 0, 12.068576702223819] 1e+100
[1, 1, 0, 0, 7.8657046732037355] 1e+100
[1, 1, 0, 0, 5.401585245483885] 1e+100
[1, 1, 0, 0, 12.622729807866047] 1e+100
[1, 1, 0, 0, 6.897347254138586] 1e+100
[1, 1, 0, 0, 18.12483652456522] 1e+100
[1, 1, 0, 0, 3.4312412246023594] 1e+100
[1, 1, 0, 0, 1.0043730712799048] 1e+100
[1, 1, 0, 0, 16.622002107992003] 1e+100
[1, 1, 0, 0, 10.860294413284105] 1e+100
[1, 1, 0, 0, 2.0733074451592937] 1e+100
[1, 1, 0, 0, 11.982905236305307] 1e+100
[1, 1, 0, 0, 6.432096478213872] 1e+100
[1, 1, 0, 0, 12.695514757932562] 1e+100
[1, 1, 0, 0, 8.079546678561895] 1e+100
[1, 1, 0, 0, 17.68030688892585] 1e+100
[1, 1, 0, 0, 13.19815426017298] 1e+100
[1, 1, 0, 0, 3.6019711951122413] 1e+100
[1, 1, 0, 0, 19.12123999775072] 1e+100
[1, 1, 0, 0, 16.217618813699186] 1e+100
[1, 1, 0, 0, 1.3043927408549205] 1e+100
[1, 1, 0, 0, 19.07800826421374] 1e+100
[1, 1, 0, 0, 15.13226668190075] 1e+100
[1, 1, 0, 0, 1.3762017310071584] 1e+100
[1, 1, 0, 0, 0.01896351652754369] 1e+100
[1, 1, 0, 0, 17.54616098661677] 1e+100
[1, 1, 0, 0, 17.96105192047513] 1e+100
[1, 1, 0, 0, 16.504934037900426] 1e+100
[1, 1, 0, 0, 2.515999274310856] 1e+100
[1, 1, 0, 0, 12.498232451391907] 1e+100
[1, 1, 0, 0, 6.506244414691064] 1e+100
[1, 1, 0, 0, 17.409551281720134] 1e+100
[1, 1, 0, 0, 10.24447360457421] 1e+100
[1, 1, 0, 0, 4.124666780333078] 1e+100
[1, 1, 0, 0, 19.82095021845534] 1e+100
[1, 1, 0, 0, 10.408406037068755] 1e+100
[1, 1, 0, 0, 2.5213721949555645] 1e+100
[1, 1, 0, 0, 16.12387334140545] 1e+100
[1, 1, 0, 0, 13.960123727509659] 1e+100
[1, 1, 0, 0, 8.333516123022179] 1e+100
[1, 1, 0, 0, 5.72921929074419] 1e+100
[1, 1, 0, 0, 0.1568892452752113] 1e+100
[1, 1, 0, 0, 3.483672883900353] 1e+100
[1, 1, 0, 0, 0.9045995868004564] 0.00221561690619
[1, 1, 0, 0, 11.083780664497365] 1e+100
[1, 1, 0, 0, 19.58718343684959] 1e+100
[1, 1, 0, 0, 7.038221641303091] 1e+100
[1, 1, 0, 0, 14.760427458226573] 1e+100
