[32.96975534889547, 1, 0, 0, 1] 0.12581085397885
[24.320413870614484, 1, 0, 0, 1] 0.06248950637598
[24.01560423461889, 1, 0, 0, 1] 0.06198221061051
[26.228453577282316, 1, 0, 0, 1] 0.06847347796239
[45.864904129226524, 1, 0, 0, 1] 0.33688002666345
[16.573925548904793, 1, 0, 0, 1] 0.08461260139258
[16.177219775829286, 1, 0, 0, 1] 0.08710570699343
[45.04980776288856, 1, 0, 0, 1] 0.32207106580237
[20.36880866615876, 1, 0, 0, 1] 0.06538484900399
[47.73356990869909, 1, 0, 0, 1] 0.37051844691856
[29.48194793661879, 1, 0, 0, 1] 0.0894986418151
[46.14537022828225, 1, 0, 0, 1] 0.34196303897196
[33.957511532382, 1, 0, 0, 1] 0.13836819158777
[7.468756052711162, 1, 0, 0, 1] 0.01231073529579
[32.816115420353185, 1, 0, 0, 1] 0.12394158475019
[15.792425332979382, 1, 0, 0, 1] 0.08950738706993
[19.69697237254725, 1, 0, 0, 1] 0.06781890201372
[31.302595810819323, 1, 0, 0, 1] 0.10680914423232
[25.108034994263623, 1, 0, 0, 1] 0.06437459891529
[25.067370824198022, 1, 0, 0, 1] 0.06425705578535
[10.341051654102667, 1, 0, 0, 1] 0.07593391774563
[8.575775022369175, 1, 0, 0, 1] 0.02477864958267
[40.611119067182685, 1, 0, 0, 1] 0.2423083175528
[18.800487827928063, 1, 0, 0, 1] 0.0718280430886
[41.39102960683514, 1, 0, 0, 1] 0.25602897515241
[23.100870768876458, 1, 0, 0, 1] 0.06120436346881
[6.667195109077445, 1, 0, 0, 1] 0.03228040084561
[23.96027151422004, 1, 0, 0, 1] 0.06190343114039
[5.036107240027138, 1, 0, 0, 1] 0.03009102999349
[42.91946344942994, 1, 0, 0, 1] 0.28339296154718
[4.227627274909551, 1, 0, 0, 1] 0.01212253120436
[28.04503457396899, 1, 0, 0, 1] 0.07858269079196
[15.99580711324392, 1, 0, 0, 1] 0.08824252995809
[23.507644195561166, 1, 0, 0, 1] 0.06141251971335
[9.939370787807606, 1, 0, 0, 1] 0.06656282787157
[34.543354178317855, 1, 0, 0, 1] 0.14623883486818
[41.18341846875863, 1, 0, 0, 1] 0.25235749508467
[48.57038582436754, 1, 0, 0, 1] 0.38533789177776
[17.3131594359126, 1, 0, 0, 1] 0.08005000348273
[25.624188355162612, 1, 0, 0, 1] 0.06605716042242
[22.020588214824024, 1, 0, 0, 1] 0.06171342811465
[20.72048098551284, 1, 0, 0, 1] 0.06432063911479
[33.585500778269164, 1, 0, 0, 1] 0.13353118071774
[12.812517141805756, 1, 0, 0, 1] 0.10088098446067
[34.43484246391013, 1, 0, 0, 1] 0.14475815584241
[44.18153098092644, 1, 0, 0, 1] 0.30627585119931
[40.74674795929564, 1, 0, 0, 1] 0.24467979832335
[47.13474187666976, 1, 0, 0, 1] 0.35980705891316
[13.211149161198499, 1, 0, 0, 1] 0.1008720276091
[40.421538418660816, 1, 0, 0, 1] 0.23900466471539
[34.39379011049265, 1, 0, 0, 1] 0.14420065897453
[22.356260897380096, 1, 0, 0, 1] 0.06139124354292
[46.02805800114192, 1, 0, 0, 1] 0.3398379771663
[48.02134630619458, 1, 0, 0, 1] 0.37563606367158
[4.631774457652282, 1, 0, 0, 1] 0.02127190415183
[45.77272081144388, 1, 0, 0, 1] 0.33520759935311
[6.065270619873803, 1, 0, 0, 1] 0.03908110839013
[41.23968543387143, 1, 0, 0, 1] 0.25335125666105
[13.085110901480624, 1, 0, 0, 1] 0.10095640384577
[40.848619437871776, 1, 0, 0, 1] 0.24646526157878
[44.69445836608999, 1, 0, 0, 1] 0.31560624441933
[33.676116050460955, 1, 0, 0, 1] 0.13469761958171
[29.204783971302085, 1, 0, 0, 1] 0.08719894928136
[48.070973721513596, 1, 0, 0, 1] 0.37651644744037
[42.92007220673488, 1, 0, 0, 1] 0.28340395365898
[19.17235032900185, 1, 0, 0, 1] 0.07006543920665
[49.65170209374882, 1, 0, 0, 1] 0.40416830434153
[6.491632506819267, 1, 0, 0, 1] 0.03512754535586
[26.404138538260707, 1, 0, 0, 1] 0.06926572772757
[22.960948320312202, 1, 0, 0, 1] 0.06118359182449
[42.02814807403307, 1, 0, 0, 1] 0.26737102303643
[13.023311649606361, 1, 0, 0, 1] 0.10097122424284
[14.04219999660249, 1, 0, 0, 1] 0.09880133927272
[29.665237841852342, 1, 0, 0, 1] 0.09106933851312
[30.79380680427691, 1, 0, 0, 1] 0.10159588063972
[43.23792580966789, 1, 0, 0, 1] 0.28915070995219
[39.966745240727505, 1, 0, 0, 1] 0.23113591047974
[15.677359295785841, 1, 0, 0, 1] 0.09021609450376
[44.02458100452234, 1, 0, 0, 1] 0.30342268296671
[9.606240178598762, 1, 0, 0, 1] 0.05762585919874
[22.053993239941, 1, 0, 0, 1] 0.06167479881003
[11.41524680218406, 1, 0, 0, 1] 0.09315593364569
[38.44670617084603, 1, 0, 0, 1] 0.20551104025584
[40.73289791070398, 1, 0, 0, 1] 0.24443733123805
[7.149520982107132, 1, 0, 0, 1] 0.02142046461657
[0.014194004645845526, 1, 0, 0, 1] 20.0515464944227
[7.662342650310766, 1, 0, 0, 1] 0.00625567283563
[1.6241352310878643, 1, 0, 0, 1] 0.02574629910168
[41.148126579646274, 1, 0, 0, 1] 0.25173468557458
[6.148640235840147, 1, 0, 0, 1] 0.03865895481444
[32.68417020021187, 1, 0, 0, 1] 0.12235484714637
[42.32973631855542, 1, 0, 0, 1] 0.27277454424721
[32.45805691868727, 1, 0, 0, 1] 0.11967605008811
[1.8165131397908096, 1, 0, 0, 1] 0.01406822894772
[49.36462746578037, 1, 0, 0, 1] 0.39920838423268
[36.652618555657874, 1, 0, 0, 1] 0.1769263904848
[3.0739860809628485, 1, 0, 0, 1] 0.0088706376146
[22.988639410138916, 1, 0, 0, 1] 0.06118564220999
[5.963590306710992, 1, 0, 0, 1] 0.03935526860918
[48.200371608153844, 1, 0, 0, 1] 0.37880883542125
[38.33770433008501, 1, 0, 0, 1] 0.20371878603861
[25.67059314715961, 1, 0, 0, 1] 0.06622569734115
[47.77107711685076, 1, 0, 0, 1] 0.37118662353555
[23.330397133642943, 1, 0, 0, 1] 0.06129474489562
[38.89265516587666, 1, 0, 0, 1] 0.21291051149311
[26.03272735741353, 1, 0, 0, 1] 0.06763833412438
[42.818508199413, 1, 0, 0, 1] 0.28157086059773
[17.0218421032117, 1, 0, 0, 1] 0.08182546780595
[24.058419329661575, 1, 0, 0, 1] 0.06204614302075
[19.2824022033881, 1, 0, 0, 1] 0.06957024402916
[27.963012579698276, 1, 0, 0, 1] 0.07803597526123
[38.319008196022416, 1, 0, 0, 1] 0.20341204224107
[37.93901450703851, 1, 0, 0, 1] 0.19722091516937
[33.54599643220175, 1, 0, 0, 1] 0.13302506196508
[42.82488274860287, 1, 0, 0, 1] 0.28168586371232
[20.58986598853213, 1, 0, 0, 1] 0.06469860780345
[36.51942802351975, 1, 0, 0, 1] 0.17488847079083
[14.344426645486996, 1, 0, 0, 1] 0.09754266236023
[18.204034410996066, 1, 0, 0, 1] 0.07492194439522
[11.128494578131122, 1, 0, 0, 1] 0.08964667029797
[22.209771901975817, 1, 0, 0, 1] 0.06151379525897
[41.022617374166835, 1, 0, 0, 1] 0.24952296331937
[43.216465468471036, 1, 0, 0, 1] 0.288762273009
[26.14629595015755, 1, 0, 0, 1] 0.06811681516054
[11.418823182888833, 1, 0, 0, 1] 0.09319498846174
[49.68549985506655, 1, 0, 0, 1] 0.40475024247197
[2.140363365642867, 1, 0, 0, 1] 0.00599439344059
[0.17628864015933332, 1, 0, 0, 1] 1e+100
[13.956513492436622, 1, 0, 0, 1] 0.0991169302743
[30.71317017432753, 1, 0, 0, 1] 0.10079586095845
[1.9113656843637528, 1, 0, 0, 1] 0.00762219767629
[10.594505922578728, 1, 0, 0, 1] 0.08102021216233
[7.822673885505282, 1, 0, 0, 1] 0.00101877156534
[0.7075478757342379, 1, 0, 0, 1] 1e+100
[30.389953042463276, 1, 0, 0, 1] 0.09766225508783
[20.480317518503373, 1, 0, 0, 1] 0.06503141719554
[32.93182389735678, 1, 0, 0, 1] 0.12534720649201
[42.420589879210645, 1, 0, 0, 1] 0.27440617112468
[19.45304498444162, 1, 0, 0, 1] 0.06882722080863
[9.457717872608356, 1, 0, 0, 1] 0.05332763858386
[20.38120970334712, 1, 0, 0, 1] 0.06534481640336
[41.62120823522795, 1, 0, 0, 1] 0.26011419817486
[9.396235901615768, 1, 0, 0, 1] 0.05149596378924
[9.519990264792611, 1, 0, 0, 1] 0.0551520481372
[17.09150122786, 1, 0, 0, 1] 0.08139762536822
[38.74608543482398, 1, 0, 0, 1] 0.21046691282514
[39.581694135898104, 1, 0, 0, 1] 0.22454111252469
[44.7222299453089, 1, 0, 0, 1] 0.31611153370488
[20.04381354412987, 1, 0, 0, 1] 0.06649799894654
[33.698351123004755, 1, 0, 0, 1] 0.13498500526063
[45.2199933254204, 1, 0, 0, 1] 0.32516615965056
[13.796593743494878, 1, 0, 0, 1] 0.09965074811941
[43.48273378335704, 1, 0, 0, 1] 0.29358572326194
[23.797998344646686, 1, 0, 0, 1] 0.0616959803507
[48.674582102443395, 1, 0, 0, 1] 0.38716916370702
[2.475209371751025, 1, 0, 0, 1] 0.01538773753089
[9.789783020927938, 1, 0, 0, 1] 0.0626750329856
[38.7051881233049, 1, 0, 0, 1] 0.20978707785156
[32.935987883780506, 1, 0, 0, 1] 0.12539803538214
[14.273795445515958, 1, 0, 0, 1] 0.09785564720006
[4.662132717960504, 1, 0, 0, 1] 0.02197187847327
[30.98935945244844, 1, 0, 0, 1] 0.10356596962954
[48.70498643726111, 1, 0, 0, 1] 0.38770289649339
[26.043780244418592, 1, 0, 0, 1] 0.06768415935391
[34.95079432033222, 1, 0, 0, 1] 0.15188868324273
[48.162677850676275, 1, 0, 0, 1] 0.37814153051957
[10.313263778748693, 1, 0, 0, 1] 0.07533705530473
[19.702937348658534, 1, 0, 0, 1] 0.06779505365374
[5.502959842251798e-05, 1, 0, 0, 1] 1e+100
[14.460628491087657, 1, 0, 0, 1] 0.09700520941915
[32.35035274656764, 1, 0, 0, 1] 0.11841817747402
[32.603387257977445, 1, 0, 0, 1] 0.12139191700524
[46.4799750937723, 1, 0, 0, 1] 0.34801479940049
[22.097850857977285, 1, 0, 0, 1] 0.06162628007684
[18.021953566134425, 1, 0, 0, 1] 0.07592550666858
[35.38415134953821, 1, 0, 0, 1] 0.15804991570188
[8.225927153261198, 1, 0, 0, 1] 0.01269547187995
[5.527627985078132, 1, 0, 0, 1] 0.03750796297113
[41.422229931847006, 1, 0, 0, 1] 0.25658183974503
[39.682250728269054, 1, 0, 0, 1] 0.2262570889691
[9.166239877993199, 1, 0, 0, 1] 0.04439437566369
[14.729812475891425, 1, 0, 0, 1] 0.09566447225984
[43.82551126483241, 1, 0, 0, 1] 0.29980594361784
[36.14113269079994, 1, 0, 0, 1] 0.16916979035441
[8.279763409290148, 1, 0, 0, 1] 0.0145563483224
[30.576852049007474, 1, 0, 0, 1] 0.09945992581485
[42.81417136034441, 1, 0, 0, 1] 0.28149262358561
[46.47361285709303, 1, 0, 0, 1] 0.34789987329725
[42.81529408283408, 1, 0, 0, 1] 0.28151287731516
[28.223920451761487, 1, 0, 0, 1] 0.07980408635683
[44.88949303485895, 1, 0, 0, 1] 0.31915471065388
[43.778369239189125, 1, 0, 0, 1] 0.29894987353981
[28.94947483677101, 1, 0, 0, 1] 0.08516175319017
[8.76975725110347, 1, 0, 0, 1] 0.03138823057371
[8.979789457912307, 1, 0, 0, 1] 0.0383815400737
[19.638884275817936, 1, 0, 0, 1] 0.06805317808401
[37.576901599365804, 1, 0, 0, 1] 0.19140091699913
[3.790572484036858, 1, 0, 0, 1] 0.00365873761959
[5.64924735244901, 1, 0, 0, 1] 0.03851052462139
[44.991301305958615, 1, 0, 0, 1] 0.32100681768131
[23.14418231908511, 1, 0, 0, 1] 0.06121605853905
[48.751481136768525, 1, 0, 0, 1] 0.38851852973637
[18.653011328847363, 1, 0, 0, 1] 0.07256370252226
[27.682229988386975, 1, 0, 0, 1] 0.07622816742174
[38.48310776493014, 1, 0, 0, 1] 0.20611103449522
[44.87327906422524, 1, 0, 0, 1] 0.3188597271463
[45.52713545565018, 1, 0, 0, 1] 0.33074856724061
[9.665274515484324, 1, 0, 0, 1] 0.05928241188117
[45.04260253467004, 1, 0, 0, 1] 0.32194000580857
[41.06215767133757, 1, 0, 0, 1] 0.25021919924148
[20.574765696298975, 1, 0, 0, 1] 0.06474362927762
[21.899059723631492, 1, 0, 0, 1] 0.06186614849058
[14.72551230011258, 1, 0, 0, 1] 0.09568683681184
[6.056896644757281, 1, 0, 0, 1] 0.03911373163063
[13.449503776851968, 1, 0, 0, 1] 0.10052834296826
[0.6264622229911032, 1, 0, 0, 1] 1e+100
[13.57936297274568, 1, 0, 0, 1] 0.10024863326096
[28.32281163368465, 1, 0, 0, 1] 0.08049631698169
[24.31259913798148, 1, 0, 0, 1] 0.06247495012858
[31.12040673762556, 1, 0, 0, 1] 0.10490977014587
[34.452654331515205, 1, 0, 0, 1] 0.14500050175985
[37.77726437675386, 1, 0, 0, 1] 0.19461134126496
[31.058306511941087, 1, 0, 0, 1] 0.10427062872626
[41.472816767936344, 1, 0, 0, 1] 0.25747882603789
[49.51899665543222, 1, 0, 0, 1] 0.40187923546791
[26.60170016884748, 1, 0, 0, 1] 0.07020460887177
[1.0520117896548276, 1, 0, 0, 1] 0.00406336925755
[13.432892926824369, 1, 0, 0, 1] 0.1005596161292
[24.306153398085783, 1, 0, 0, 1] 0.06246300524211
[15.092407031664035, 1, 0, 0, 1] 0.09368680052877
[37.73968781359772, 1, 0, 0, 1] 0.19400736931883
[16.921837168563258, 1, 0, 0, 1] 0.08244281590902
[9.831679561789908, 1, 0, 0, 1] 0.06378496741783
[25.084580992197992, 1, 0, 0, 1] 0.06430653497866
[45.0009098769889, 1, 0, 0, 1] 0.32118160628953
[18.829296330655993, 1, 0, 0, 1] 0.07168670653453
[17.588659068555955, 1, 0, 0, 1] 0.07840971126592
[15.429129143551807, 1, 0, 0, 1] 0.09172069973267
[35.98756096154433, 1, 0, 0, 1] 0.16687833644973
[38.29517410287463, 1, 0, 0, 1] 0.20302128589292
[24.433121050300766, 1, 0, 0, 1] 0.06270851232835
[39.215970192089, 1, 0, 0, 1] 0.21833933316697
[14.767924797835619, 1, 0, 0, 1] 0.09546502703454
[6.8816962159390815, 1, 0, 0, 1] 0.02795499585168
[22.92491478913404, 1, 0, 0, 1] 0.06118244468288
[0.6422217269539399, 1, 0, 0, 1] 1e+100
[7.521454868644989, 1, 0, 0, 1] 0.01069615238472
[32.31193611884674, 1, 0, 0, 1] 0.11797236203432
[25.66290384306702, 1, 0, 0, 1] 0.06619757427915
[30.596279732898847, 1, 0, 0, 1] 0.09964904717177
[19.881104758820946, 1, 0, 0, 1] 0.06710086594935
[14.840705477651085, 1, 0, 0, 1] 0.09507822834682
[37.10468263059914, 1, 0, 0, 1] 0.18393498685082
[32.09039777262709, 1, 0, 0, 1] 0.11543093742807
[32.65116804615803, 1, 0, 0, 1] 0.12196067568172
[10.856762798187736, 1, 0, 0, 1] 0.08560640721076
[23.87095201361442, 1, 0, 0, 1] 0.06178489299558
[9.421761488034253, 1, 0, 0, 1] 0.05226002786869
[39.29168888644776, 1, 0, 0, 1] 0.21961816029518
[13.112760707161863, 1, 0, 0, 1] 0.10094401861443
[41.83752758043157, 1, 0, 0, 1] 0.26396654762591
[4.421569467851377, 1, 0, 0, 1] 0.01642613496391
[33.918493354250664, 1, 0, 0, 1] 0.13785490150583
[38.601607984154526, 1, 0, 0, 1] 0.20806923778814
[27.79830185800767, 1, 0, 0, 1] 0.07696349829197
[12.525759225847082, 1, 0, 0, 1] 0.10037517252434
[19.068979999797786, 1, 0, 0, 1] 0.07054174608194
[27.008394174764, 1, 0, 0, 1] 0.07229638061108
[12.646393686840396, 1, 0, 0, 1] 0.10064502502068
[11.636149221606246, 1, 0, 0, 1] 0.09535899262993
[14.701213229855782, 1, 0, 0, 1] 0.09581267382005
[32.59581525317948, 1, 0, 0, 1] 0.12130199317806
[15.079087802002917, 1, 0, 0, 1] 0.0937623181273
[9.834390178405805, 1, 0, 0, 1] 0.06385621914343
[23.069687212082453, 1, 0, 0, 1] 0.06119748528593
[25.349524864034468, 1, 0, 0, 1] 0.06511787726429
[18.135502561202816, 1, 0, 0, 1] 0.07529665023159
[4.094154109292542, 1, 0, 0, 1] 0.0093416781511
[33.39296721354889, 1, 0, 0, 1] 0.13107833705821
[36.185609067181204, 1, 0, 0, 1] 0.16983670896048
[35.19769152849737, 1, 0, 0, 1] 0.15538010716382
[49.846576757333374, 1, 0, 0, 1] 0.40751775040857
[14.755261816137748, 1, 0, 0, 1] 0.09553153643098
[48.93480534224277, 1, 0, 0, 1] 0.39172779623867
[27.152363296457168, 1, 0, 0, 1] 0.07308783148277
[47.35890484832701, 1, 0, 0, 1] 0.36382587259083
[39.33865166024849, 1, 0, 0, 1] 0.22041270181012
[21.620157776511405, 1, 0, 0, 1] 0.06228853707012
[44.8135514378007, 1, 0, 0, 1] 0.31777306292262
[5.013518085319718, 1, 0, 0, 1] 0.02964322313567
[22.551531099928447, 1, 0, 0, 1] 0.06127156112718
[7.7433194854019005, 1, 0, 0, 1] 0.00363220194255
[23.484771238781143, 1, 0, 0, 1] 0.06139496869425
[41.40235175759716, 1, 0, 0, 1] 0.25622956913539
[48.44395652983742, 1, 0, 0, 1] 0.38311146998131
[26.697389881845957, 1, 0, 0, 1] 0.07067760121255
[29.63987676043194, 1, 0, 0, 1] 0.09084965388028
[7.9998556354162424, 1, 0, 0, 1] 0.00493752985873
[11.83545703410166, 1, 0, 0, 1] 0.09699534604483
[7.987661411449048, 1, 0, 0, 1] 0.00452320586525
[36.32330783179286, 1, 0, 0, 1] 0.17191072698492
[34.73216560915763, 1, 0, 0, 1] 0.14883946740506
[8.725520216424654, 1, 0, 0, 1] 0.02989146299365
[42.75509368324555, 1, 0, 0, 1] 0.28042716788022
[31.905478620493525, 1, 0, 0, 1] 0.11334841687139
[25.22554094296419, 1, 0, 0, 1] 0.06472660325448
[34.683028136435865, 1, 0, 0, 1] 0.1481597203851
[47.19925992894114, 1, 0, 0, 1] 0.36096479760442
[34.84891297693516, 1, 0, 0, 1] 0.15046272962571
[42.38384495042059, 1, 0, 0, 1] 0.273746071686
[40.20289065102353, 1, 0, 0, 1] 0.23521138803809
[38.4618977693688, 1, 0, 0, 1] 0.20576134930816
[15.949449234141111, 1, 0, 0, 1] 0.08853193998816
[35.34521182590989, 1, 0, 0, 1] 0.15749004344514
[24.137010163701028, 1, 0, 0, 1] 0.06216956355827
[47.67513103953926, 1, 0, 0, 1] 0.36947670308182
[9.70903212672663, 1, 0, 0, 1] 0.06049056273626
[27.640538096206573, 1, 0, 0, 1] 0.07596818345208
[37.07057255322392, 1, 0, 0, 1] 0.18340132853667
[33.72686760278941, 1, 0, 0, 1] 0.13535424764202
[13.564810278406636, 1, 0, 0, 1] 0.10028300719616
[44.917532139474915, 1, 0, 0, 1] 0.31966482095323
[42.639519251376456, 1, 0, 0, 1] 0.27834453477359
[34.027880950220855, 1, 0, 0, 1] 0.13929740384718
[5.42541794100474, 1, 0, 0, 1] 0.0363879714687
[5.993321261172158, 1, 0, 0, 1] 0.03930267968598
[21.053010811810246, 1, 0, 0, 1] 0.06345219677419
[3.5637302560238227, 1, 0, 0, 1] 0.00017981790241
[3.297384703015788, 1, 0, 0, 1] 0.00473851902331
[12.676207395011069, 1, 0, 0, 1] 0.10069867848623
[23.13325111733773, 1, 0, 0, 1] 0.06121287184401
[15.369108230685713, 1, 0, 0, 1] 0.09207832423769
[21.728057860302947, 1, 0, 0, 1] 0.06211329041432
[22.540315957311424, 1, 0, 0, 1] 0.06127708022306
[43.69444671677697, 1, 0, 0, 1] 0.29742633525838
[48.84457265356101, 1, 0, 0, 1] 0.39014953508764
[22.515046735167658, 1, 0, 0, 1] 0.06129012129654
[41.31813067190987, 1, 0, 0, 1] 0.25473832862985
[41.547015008957594, 1, 0, 0, 1] 0.25879579279222
[46.315114976063064, 1, 0, 0, 1] 0.34503495085815
[40.913563636670524, 1, 0, 0, 1] 0.24760536109775
[4.209419020461386, 1, 0, 0, 1] 0.01173331472096
[8.871268282281369, 1, 0, 0, 1] 0.03479352793693
[24.02391900627075, 1, 0, 0, 1] 0.06199440218909
[40.527958957614885, 1, 0, 0, 1] 0.24085752722452
[29.87416599097475, 1, 0, 0, 1] 0.09290773539897
[32.94703894199798, 1, 0, 0, 1] 0.12553301555291
[28.951959176780566, 1, 0, 0, 1] 0.08518119894321
[6.267828777313661, 1, 0, 0, 1] 0.03775271632388
[39.72946593958909, 1, 0, 0, 1] 0.22706435845498
[33.34442170364997, 1, 0, 0, 1] 0.13046540179538
[39.20561438385749, 1, 0, 0, 1] 0.21816464699247
[19.315200428158473, 1, 0, 0, 1] 0.06942507214131
[4.019527749189522, 1, 0, 0, 1] 0.00786347002338
[19.149929642642714, 1, 0, 0, 1] 0.07016783726153
[30.005773465138176, 1, 0, 0, 1] 0.09409182283996
[17.36796676779421, 1, 0, 0, 1] 0.07972040103461
[45.64683858833028, 1, 0, 0, 1] 0.33292258211215
[30.436392719452844, 1, 0, 0, 1] 0.09810524685813
[7.931364098728711, 1, 0, 0, 1] 0.00261799324288
[32.70420868440485, 1, 0, 0, 1] 0.12259471216476
[33.181458163355856, 1, 0, 0, 1] 0.12842426022094
[36.015590274612286, 1, 0, 0, 1] 0.16729524397324
[2.0480795604567392, 1, 0, 0, 1] 0.00104845765711
[4.774340056250886, 1, 0, 0, 1] 0.0245286731997
[25.139014476505977, 1, 0, 0, 1] 0.06446562217037
[7.762046487316948, 1, 0, 0, 1] 0.00301901670237
[8.133068911318336, 1, 0, 0, 1] 0.00949454757679
[16.654289986921395, 1, 0, 0, 1] 0.08410903850791
[17.84989668808735, 1, 0, 0, 1] 0.07689659274795
[8.902014661357432, 1, 0, 0, 1] 0.03581597445222
[4.876985806557876, 1, 0, 0, 1] 0.02679583705141
[11.924631293266858, 1, 0, 0, 1] 0.09762491116791
[15.533018205621735, 1, 0, 0, 1] 0.09109561590942
[37.03145992653197, 1, 0, 0, 1] 0.18279036007085
[6.031516481662125, 1, 0, 0, 1] 0.03920162841206
[23.995919791103333, 1, 0, 0, 1] 0.06195371634127
[21.83053855708198, 1, 0, 0, 1] 0.06196066266064
[41.6686601449645, 1, 0, 0, 1] 0.26095819744283
[48.444999883123934, 1, 0, 0, 1] 0.38312986283943
[41.29955422574097, 1, 0, 0, 1] 0.25440969184701
[38.173412866370604, 1, 0, 0, 1] 0.20103005361372
[8.795508692578991, 1, 0, 0, 1] 0.03225613604725
[34.444080882273994, 1, 0, 0, 1] 0.14488381797783
[10.848908183630613, 1, 0, 0, 1] 0.08547895281812
[33.56272205175618, 1, 0, 0, 1] 0.13323916772062
[37.19016659496116, 1, 0, 0, 1] 0.18527578786563
[44.23515134258289, 1, 0, 0, 1] 0.3072508776483
[5.8691139645342725, 1, 0, 0, 1] 0.03937026253552
[9.250016090395219, 1, 0, 0, 1] 0.04702459936283
[38.92524928523209, 1, 0, 0, 1] 0.21345542405762
[49.901026958068215, 1, 0, 0, 1] 0.40845101817005
[11.45510699333039, 1, 0, 0, 1] 0.09358481406363
[34.60069456602295, 1, 0, 0, 1] 0.14702538506334
[1.1463048199771286, 1, 0, 0, 1] 0.01101530151793
[7.095960756661112, 1, 0, 0, 1] 0.02281748331307
[16.738152939208877, 1, 0, 0, 1] 0.08358484127253
[33.912504334622106, 1, 0, 0, 1] 0.13777623768537
[46.81828976047433, 1, 0, 0, 1] 0.35411701417985
[48.515047987006035, 1, 0, 0, 1] 0.38436397795945
[41.82014201170105, 1, 0, 0, 1] 0.26365648753736
[46.34278592053448, 1, 0, 0, 1] 0.34553536569548
[42.76390580902501, 1, 0, 0, 1] 0.280586055858
[25.93266715409953, 1, 0, 0, 1] 0.06723077680111
[6.679589931822061, 1, 0, 0, 1] 0.03205489553729
[38.336761642109195, 1, 0, 0, 1] 0.20370331484786
[33.10871010533109, 1, 0, 0, 1] 0.12752131217965
[26.185661040060786, 1, 0, 0, 1] 0.06828660589262
[35.228607617024075, 1, 0, 0, 1] 0.15582082704433
[36.3351951174972, 1, 0, 0, 1] 0.17209042355312
[2.2213679044951196, 1, 0, 0, 1] 0.00953678563093
[35.7745789524601, 1, 0, 0, 1] 0.16372994493513
[30.388751987199303, 1, 0, 0, 1] 0.09765083054024
[20.969572609651294, 1, 0, 0, 1] 0.0636573232015
[22.83729011032543, 1, 0, 0, 1] 0.06118682640694
[11.927845021500605, 1, 0, 0, 1] 0.09764645321407
[10.464186756234707, 1, 0, 0, 1] 0.07848556674087
[34.03309780101227, 1, 0, 0, 1] 0.13936646952067
[43.44064889258161, 1, 0, 0, 1] 0.29282281402958
[31.33411911542189, 1, 0, 0, 1] 0.10714143819061
[22.686096065968442, 1, 0, 0, 1] 0.0612182466088
[22.128104430741548, 1, 0, 0, 1] 0.0615942671466
[31.45262709767176, 1, 0, 0, 1] 0.10840024256412
[4.442560846013416, 1, 0, 0, 1] 0.0169054393616
[48.39690480880803, 1, 0, 0, 1] 0.38228168316616
[4.6969854821496515, 1, 0, 0, 1] 0.02277214234656
[39.76716643170645, 1, 0, 0, 1] 0.22770965199808
[46.90960665738253, 1, 0, 0, 1] 0.35576084399546
[27.577467231411013, 1, 0, 0, 1] 0.07557905143341
[48.04663102980452, 1, 0, 0, 1] 0.37608469289978
[42.743399481222816, 1, 0, 0, 1] 0.28021633470228
[44.72362138040262, 1, 0, 0, 1] 0.31613685012202
[35.85779477047106, 1, 0, 0, 1] 0.16495595239517
[39.27896138391748, 1, 0, 0, 1] 0.21940301061746
[40.52641291644735, 1, 0, 0, 1] 0.24083057934493
[8.715568412268738, 1, 0, 0, 1] 0.02955378196298
[1.3650690123156672, 1, 0, 0, 1] 0.02940327052632
[6.420207169347031, 1, 0, 0, 1] 0.03609208465818
[11.082860783329624, 1, 0, 0, 1] 0.08901772015128
[34.078735403680014, 1, 0, 0, 1] 0.13997171015475
[32.63086415923448, 1, 0, 0, 1] 0.12171870963756
[25.483965647260735, 1, 0, 0, 1] 0.06556516638625
[2.9723995474761344, 1, 0, 0, 1] 0.01077822008921
[0.13955292828223276, 1, 0, 0, 1] 1e+100
[1.4409994781869884, 1, 0, 0, 1] 0.03059809313056
[29.37173963530899, 1, 0, 0, 1] 0.08857329551961
[37.12390970315461, 1, 0, 0, 1] 0.18423613875781
[1.4715036980353147, 1, 0, 0, 1] 0.03046760122252
[27.632545058462277, 1, 0, 0, 1] 0.07591859051155
[23.301985717031414, 1, 0, 0, 1] 0.06127975753638
[46.43167553124302, 1, 0, 0, 1] 0.34714217973147
[41.34534647349007, 1, 0, 0, 1] 0.25521999015772
[6.9469322582354, 1, 0, 0, 1] 0.02647150285403
[0.4257633957691298, 1, 0, 0, 1] 1e+100
[32.93947210031903, 1, 0, 0, 1] 0.12544057950787
[31.488123702165193, 1, 0, 0, 1] 0.10878022855661
[10.9059446480186, 1, 0, 0, 1] 0.08639070494021
[37.11768802968045, 1, 0, 0, 1] 0.18413866240193
[35.716838577461914, 1, 0, 0, 1] 0.16288240124899
[25.65450790184915, 1, 0, 0, 1] 0.06616695582151
[22.833019353458177, 1, 0, 0, 1] 0.06118729952781
[47.88428225979258, 1, 0, 0, 1] 0.3732012241434
[20.61940390883078, 1, 0, 0, 1] 0.06461133242355
[32.748814200258906, 1, 0, 0, 1] 0.12313008241457
[25.752899441009312, 1, 0, 0, 1] 0.06653160974467
[38.75467121833227, 1, 0, 0, 1] 0.21060974585486
[11.594787083248532, 1, 0, 0, 1] 0.09497835182508
[11.933127640811486, 1, 0, 0, 1] 0.09768169183731
[44.29724000638856, 1, 0, 0, 1] 0.30838003470088
[47.70683520862947, 1, 0, 0, 1] 0.37004197018142
[13.261535574040224, 1, 0, 0, 1] 0.10081880404874
[37.534223809014975, 1, 0, 0, 1] 0.19072030700011
[45.56182370616197, 1, 0, 0, 1] 0.33137867345309
[6.809223907521633, 1, 0, 0, 1] 0.02951410019525
[34.520135985679254, 1, 0, 0, 1] 0.14592115461928
[49.41623706032966, 1, 0, 0, 1] 0.40010227433628
[42.88958301336279, 1, 0, 0, 1] 0.28285349242166
[20.92414004689975, 1, 0, 0, 1] 0.06377263918182
[45.30840308501121, 1, 0, 0, 1] 0.32677356135859
[38.441238618826134, 1, 0, 0, 1] 0.20542098355805
[9.17799964604793, 1, 0, 0, 1] 0.04476642260919
[17.993419361841152, 1, 0, 0, 1] 0.0760850652974
[4.455744593132504, 1, 0, 0, 1] 0.01720738349415
[24.050150784182655, 1, 0, 0, 1] 0.06203347000893
[28.363041340922624, 1, 0, 0, 1] 0.08078137766331
[37.21383160522359, 1, 0, 0, 1] 0.18564782055038
[23.43858344489171, 1, 0, 0, 1] 0.06136165356948
[19.51997289518922, 1, 0, 0, 1] 0.06854418632657
[44.48655086678354, 1, 0, 0, 1] 0.31182362603619
[34.85378729209128, 1, 0, 0, 1] 0.15053075300588
[31.83697991227559, 1, 0, 0, 1] 0.11258605050707
[27.91280895601623, 1, 0, 0, 1] 0.07770548790638
[2.029395190568567, 1, 0, 0, 1] 5.603971427e-05
[47.737004027885064, 1, 0, 0, 1] 0.37057963867395
[21.48406189950423, 1, 0, 0, 1] 0.06253075638551
[38.91230787438087, 1, 0, 0, 1] 0.21323900295184
[2.0378843811637957, 1, 0, 0, 1] 0.00044965219781
[28.163492001310065, 1, 0, 0, 1] 0.0793870498921
[4.374118455883119, 1, 0, 0, 1] 0.01535046342289
[23.841943683279904, 1, 0, 0, 1] 0.06174868770221
[10.723362276650855, 1, 0, 0, 1] 0.08335906554734
[35.29530193057237, 1, 0, 0, 1] 0.1567742247596
[46.85240238506403, 1, 0, 0, 1] 0.35473126008152
[24.113584803634662, 1, 0, 0, 1] 0.06213191280916
[4.79252316789347, 1, 0, 0, 1] 0.02493638270375
[8.925209431905168, 1, 0, 0, 1] 0.03658429921235
[18.66746019253568, 1, 0, 0, 1] 0.07249074144025
[31.21071330822059, 1, 0, 0, 1] 0.10584673146232
[27.928577327493947, 1, 0, 0, 1] 0.07780895076571
[32.33589640376567, 1, 0, 0, 1] 0.11825023883926
[29.711551827401145, 1, 0, 0, 1] 0.09147246731262
[48.76482912110433, 1, 0, 0, 1] 0.38875256130114
[34.93785981757631, 1, 0, 0, 1] 0.15170716709343
[7.553066089585181, 1, 0, 0, 1] 0.00971491623206
[42.15497556356078, 1, 0, 0, 1] 0.26964091779547
[43.888890606265214, 1, 0, 0, 1] 0.30095713902793
[40.428239604470164, 1, 0, 0, 1] 0.23912121231864
[0.08472681084903955, 1, 0, 0, 1] 1e+100
[12.45158143395667, 1, 0, 0, 1] 0.10016581021777
[14.88321171733542, 1, 0, 0, 1] 0.09484888754562
[12.749921780289137, 1, 0, 0, 1] 0.10080989846632
[2.066108571934927, 1, 0, 0, 1] 0.00208363009014
[3.2334908368520265, 1, 0, 0, 1] 0.00589191950104
[11.407690913369262, 1, 0, 0, 1] 0.09307304805244
[18.450552524438528, 1, 0, 0, 1] 0.07360569750746
[32.138194459498706, 1, 0, 0, 1] 0.11597497876173
[10.920623674371754, 1, 0, 0, 1] 0.08662020440099
[9.740813750362037, 1, 0, 0, 1] 0.06135735353151
[39.78718828245944, 1, 0, 0, 1] 0.2280526044962
[12.724000338555108, 1, 0, 0, 1] 0.10077422687471
[38.796422531606275, 1, 0, 0, 1] 0.21130487050858
[37.07425343632404, 1, 0, 0, 1] 0.18345887930864
[34.063582219834316, 1, 0, 0, 1] 0.13977054232424
[46.143171579309175, 1, 0, 0, 1] 0.34192322607051
[46.492587885828726, 1, 0, 0, 1] 0.34824261671177
[29.34551919051876, 1, 0, 0, 1] 0.08835525927333
[11.83660089587788, 1, 0, 0, 1] 0.09700381475081
[20.40067734339398, 1, 0, 0, 1] 0.06528233778688
[33.52398582956391, 1, 0, 0, 1] 0.1327437023167
[37.66849145277465, 1, 0, 0, 1] 0.19286539375587
[28.66429029375304, 1, 0, 0, 1] 0.08297917256821
[17.334863785974825, 1, 0, 0, 1] 0.07991929371987
[7.681243573302011, 1, 0, 0, 1] 0.00564758665661
[47.49611514301237, 1, 0, 0, 1] 0.36628053418493
[3.3036899765565897, 1, 0, 0, 1] 0.00462619953199
[29.470409411474837, 1, 0, 0, 1] 0.08940108703968
[16.389564278939417, 1, 0, 0, 1] 0.08577075417392
[33.43624241616651, 1, 0, 0, 1] 0.13162661250238
[22.88460170261894, 1, 0, 0, 1] 0.06118319879849
[23.831180932401715, 1, 0, 0, 1] 0.06173554055532
[28.566646564299568, 1, 0, 0, 1] 0.08225462325708
[23.79470954864052, 1, 0, 0, 1] 0.06169213954442
[38.967396918980924, 1, 0, 0, 1] 0.21416085580467
[39.91124389001038, 1, 0, 0, 1] 0.23018139408145
[41.349912929868864, 1, 0, 0, 1] 0.25530082817064
[32.841761455174975, 1, 0, 0, 1] 0.12425199577868
[41.54190658659021, 1, 0, 0, 1] 0.25870507248843
[30.948281025842288, 1, 0, 0, 1] 0.103148621214
[46.760727554366795, 1, 0, 0, 1] 0.35308007134326
[9.738969742466146, 1, 0, 0, 1] 0.06130730947623
[30.199311884979696, 1, 0, 0, 1] 0.09586939516267
[6.79715695369017, 1, 0, 0, 1] 0.02976428610172
[22.985994561925427, 1, 0, 0, 1] 0.06118540248025
[32.58539657699187, 1, 0, 0, 1] 0.12117835661437
[13.421015602356173, 1, 0, 0, 1] 0.10058133146287
[40.38557029074306, 1, 0, 0, 1] 0.23837939456421
[21.30185348360174, 1, 0, 0, 1] 0.06289179647703
[30.06587512905645, 1, 0, 0, 1] 0.09463922154991
[2.6863660624921626, 1, 0, 0, 1] 0.01510094850231
[15.693139681929702, 1, 0, 0, 1] 0.09011926166998
[23.739502476949255, 1, 0, 0, 1] 0.06162982224308
[31.060260384429743, 1, 0, 0, 1] 0.10429067389535
[10.008532382334446, 1, 0, 0, 1] 0.06828877674546
[48.746978969794796, 1, 0, 0, 1] 0.38843958012621
[11.28813433903853, 1, 0, 0, 1] 0.09169332916526
[49.89575116148341, 1, 0, 0, 1] 0.40836064231313
[32.703227922774566, 1, 0, 0, 1] 0.1225829629394
[15.525409775646558, 1, 0, 0, 1] 0.0911416376832
[7.993667096057921, 1, 0, 0, 1] 0.00472719255099
[7.401802223562942, 1, 0, 0, 1] 0.01432118195618
[29.048492744480402, 1, 0, 0, 1] 0.08594255746584
[35.584296626116306, 1, 0, 0, 1] 0.16094669292022
[24.292613668648848, 1, 0, 0, 1] 0.06243826483029
[37.13822639168349, 1, 0, 0, 1] 0.18446053894712
[48.633214801581, 1, 0, 0, 1] 0.38644252242398
[2.9598727223950405, 1, 0, 0, 1] 0.01100894841023
[39.92696325467052, 1, 0, 0, 1] 0.23045160615774
[48.662354590863934, 1, 0, 0, 1] 0.38695443510891
[40.743928988943296, 1, 0, 0, 1] 0.24463044233973
[18.00458232094532, 1, 0, 0, 1] 0.07602257187668
[16.306318670670734, 1, 0, 0, 1] 0.08629427181797
[44.355931291843916, 1, 0, 0, 1] 0.3094475306564
[44.79410913501809, 1, 0, 0, 1] 0.31741932833296
[38.740404192618115, 1, 0, 0, 1] 0.21037242100488
[2.6267663329022195, 1, 0, 0, 1] 0.01554253058335
[41.735683983581474, 1, 0, 0, 1] 0.26215133182621
[32.38537249310133, 1, 0, 0, 1] 0.11882588099771
[8.78260447667773, 1, 0, 0, 1] 0.03182154794984
[12.59848549093468, 1, 0, 0, 1] 0.10054810331285
[30.874410025494605, 1, 0, 0, 1] 0.10240279085639
[2.626013651564846, 1, 0, 0, 1] 0.01554654659252
[42.74993292402674, 1, 0, 0, 1] 0.28033412238103
[23.6605416381641, 1, 0, 0, 1] 0.06154776348635
[1.2994824164661634, 1, 0, 0, 1] 0.02638029096557
[34.02129476523368, 1, 0, 0, 1] 0.13921024471292
[47.712045190468594, 1, 0, 0, 1] 0.37013483812026
[0.16489546535589095, 1, 0, 0, 1] 1e+100
[5.914509181149569, 1, 0, 0, 1] 0.03939197949916
[36.000959016655244, 1, 0, 0, 1] 0.16707754501042
[32.419265943194894, 1, 0, 0, 1] 0.11922165737531
[22.682522365622653, 1, 0, 0, 1] 0.0612193542109
[23.691410896289465, 1, 0, 0, 1] 0.06157885305138
[31.596397845505557, 1, 0, 0, 1] 0.10994761082489
[10.21625191085917, 1, 0, 0, 1] 0.07319284515952
[12.863477658376437, 1, 0, 0, 1] 0.10092352795397
[15.407295637732748, 1, 0, 0, 1] 0.09185110570371
[27.037366153966797, 1, 0, 0, 1] 0.07245351536142
[21.704583459602944, 1, 0, 0, 1] 0.06215014859196
[36.411218585730566, 1, 0, 0, 1] 0.17324207188015
[10.697898403608342, 1, 0, 0, 1] 0.08291001968475
[29.45328575771683, 1, 0, 0, 1] 0.08925660164559
[0.6602440456448866, 1, 0, 0, 1] 1e+100
[35.038565467874115, 1, 0, 0, 1] 0.15312410051443
[19.362689200894074, 1, 0, 0, 1] 0.06921685746176
[25.858012323261764, 1, 0, 0, 1] 0.06693526266965
[4.289008273692269, 1, 0, 0, 1] 0.01345543879568
[49.179226839274776, 1, 0, 0, 1] 0.39598944595704
[23.97087068094222, 1, 0, 0, 1] 0.06191820490827
[20.85068038332174, 1, 0, 0, 1] 0.06396445868309
[9.843520195665189, 1, 0, 0, 1] 0.06409571034586
[22.800220278529647, 1, 0, 0, 1] 0.0611917365986
[23.896327788455967, 1, 0, 0, 1] 0.06181748611196
[24.150826326762186, 1, 0, 0, 1] 0.06219211344534
[36.557044445820104, 1, 0, 0, 1] 0.17546276083531
[5.605344063564094, 1, 0, 0, 1] 0.03819098014479
[5.217201771401697, 1, 0, 0, 1] 0.03338405304511
[18.551003986909464, 1, 0, 0, 1] 0.07308416299749
[25.796731229343617, 1, 0, 0, 1] 0.06669816415669
[22.170460571437694, 1, 0, 0, 1] 0.06155144732819
[30.594225543722725, 1, 0, 0, 1] 0.09962903035929
[18.483440042130233, 1, 0, 0, 1] 0.07343397873967
[26.254694899979935, 1, 0, 0, 1] 0.06858925524723
[8.216351156496577, 1, 0, 0, 1] 0.0123647809101
[36.929702422064864, 1, 0, 0, 1] 0.18120564942618
[31.928300548668183, 1, 0, 0, 1] 0.11360350711112
[36.92464952950591, 1, 0, 0, 1] 0.18112714115956
[7.778656143854273, 1, 0, 0, 1] 0.00247326601056
[20.19241722798964, 1, 0, 0, 1] 0.06597380111298
[21.656237940591804, 1, 0, 0, 1] 0.06222828050828
[5.088046153163361, 1, 0, 0, 1] 0.03109166838671
[30.905393624679455, 1, 0, 0, 1] 0.10271487928832
[34.79628483069733, 1, 0, 0, 1] 0.14972955581513
[15.269576803233143, 1, 0, 0, 1] 0.09266500388925
[20.959956293029524, 1, 0, 0, 1] 0.0636815190399
[6.838396938423452, 1, 0, 0, 1] 0.02889804346413
[19.70687645492033, 1, 0, 0, 1] 0.06777932626443
[40.9195800411709, 1, 0, 0, 1] 0.2477110511429
[6.657728507117888, 1, 0, 0, 1] 0.03245052051511
[13.07159923756876, 1, 0, 0, 1] 0.10096117300155
[17.95465437490745, 1, 0, 0, 1] 0.07630279454393
[47.552621207942906, 1, 0, 0, 1] 0.36729019708762
[4.881859055998916, 1, 0, 0, 1] 0.02690113997578
[9.403900348765488, 1, 0, 0, 1] 0.05172591774449
[41.339998989155674, 1, 0, 0, 1] 0.25512533377688
[24.46185406257178, 1, 0, 0, 1] 0.06276705776263
[31.340522443438918, 1, 0, 0, 1] 0.10720906826107
[8.001102658795483, 1, 0, 0, 1] 0.0049799308841
[18.905266181572262, 1, 0, 0, 1] 0.07131777707807
[18.084385530863496, 1, 0, 0, 1] 0.07557852734812
[30.35963328936227, 1, 0, 0, 1] 0.09737435157352
[26.035375295092923, 1, 0, 0, 1] 0.06764929787662
[2.875248084693882, 1, 0, 0, 1] 0.0125097785642
[32.04077129587724, 1, 0, 0, 1] 0.11486856770683
[14.211900772006885, 1, 0, 0, 1] 0.09812086428558
[29.457847892782958, 1, 0, 0, 1] 0.08929506200732
[16.669139984201376, 1, 0, 0, 1] 0.08401611174689
[32.91197686143485, 1, 0, 0, 1] 0.12510517133432
[2.313740330791547, 1, 0, 0, 1] 0.01257963670352
[22.83099851532267, 1, 0, 0, 1] 0.06118753180351
[20.139560585442656, 1, 0, 0, 1] 0.06615733740142
[8.421235110180303, 1, 0, 0, 1] 0.01945079656658
[4.513930523577359, 1, 0, 0, 1] 0.0185465935366
[3.509051639902827, 1, 0, 0, 1] 0.00109395056122
[48.374870295809416, 1, 0, 0, 1] 0.38189286932073
[26.825734930379753, 1, 0, 0, 1] 0.07133053305848
[44.450785812823675, 1, 0, 0, 1] 0.31117298557012
[40.73285582595935, 1, 0, 0, 1] 0.24443659458003
[8.610113411149984, 1, 0, 0, 1] 0.02595649788649
[36.52505444958605, 1, 0, 0, 1] 0.17497430545831
[49.73524739683893, 1, 0, 0, 1] 0.40560602441924
[30.0559244176637, 1, 0, 0, 1] 0.09454830412752
[26.986178629940305, 1, 0, 0, 1] 0.0721766202768
[1.3083649936235509, 1, 0, 0, 1] 0.02690698580738
[21.284941710268185, 1, 0, 0, 1] 0.06292742890611
[18.667648731609653, 1, 0, 0, 1] 0.07248979065015
[35.7221965478746, 1, 0, 0, 1] 0.16296093967351
[37.57469563695114, 1, 0, 0, 1] 0.1913657091488
[15.031150805830078, 1, 0, 0, 1] 0.09403247694056
[0.13417244253878247, 1, 0, 0, 1] 1e+100
[49.833911519917436, 1, 0, 0, 1] 0.40730050548811
[7.752453713641916, 1, 0, 0, 1] 0.00333340398965
[34.54596357634444, 1, 0, 0, 1] 0.14627456683693
[0.8336159118719599, 1, 0, 0, 1] 1e+100
[45.7836769510708, 1, 0, 0, 1] 0.3354064110134
[35.76798514332153, 1, 0, 0, 1] 0.16363302712118
[35.34381194248172, 1, 0, 0, 1] 0.15746993863135
[20.560303556395215, 1, 0, 0, 1] 0.06478700446449
[2.9068612300758523, 1, 0, 0, 1] 0.01196341801666
[12.986530716116123, 1, 0, 0, 1] 0.10097142307747
[43.27628723047564, 1, 0, 0, 1] 0.28984520565307
[47.379543773477636, 1, 0, 0, 1] 0.36419536085604
[39.074074687458946, 1, 0, 0, 1] 0.21595034065803
[12.281424958341663, 1, 0, 0, 1] 0.09955388052257
[15.848577628631672, 1, 0, 0, 1] 0.08915953391369
[34.30997426990397, 1, 0, 0, 1] 0.14306701968938
[31.108394284484586, 1, 0, 0, 1] 0.10478580739599
[30.15359830685253, 1, 0, 0, 1] 0.0954456544441
[31.53765788061812, 1, 0, 0, 1] 0.10931273929119
[18.855112775828275, 1, 0, 0, 1] 0.0715607171944
[2.2967819448713733, 1, 0, 0, 1] 0.01210174194925
[2.0847608381008573, 1, 0, 0, 1] 0.00312103742287
[5.948585035188775, 1, 0, 0, 1] 0.03937312201919
[4.325140247472281, 1, 0, 0, 1] 0.01425388035562
[17.71086575283408, 1, 0, 0, 1] 0.07769635716784
[26.508560242628537, 1, 0, 0, 1] 0.06975566011129
[43.66032644039749, 1, 0, 0, 1] 0.29680708495733
[17.906361288902396, 1, 0, 0, 1] 0.07657556513636
[13.947686357942784, 1, 0, 0, 1] 0.09914830832145
[18.536067334660828, 1, 0, 0, 1] 0.07316115248353
[11.867578264987916, 1, 0, 0, 1] 0.09722924329457
[17.28467597266651, 1, 0, 0, 1] 0.08022189566783
[7.794008235310024, 1, 0, 0, 1] 0.00196730241039
[33.1607278989013, 1, 0, 0, 1] 0.12816643650948
[46.015766619143875, 1, 0, 0, 1] 0.33961523412638
[44.76475441753948, 1, 0, 0, 1] 0.31688524142493
[29.999812073415665, 1, 0, 0, 1] 0.09403775431732
[22.32926192885984, 1, 0, 0, 1] 0.06141172319886
[40.379541622078385, 1, 0, 0, 1] 0.23827464028165
[42.097209002089464, 1, 0, 0, 1] 0.26860658458415
[2.7099762024801297, 1, 0, 0, 1] 0.01486466604417
[25.616559096611663, 1, 0, 0, 1] 0.06602972383665
[48.07077334571017, 1, 0, 0, 1] 0.37651289411581
[37.468737052210614, 1, 0, 0, 1] 0.189678176478
[43.246989159038705, 1, 0, 0, 1] 0.28931477624381
[32.69628701510452, 1, 0, 0, 1] 0.12249984031758
[30.008593720357812, 1, 0, 0, 1] 0.09411741623452
[41.2455118898086, 1, 0, 0, 1] 0.2534542163141
[2.590095317875818, 1, 0, 0, 1] 0.01568819728264
[5.274680500992829, 1, 0, 0, 1] 0.03430412217995
[23.130980923061212, 1, 0, 0, 1] 0.06121222993339
[39.55300224914105, 1, 0, 0, 1] 0.22405232628392
[14.622908206168056, 1, 0, 0, 1] 0.09621176640306
[36.880213963483804, 1, 0, 0, 1] 0.18043748082803
[20.72635134257183, 1, 0, 0, 1] 0.06430413594977
[12.02483144094218, 1, 0, 0, 1] 0.09825982693453
[44.380252217359896, 1, 0, 0, 1] 0.30988991866935
[7.740793321250483, 1, 0, 0, 1] 0.00371473964061
[22.22567224171496, 1, 0, 0, 1] 0.06149913798667
[33.603701964595736, 1, 0, 0, 1] 0.13376486019438
[9.897224095333835, 1, 0, 0, 1] 0.06548866850074
[47.899603544459346, 1, 0, 0, 1] 0.37347363492495
[36.63547475869882, 1, 0, 0, 1] 0.17666337931713
[40.29564162356594, 1, 0, 0, 1] 0.23681824036899
[17.21278867250563, 1, 0, 0, 1] 0.08065746137997
[37.51166981935526, 1, 0, 0, 1] 0.19036108612691
[35.876018492560014, 1, 0, 0, 1] 0.16522514882028
[22.27358133719793, 1, 0, 0, 1] 0.06145696800255
[40.68418523276818, 1, 0, 0, 1] 0.24358507364876
[40.287427621135045, 1, 0, 0, 1] 0.23667580181697
[9.28485263240088, 1, 0, 0, 1] 0.04810406214858
[31.296603773747407, 1, 0, 0, 1] 0.10674610242227
[8.282686405926121, 1, 0, 0, 1] 0.01465744832407
[4.765514652839132, 1, 0, 0, 1] 0.02432998486061
[40.76284444904167, 1, 0, 0, 1] 0.24496167700949
[25.08530940115044, 1, 0, 0, 1] 0.06430863783586
[17.692101560537445, 1, 0, 0, 1] 0.07780527186683
[43.518108361431814, 1, 0, 0, 1] 0.29422713401963
[30.59113418892498, 1, 0, 0, 1] 0.09959891593286
[25.95868736975814, 1, 0, 0, 1] 0.06733549610001
[21.04746910464965, 1, 0, 0, 1] 0.06346555467538
[16.579759496787165, 1, 0, 0, 1] 0.08457601167661
[37.3682804833175, 1, 0, 0, 1] 0.18808484358116
[25.216636179799597, 1, 0, 0, 1] 0.06469928595637
[1.4395311708437941, 1, 0, 0, 1] 0.03059610695353
[9.773938655938846, 1, 0, 0, 1] 0.06225107721963
[23.15536748934625, 1, 0, 0, 1] 0.06121948357134
[24.466790275371093, 1, 0, 0, 1] 0.06277722656102
[44.35052987540599, 1, 0, 0, 1] 0.30934928338729
[45.32222533942779, 1, 0, 0, 1] 0.32702483310029
[21.64843246493362, 1, 0, 0, 1] 0.06224117528952
[49.92418094957194, 1, 0, 0, 1] 0.40884752390636
[19.865033921080293, 1, 0, 0, 1] 0.06716203211531
[13.744291862805468, 1, 0, 0, 1] 0.09980869708447
[34.164799580641045, 1, 0, 0, 1] 0.14111817466242
[28.065166937379217, 1, 0, 0, 1] 0.07871816422092
[5.243762564254078, 1, 0, 0, 1] 0.03381734920602
[47.534303855117535, 1, 0, 0, 1] 0.36696297793485
[4.765823727450563, 1, 0, 0, 1] 0.02433695159275
[24.289345117142787, 1, 0, 0, 1] 0.06243228806835
[41.33768214420862, 1, 0, 0, 1] 0.25508432568878
[43.13026724041328, 1, 0, 0, 1] 0.28720267404336
[14.313838416052965, 1, 0, 0, 1] 0.09767952388475
[31.983948831450114, 1, 0, 0, 1] 0.11422778896352
[33.51861882151852, 1, 0, 0, 1] 0.13267516524034
[44.04462564971383, 1, 0, 0, 1] 0.30378699803432
[38.02295603237303, 1, 0, 0, 1] 0.19858132715064
[19.965770817616473, 1, 0, 0, 1] 0.0667834208951
[7.772449299058554, 1, 0, 0, 1] 0.00267741158985
[33.33433087108016, 1, 0, 0, 1] 0.13033827610554
[18.53752488396533, 1, 0, 0, 1] 0.0731536310067
[7.858696953862393, 1, 0, 0, 1] 0.00017983364466
[36.89038428298941, 1, 0, 0, 1] 0.18059521011426
[34.52075705276367, 1, 0, 0, 1] 0.14592964621723
[15.848227024937994, 1, 0, 0, 1] 0.08916170945474
[2.7796476248922897, 1, 0, 0, 1] 0.01400052649226
[28.077192988410086, 1, 0, 0, 1] 0.07879932988222
[47.902676051964534, 1, 0, 0, 1] 0.37352825659435
[48.170522715001084, 1, 0, 0, 1] 0.37828044286196
[11.716850450350563, 1, 0, 0, 1] 0.09606055693089
[1.9842974546729342, 1, 0, 0, 1] 0.00284122777654
[29.359648055071137, 1, 0, 0, 1] 0.0884726465277
[19.06784793512937, 1, 0, 0, 1] 0.07054702168366
[41.81643480191664, 1, 0, 0, 1] 0.26359038179007
[33.71302261614172, 1, 0, 0, 1] 0.13517488342894
[17.415411687507802, 1, 0, 0, 1] 0.07943633864589
[22.778440991631683, 1, 0, 0, 1] 0.0611954682121
[31.355706067656925, 1, 0, 0, 1] 0.10736961015244
[19.322615435098044, 1, 0, 0, 1] 0.06939240632107
[48.36692372167907, 1, 0, 0, 1] 0.38175261224185
[12.894640773621497, 1, 0, 0, 1] 0.1009428805623
[31.66056673663322, 1, 0, 0, 1] 0.11064535569882
[3.8950197780056928, 1, 0, 0, 1] 0.00551962130496
[0.5895278387907654, 1, 0, 0, 1] 1e+100
[35.95845787190882, 1, 0, 0, 1] 0.16644608519161
[7.157089592591609, 1, 0, 0, 1] 0.02121969134144
[8.422155538940496, 1, 0, 0, 1] 0.01948261860865
[38.44602339742486, 1, 0, 0, 1] 0.20549979331339
[3.649388146898991, 1, 0, 0, 1] 0.00125149122609
[34.666418218364434, 1, 0, 0, 1] 0.14793041227353
[19.078278204680437, 1, 0, 0, 1] 0.07049846322277
[19.346927138778806, 1, 0, 0, 1] 0.06928570559281
[29.624246123837306, 1, 0, 0, 1] 0.09071463278961
[17.318884906221648, 1, 0, 0, 1] 0.08001550003478
[43.42729599294835, 1, 0, 0, 1] 0.29258079466436
[14.365326759379576, 1, 0, 0, 1] 0.09744801512427
[34.43989295613983, 1, 0, 0, 1] 0.14482684404328
[24.456323306149013, 1, 0, 0, 1] 0.06275570281984
[23.634376571745907, 1, 0, 0, 1] 0.06152240749756
[22.37297106883708, 1, 0, 0, 1] 0.06137904612677
[20.33320810880186, 1, 0, 0, 1] 0.0655007800339
[30.676712444449826, 1, 0, 0, 1] 0.10043653328766
[42.15956162530952, 1, 0, 0, 1] 0.26972306519867
[12.667701721302633, 1, 0, 0, 1] 0.10068388706216
[40.83721112797425, 1, 0, 0, 1] 0.24626513529774
[27.60946697931077, 1, 0, 0, 1] 0.07577585455245
[33.463976957489514, 1, 0, 0, 1] 0.13197892602904
[11.97884691277255, 1, 0, 0, 1] 0.09797781667163
[40.846774796107724, 1, 0, 0, 1] 0.24643289959544
[21.008204008407443, 1, 0, 0, 1] 0.06356128974418
[30.838918468580506, 1, 0, 0, 1] 0.10204660087529
[7.492635137819642, 1, 0, 0, 1] 0.01158250658047
[27.574797147614287, 1, 0, 0, 1] 0.07556268849926
[36.10609980775212, 1, 0, 0, 1] 0.16864550993211
[40.81685939936369, 1, 0, 0, 1] 0.24590823247573
[45.808668589913594, 1, 0, 0, 1] 0.33585987221733
[32.50092725028657, 1, 0, 0, 1] 0.12017999605227
[8.565630876539053, 1, 0, 0, 1] 0.02443017947617
[28.66640717111524, 1, 0, 0, 1] 0.08299500941058
[45.93955428387463, 1, 0, 0, 1] 0.33823376123948
[3.1691998836519075, 1, 0, 0, 1] 0.00707889349557
[22.03769173077774, 1, 0, 0, 1] 0.06169346902058
[29.168055540440406, 1, 0, 0, 1] 0.08690106799165
[7.590507147651221, 1, 0, 0, 1] 0.0085410367923
[31.06914370670133, 1, 0, 0, 1] 0.10438186243314
[26.328577563466798, 1, 0, 0, 1] 0.06892005433115
[32.70153236869756, 1, 0, 0, 1] 0.12256265297428
[35.65522141913961, 1, 0, 0, 1] 0.16198080666481
[31.995534881986167, 1, 0, 0, 1] 0.11435817091197
[24.767693140289833, 1, 0, 0, 1] 0.06345849291419
[12.295486996047822, 1, 0, 0, 1] 0.09961162953934
[10.58936948696938, 1, 0, 0, 1] 0.08092353821503
[48.84211353881277, 1, 0, 0, 1] 0.39010648584218
[13.853813234217293, 1, 0, 0, 1] 0.09946834888939
[33.640149618115515, 1, 0, 0, 1] 0.13423372928569
[49.32465426858383, 1, 0, 0, 1] 0.39851538718677
[11.38708574134784, 1, 0, 0, 1] 0.09284443138866
[13.347533848774873, 1, 0, 0, 1] 0.10070346648332
[41.03126876653288, 1, 0, 0, 1] 0.24967525616095
[39.17568030665857, 1, 0, 0, 1] 0.21765999919346
[48.9561239968105, 1, 0, 0, 1] 0.39210029371298
[19.67970098136911, 1, 0, 0, 1] 0.06788817415884
[26.949244206156507, 1, 0, 0, 1] 0.07197891576615
[30.66262570008928, 1, 0, 0, 1] 0.10029809207751
[20.354958578625265, 1, 0, 0, 1] 0.06542977366684
[1.9880152989869726, 1, 0, 0, 1] 0.00260581921897
[13.995823302402233, 1, 0, 0, 1] 0.09897459805567
[3.8797606885720093, 1, 0, 0, 1] 0.00524226399651
[44.668189492601165, 1, 0, 0, 1] 0.31512829673633
[6.9385225555303185, 1, 0, 0, 1] 0.02666687115136
[36.635999671258844, 1, 0, 0, 1] 0.17667142933627
[38.099773642855325, 1, 0, 0, 1] 0.19982991199769
[31.299597438045605, 1, 0, 0, 1] 0.10677759370205
[39.791617034728176, 1, 0, 0, 1] 0.22812848772776
[24.436849115065044, 1, 0, 0, 1] 0.06271604628436
[12.936854237306438, 1, 0, 0, 1] 0.10096121815533
[37.492294213977765, 1, 0, 0, 1] 0.19005274395392
[33.119208361650536, 1, 0, 0, 1] 0.12765130102088
[14.491052969536444, 1, 0, 0, 1] 0.09686011232258
[15.734226386620664, 1, 0, 0, 1] 0.08986658494016
[40.33756174922951, 1, 0, 0, 1] 0.23754558269156
[49.56406494932819, 1, 0, 0, 1] 0.40265735988774
[36.08935256580297, 1, 0, 0, 1] 0.16839520409943
[15.19522410981745, 1, 0, 0, 1] 0.09309756957257
[31.134220841798598, 1, 0, 0, 1] 0.10505251996883
[25.038565103046363, 1, 0, 0, 1] 0.064175120387
[22.9824879850613, 1, 0, 0, 1] 0.06118509893708
[27.984898862757746, 1, 0, 0, 1] 0.07818103680575
[38.24137410456765, 1, 0, 0, 1] 0.2021404228567
[46.44584208187775, 1, 0, 0, 1] 0.34739815910684
[10.7344531367495, 1, 0, 0, 1] 0.08355263066326
[15.116847188240484, 1, 0, 0, 1] 0.09354773057699
[17.26627278844097, 1, 0, 0, 1] 0.08033316657067
[20.982584502984096, 1, 0, 0, 1] 0.06362476521093
[5.747351913633919, 1, 0, 0, 1] 0.03904793868456
[21.147722398242365, 1, 0, 0, 1] 0.06322979622913
[16.95670474424449, 1, 0, 0, 1] 0.0822271781477
[43.51614330286913, 1, 0, 0, 1] 0.2941915002326
[39.980817605979226, 1, 0, 0, 1] 0.23137813416964
[17.138927903772267, 1, 0, 0, 1] 0.08110744823046
[5.91437837445532, 1, 0, 0, 1] 0.03939199382001
[42.887557092215964, 1, 0, 0, 1] 0.28281692099738
[3.732281759643935, 1, 0, 0, 1] 0.00265329724501
[43.22166843992264, 1, 0, 0, 1] 0.28885644251873
[36.18164321065876, 1, 0, 0, 1] 0.16977718187989
[47.60270101179477, 1, 0, 0, 1] 0.36818442393001
[48.255580830750425, 1, 0, 0, 1] 0.37978551297117
[19.91909122315777, 1, 0, 0, 1] 0.06695744100017
[10.167206568305298, 1, 0, 0, 1] 0.07207319807764
[19.19375596038494, 1, 0, 0, 1] 0.06996815240748
[0.6106790553513319, 1, 0, 0, 1] 1e+100
[46.7652593119336, 1, 0, 0, 1] 0.35316172819321
[29.622291747019442, 1, 0, 0, 1] 0.09069777059393
[32.79166780575149, 1, 0, 0, 1] 0.12364628319547
[35.398722330425784, 1, 0, 0, 1] 0.15825973009358
[26.01302649437873, 1, 0, 0, 1] 0.06755705159948
[3.091129378378543, 1, 0, 0, 1] 0.00854644924545
[5.190271223058901, 1, 0, 0, 1] 0.03293088521645
[19.378498626196738, 1, 0, 0, 1] 0.0691480635031
[1.9484165204315729, 1, 0, 0, 1] 0.00515868470101
[42.13796830348842, 1, 0, 0, 1] 0.26933631789996
[6.207757814991344, 1, 0, 0, 1] 0.0382534772219
[23.7318141374618, 1, 0, 0, 1] 0.06162146652099
[10.691399770071069, 1, 0, 0, 1] 0.08279438371893
[24.768207238256906, 1, 0, 0, 1] 0.06345976018726
[0.6467218643543049, 1, 0, 0, 1] 1e+100
[38.361905678543536, 1, 0, 0, 1] 0.20411614363971
[33.68066007197769, 1, 0, 0, 1] 0.13475631324827
[8.43701791856139, 1, 0, 0, 1] 0.0199963580824
[35.22824516964454, 1, 0, 0, 1] 0.15581565571625
[13.37903018701947, 1, 0, 0, 1] 0.10065371699727
[28.72191630962374, 1, 0, 0, 1] 0.08341223473399
[15.460237480736788, 1, 0, 0, 1] 0.09153430059799
[20.89968503614306, 1, 0, 0, 1] 0.06383576150064
[34.13491826687183, 1, 0, 0, 1] 0.1407193724008
[43.3045221753836, 1, 0, 0, 1] 0.29035648825196
[22.557413924000812, 1, 0, 0, 1] 0.06126873223996
[33.617844773315326, 1, 0, 0, 1] 0.13394664882125
[8.04516078886594, 1, 0, 0, 1] 0.00648143973947
[22.28319983410688, 1, 0, 0, 1] 0.06144886282122
[5.3308091005510985, 1, 0, 0, 1] 0.03513756992287
[9.040637129940476, 1, 0, 0, 1] 0.04036632067115
[40.03916508579404, 1, 0, 0, 1] 0.23238333125591
[25.487400344714654, 1, 0, 0, 1] 0.06557690709213
[35.76588442799092, 1, 0, 0, 1] 0.1636021572185
[35.02666959782929, 1, 0, 0, 1] 0.15295628594394
[19.093017884723317, 1, 0, 0, 1] 0.07043002703881
[27.364250687850866, 1, 0, 0, 1] 0.07430082994868
[36.37153648101741, 1, 0, 0, 1] 0.17264042181668
[8.4383848734643, 1, 0, 0, 1] 0.02004359891837
[33.59337626838762, 1, 0, 0, 1] 0.13363225376798
[16.394153543318346, 1, 0, 0, 1] 0.08574189593171
[40.978604116833594, 1, 0, 0, 1] 0.24874856294122
[2.944966484069883, 1, 0, 0, 1] 0.01128125351978
[10.56691224027501, 1, 0, 0, 1] 0.08049775805971
[39.729408223836195, 1, 0, 0, 1] 0.22706337105126
[20.195768460725823, 1, 0, 0, 1] 0.06596227353512
[44.245975208856926, 1, 0, 0, 1] 0.30744771207251
[43.962502053451544, 1, 0, 0, 1] 0.30229453903623
[46.72242880480559, 1, 0, 0, 1] 0.35238983642476
[22.99449004971387, 1, 0, 0, 1] 0.06118620545245
[16.045135858352776, 1, 0, 0, 1] 0.0879340075511
[9.84629080544, 1, 0, 0, 1] 0.06416823343066
[22.950422155463997, 1, 0, 0, 1] 0.06118307891178
[23.883951939608195, 1, 0, 0, 1] 0.06180148289626
[23.96848837299339, 1, 0, 0, 1] 0.06191487122652
[19.071626399021113, 1, 0, 0, 1] 0.07052941841333
[14.555247367487912, 1, 0, 0, 1] 0.09654832311753
[42.348657367337715, 1, 0, 0, 1] 0.27311420568838
[8.698259842500711, 1, 0, 0, 1] 0.0289656790917
[14.079242065532366, 1, 0, 0, 1] 0.09865891608052
[109.13575328382018, 1, 0, 0, 1] 0.01043502949261
[554.81580039551, 1, 0, 0, 1] 0.61597941762225
[945.1935360553474, 1, 0, 0, 1] 0.57467876402303
[196.10096327225014, 1, 0, 0, 1] 0.22529794300268
[754.8989617529134, 1, 0, 0, 1] 0.57960057929362
[321.6556459996012, 1, 0, 0, 1] 0.62590858256853
[415.0261312529003, 1, 0, 0, 1] 0.66037731016143
[389.2159754565298, 1, 0, 0, 1] 0.6628076625546
[643.3050435186897, 1, 0, 0, 1] 0.59428720759224
[932.7197464424055, 1, 0, 0, 1] 0.57451926197188
[187.45403553112527, 1, 0, 0, 1] 0.18942300865074
[685.3229933798347, 1, 0, 0, 1] 0.58730660500011
[499.0291830497136, 1, 0, 0, 1] 0.63435211729028
[794.3398379083108, 1, 0, 0, 1] 0.57696337471013
[794.9518187128944, 1, 0, 0, 1] 0.57693078719466
[330.4608996919569, 1, 0, 0, 1] 0.63616017861952
[736.650035172319, 1, 0, 0, 1] 0.58121244749258
[307.25624199308294, 1, 0, 0, 1] 0.60429169395769
[763.4334021735677, 1, 0, 0, 1] 0.57893578785349
[456.06030750878966, 1, 0, 0, 1] 0.64923612941928
[278.3492396195853, 1, 0, 0, 1] 0.54015102887853
[124.41151371713258, 1, 0, 0, 1] 0.01589761466284
[73.15217747781182, 1, 0, 0, 1] 0.06133585504732
[829.7781656743977, 1, 0, 0, 1] 0.57544905145723
[250.65459804473133, 1, 0, 0, 1] 0.45127594067442
[861.822433138822, 1, 0, 0, 1] 0.57466691150366
[404.0493097948423, 1, 0, 0, 1] 0.66203902772526
[771.9288484525196, 1, 0, 0, 1] 0.5783274477472
[60.757666029675065, 1, 0, 0, 1] 0.07822408648752
[143.8500954091415, 1, 0, 0, 1] 0.04671143756338
[990.333127006061, 1, 0, 0, 1] 0.57562708584126
[966.5357492523507, 1, 0, 0, 1] 0.57505885858128
[609.674003360841, 1, 0, 0, 1] 0.60136283172579
[757.8658813816097, 1, 0, 0, 1] 0.5793632406586
[134.73229415336334, 1, 0, 0, 1] 0.02914574058806
[290.54768498269084, 1, 0, 0, 1] 0.57078196324455
[604.6165671478054, 1, 0, 0, 1] 0.60254912761532
[714.7290719092125, 1, 0, 0, 1] 0.58351728923683
[358.89037370579626, 1, 0, 0, 1] 0.65658456655878
[508.1509219848832, 1, 0, 0, 1] 0.63117722261537
[681.1564032324947, 1, 0, 0, 1] 0.58791313607875
[138.3535549215394, 1, 0, 0, 1] 0.03549234093056
[267.63901564538764, 1, 0, 0, 1] 0.50887864657895
[920.9528805405901, 1, 0, 0, 1] 0.57441461264934
[449.2111938535255, 1, 0, 0, 1] 0.65144478690054
[711.8282033662595, 1, 0, 0, 1] 0.58385435491123
[909.4573781608336, 1, 0, 0, 1] 0.57435803578971
[426.73318924106275, 1, 0, 0, 1] 0.6578370230131
[960.0777871671953, 1, 0, 0, 1] 0.57493023497963
[649.896551544819, 1, 0, 0, 1] 0.59306076136356
[368.97565852270543, 1, 0, 0, 1] 0.66008503596677
[550.62754990133, 1, 0, 0, 1] 0.6172503607387
[64.48497628133399, 1, 0, 0, 1] 0.0755098921348
[686.0783191537325, 1, 0, 0, 1] 0.58719857110355
[525.4762069997788, 1, 0, 0, 1] 0.62529351370235
[445.8667785285571, 1, 0, 0, 1] 0.65248828197243
[774.1721175101419, 1, 0, 0, 1] 0.57817544691461
[274.54390973982083, 1, 0, 0, 1] 0.52950611026179
[215.7973440568642, 1, 0, 0, 1] 0.30992147365026
[987.6800954190528, 1, 0, 0, 1] 0.57555674265387
[586.7482864880376, 1, 0, 0, 1] 0.60700316599767
[102.25742443784625, 1, 0, 0, 1] 0.01378287519532
[992.7483593957405, 1, 0, 0, 1] 0.57569258081331
[789.6263041771409, 1, 0, 0, 1] 0.5772224416286
[298.87911809510615, 1, 0, 0, 1] 0.58867947491662
[607.0148137818605, 1, 0, 0, 1] 0.60198251706519
[643.3198514356286, 1, 0, 0, 1] 0.59428439514345
[330.8061624552145, 1, 0, 0, 1] 0.63651986087511
[378.83589309658396, 1, 0, 0, 1] 0.66204660225312
[494.5324545423224, 1, 0, 0, 1] 0.635929280134
[697.2219307016346, 1, 0, 0, 1] 0.58567177466859
[143.19676283765762, 1, 0, 0, 1] 0.04528070206616
[686.1300079329101, 1, 0, 0, 1] 0.5871911994794
[402.8269135070374, 1, 0, 0, 1] 0.66217224837767
[433.42948512241037, 1, 0, 0, 1] 0.65610606257646
[123.84006965635615, 1, 0, 0, 1] 0.01538201343877
[486.93762545995565, 1, 0, 0, 1] 0.63860147024705
[581.4448271994554, 1, 0, 0, 1] 0.60840430077204
[734.0501626229052, 1, 0, 0, 1] 0.58146413872522
[399.9789655917954, 1, 0, 0, 1] 0.66243763133019
[993.2126535782133, 1, 0, 0, 1] 0.57570532885661
[347.7928581799048, 1, 0, 0, 1] 0.65066266162467
[808.4343232281037, 1, 0, 0, 1] 0.57627219603909
[245.00124318876163, 1, 0, 0, 1] 0.43013025282889
[905.9557901534713, 1, 0, 0, 1] 0.57435018539414
[555.462895737519, 1, 0, 0, 1] 0.61578491916023
[661.0764218649607, 1, 0, 0, 1] 0.59109528619434
[588.2236543504462, 1, 0, 0, 1] 0.60661982496604
[806.2148236383218, 1, 0, 0, 1] 0.57637295347434
[912.7792963484239, 1, 0, 0, 1] 0.57436958978781
[934.5039333118973, 1, 0, 0, 1] 0.57453908416876
[840.0490443951784, 1, 0, 0, 1] 0.57514208466704
[503.94508848662144, 1, 0, 0, 1] 0.63263615818607
[79.93232862980436, 1, 0, 0, 1] 0.04738722811498
[671.6103638530595, 1, 0, 0, 1] 0.5893715400322
[135.98510389232155, 1, 0, 0, 1] 0.03124502305529
[650.1096330282152, 1, 0, 0, 1] 0.59302196078044
[590.8633634194651, 1, 0, 0, 1] 0.6059409576067
[77.02582662507108, 1, 0, 0, 1] 0.05341086807303
[845.7624610915497, 1, 0, 0, 1] 0.5749949114468
[751.1734092302703, 1, 0, 0, 1] 0.57990818397545
[493.9159882826542, 1, 0, 0, 1] 0.6361459033414
[642.831687975884, 1, 0, 0, 1] 0.59437724808149
[754.0078165026724, 1, 0, 0, 1] 0.5796731816901
[437.2776845438655, 1, 0, 0, 1] 0.65503686454193
[264.5376140583409, 1, 0, 0, 1] 0.49907214199129
[96.30709644197253, 1, 0, 0, 1] 0.01958706209383
[484.72579525685137, 1, 0, 0, 1] 0.63937992830696
[862.7453145999493, 1, 0, 0, 1] 0.57465176259539
[200.3216744856471, 1, 0, 0, 1] 0.24323048334777
[310.18926261684044, 1, 0, 0, 1] 0.6092145454523
[335.27115068641837, 1, 0, 0, 1] 0.64089848824182
[831.5768438801492, 1, 0, 0, 1] 0.57539126679653
[173.67092298310746, 1, 0, 0, 1] 0.1359977353868
[935.6811151121195, 1, 0, 0, 1] 0.574552718465
[675.1694227160425, 1, 0, 0, 1] 0.58881646613062
[69.18931288550876, 1, 0, 0, 1] 0.06875125235078
[254.16135145937557, 1, 0, 0, 1] 0.46392535052265
[915.6476708342972, 1, 0, 0, 1] 0.57438273049036
[537.4503791812056, 1, 0, 0, 1] 0.62138061869596
[958.1157727866557, 1, 0, 0, 1] 0.57489344412176
[141.049725097077, 1, 0, 0, 1] 0.04076179583478
[204.2610786211873, 1, 0, 0, 1] 0.26012747044466
[830.2659658499106, 1, 0, 0, 1] 0.57543320860278
[710.8654476073032, 1, 0, 0, 1] 0.58396793874852
[78.85125664238885, 1, 0, 0, 1] 0.04961957640237
[433.8025779481736, 1, 0, 0, 1] 0.6560046203327
[655.2404892879388, 1, 0, 0, 1] 0.59210348495184
[61.09453534873977, 1, 0, 0, 1] 0.07810267409493
[996.6932608432635, 1, 0, 0, 1] 0.5758024953292
[639.6482511735383, 1, 0, 0, 1] 0.59498970208427
[227.60705110597735, 1, 0, 0, 1] 0.36020565810904
[100.57192015142498, 1, 0, 0, 1] 0.01515720928136
[311.7971474168266, 1, 0, 0, 1] 0.61179731781729
[619.6030894711946, 1, 0, 0, 1] 0.59912815315884
[84.09691307867656, 1, 0, 0, 1] 0.03905088147863
[277.3004517570179, 1, 0, 0, 1] 0.53726884961557
[695.1438527372856, 1, 0, 0, 1] 0.58594708485596
[166.61649491775563, 1, 0, 0, 1] 0.11113603228117
[818.3473674482801, 1, 0, 0, 1] 0.57585768142602
[740.4494308656763, 1, 0, 0, 1] 0.58085473438394
[923.2237201522503, 1, 0, 0, 1] 0.57443121289687
[105.78368612909654, 1, 0, 0, 1] 0.01161102667442
[650.853913509513, 1, 0, 0, 1] 0.59288684557113
[116.58376616353554, 1, 0, 0, 1] 0.01091059588681
[408.62287075010494, 1, 0, 0, 1] 0.6614440188654
[65.24383145604793, 1, 0, 0, 1] 0.07463162238918
[749.7557883391188, 1, 0, 0, 1] 0.58002806709705
[713.523902927296, 1, 0, 0, 1] 0.5836563838625
[466.0004656062489, 1, 0, 0, 1] 0.64589933475251
[428.2226419612171, 1, 0, 0, 1] 0.65746749100089
[92.96165571265288, 1, 0, 0, 1] 0.02398356468107
[897.739288054896, 1, 0, 0, 1] 0.57434965825787
[178.30876234769227, 1, 0, 0, 1] 0.15333619438336
[673.102452343595, 1, 0, 0, 1] 0.5891371761133
[522.2574878248781, 1, 0, 0, 1] 0.62636853681283
[518.2741831550508, 1, 0, 0, 1] 0.62771119888359
[226.40063833601704, 1, 0, 0, 1] 0.3551425948051
[132.28803930878496, 1, 0, 0, 1] 0.02534916006177
[403.79314350327735, 1, 0, 0, 1] 0.66206787978688
[705.7008536169692, 1, 0, 0, 1] 0.58459203310757
[742.974026175066, 1, 0, 0, 1] 0.58062359158019
[554.3985237072118, 1, 0, 0, 1] 0.61610510559221
[166.18035909085012, 1, 0, 0, 1] 0.10966481707613
[522.0152685835319, 1, 0, 0, 1] 0.62644980304758
[841.6875511688162, 1, 0, 0, 1] 0.57509818723765
[94.90314593368328, 1, 0, 0, 1] 0.02133634233061
[570.7501905868339, 1, 0, 0, 1] 0.61133941006937
[293.3018615761421, 1, 0, 0, 1] 0.57696601637456
[501.7037778379148, 1, 0, 0, 1] 0.63341725047791
[90.07200177692694, 1, 0, 0, 1] 0.02839070704279
[142.66410844592204, 1, 0, 0, 1] 0.04413334201324
[573.2051287005156, 1, 0, 0, 1] 0.61065276474738
[788.4462817160122, 1, 0, 0, 1] 0.57728955870342
[757.6244400250993, 1, 0, 0, 1] 0.57938230438331
[542.0817117700235, 1, 0, 0, 1] 0.6199068783571
[316.0458031297614, 1, 0, 0, 1] 0.61823614379478
[877.6872980170946, 1, 0, 0, 1] 0.57445956297338
[406.2592222275481, 1, 0, 0, 1] 0.66177006813977
[678.0524661501527, 1, 0, 0, 1] 0.58837674201585
[379.6518949415067, 1, 0, 0, 1] 0.66215169394629
[510.0560065624102, 1, 0, 0, 1] 0.63051968781966
[534.981546975798, 1, 0, 0, 1] 0.62217558610964
[199.47367740335878, 1, 0, 0, 1] 0.23961112680926
[737.00487513353, 1, 0, 0, 1] 0.5811785336201
[64.74796817230956, 1, 0, 0, 1] 0.07521640466822
[851.2484910428389, 1, 0, 0, 1] 0.5748689137657
[206.57959567585888, 1, 0, 0, 1] 0.27011910275472
[116.92767355926567, 1, 0, 0, 1] 0.01103432744088
[459.0604421396881, 1, 0, 0, 1] 0.6482431178171
[488.54274095093285, 1, 0, 0, 1] 0.63803639601036
[651.8897594913883, 1, 0, 0, 1] 0.59269986633636
[472.7215752329516, 1, 0, 0, 1] 0.64358256926975
[362.13479802362605, 1, 0, 0, 1] 0.65789148332592
[724.770155067109, 1, 0, 0, 1] 0.58240939520295
[188.58088488485205, 1, 0, 0, 1] 0.19401585807919
[100.45117895116695, 1, 0, 0, 1] 0.01526393635642
[764.8730587679511, 1, 0, 0, 1] 0.57882900395716
[679.6087831420584, 1, 0, 0, 1] 0.5881430249993
[367.35553524648134, 1, 0, 0, 1] 0.65963128040784
