[1, 1, 4.612560206064824, -0.20149975837327538, 1] 1e+100
[1, 1, 3.6715176479850795, -0.6216911349536134, 1] 1e+100
[1, 1, 4.960275226402078, 4.567703275839615, 1] 1e+100
[1, 1, -0.15734043656482077, 4.786025700514693, 1] 1e+100
[1, 1, 2.3898912889900203, 0.7073170787446263, 1] 1e+100
[1, 1, 0.20665317381930004, 1.1449436680530698, 1] 1e+100
[1, 1, 2.5781481381371165, 0.9799408496451196, 1] 1e+100
[1, 1, -0.593169566511357, 3.4814318540129037, 1] 1e+100
[1, 1, 3.97641708597706, 3.0212828538272767, 1] 1e+100
[1, 1, 2.290597182228445, 0.9249664658429566, 1] 1e+100
[1, 1, 4.683953540428323, 1.513871640905326, 1] 1e+100
[1, 1, 4.962847679381119, 3.0628911071568625, 1] 1e+100
[1, 1, -0.08755648211653444, 1.2450269093875006, 1] 0.00869817325291
[1, 1, 1.1671791186052527, -0.6980693412775731, 1] 1e+100
[1, 1, 0.318407313117423, -0.5762599025523598, 1] 1e+100
[1, 1, 4.475028893949636, 4.653480184847438, 1] 1e+100
[1, 1, 3.2341577006350404, 1.464066284681703, 1] 1e+100
[1, 1, 0.14109493121881278, -0.14486715013085538, 1] 1e+100
[1, 1, 1.5328900079226297, 2.525115593236251, 1] 1e+100
[1, 1, 0.8090736513943666, 2.117474320788274, 1] 1e+100
[1, 1, 1.8954028831279053, 0.0932317778483649, 1] 1e+100
[1, 1, 2.991595304432667, 2.533570664559595, 1] 1e+100
[1, 1, 2.2624823433769077, 1.4842391990553754, 1] 1e+100
[1, 1, 3.4302032597732985, 0.8221802585698039, 1] 1e+100
[1, 1, 0.11212196681108755, 3.248682495466679, 1] 1e+100
[1, 1, 0.052239310306215536, 1.1260001673998712, 1] 1e+100
[1, 1, 0.8723321959414985, 1.6719019275648872, 1] 1e+100
[1, 1, 0.7369667984368218, 4.5021117733717615, 1] 1e+100
[1, 1, -0.28887459710276264, 2.0448702616202965, 1] 0.00495299384291
[1, 1, 0.6558526242830254, 0.05514946490891659, 1] 1e+100
[1, 1, 4.442714127581452, 0.9134111721651268, 1] 1e+100
[1, 1, 4.693441477649382, 3.426609576916068, 1] 1e+100
[1, 1, -0.11357605586812314, 0.48316788618610573, 1] 0.0089551347988
[1, 1, 0.08259262425091718, 2.6391612869875383, 1] 1e+100
[1, 1, 3.8152277296384405, 3.4083963581112284, 1] 1e+100
[1, 1, 3.2199958303988225, 2.5187878840084856, 1] 1e+100
[1, 1, -0.7841955556981972, 3.581529224860251, 1] 1e+100
[1, 1, 4.5155459265684375, 0.2758541954568876, 1] 1e+100
[1, 1, 3.2173420094549297, 3.418526286352904, 1] 1e+100
[1, 1, 2.8408919003613127, 2.3887228053145844, 1] 1e+100
[1, 1, 4.552574159596818, 3.5297237290905272, 1] 1e+100
[1, 1, 1.7561551111136762, 4.572148019830534, 1] 1e+100
[1, 1, 4.074723631593757, 4.632607694365763, 1] 1e+100
[1, 1, 1.7367229857374844, -0.10263251169575582, 1] 1e+100
[1, 1, 2.194101490685995, 4.573377658325484, 1] 1e+100
[1, 1, 3.2741400912984195, 3.4499521544937224, 1] 1e+100
[1, 1, 4.643984583527267, 0.8195271690810437, 1] 1e+100
[1, 1, 1.3338943036973587, 4.504293200758688, 1] 1e+100
[1, 1, 4.258894307713652, 1.6775289593175353, 1] 1e+100
[1, 1, 1.4244359296255542, 1.2376714204066128, 1] 1e+100
[1, 1, 2.7149829313001774, 3.9774994265524146, 1] 1e+100
[1, 1, -0.45521310222420364, 2.6769402817271493, 1] 0.00503724391843
[1, 1, 1.7847305368081252, -0.6640267353439944, 1] 1e+100
[1, 1, 4.920550656121327, 1.5546145135029046, 1] 1e+100
[1, 1, 1.5259068322910654, 2.0935093516615715, 1] 1e+100
[1, 1, 3.2053063383880307, 1.3565120840661962, 1] 1e+100
[1, 1, 3.6306103538452668, 0.7066038078654868, 1] 1e+100
[1, 1, 2.181889401036735, 0.6556022681797522, 1] 1e+100
[1, 1, 1.4689024652656446, 2.5877982719948847, 1] 1e+100
[1, 1, 3.530776081484066, 2.113127881089455, 1] 1e+100
[1, 1, -0.7146101686354591, 3.127814778268873, 1] 1e+100
[1, 1, -0.5289189794533469, -0.37034362951959987, 1] 0.00122737158662
[1, 1, -0.4536599113858113, 2.1841281750579666, 1] 0.00252248555659
[1, 1, 4.4641898048356925, -0.7866440634049203, 1] 1e+100
[1, 1, -0.5323866789313401, 2.017148460231624, 1] 0.00065831490381
[1, 1, 3.2928416468197845, 2.676160674664069, 1] 1e+100
[1, 1, 0.627018131162089, -0.7180176168025485, 1] 1e+100
[1, 1, 4.176885561120159, 2.9658219949318214, 1] 1e+100
[1, 1, 3.27125076549107, 3.0531117053543735, 1] 1e+100
[1, 1, 4.266675405528269, -0.501430285785252, 1] 1e+100
[1, 1, 2.8702617688701073, 2.0281013648918096, 1] 1e+100
[1, 1, 1.8009022751497827, -0.5615335568960442, 1] 1e+100
[1, 1, -0.9272252264113419, 2.097632872314822, 1] 0.00079369646113
[1, 1, 3.0083290333765698, 3.4420303775192327, 1] 1e+100
[1, 1, 1.2384501365495173, 0.9320075942123727, 1] 1e+100
[1, 1, -0.17635614925816312, -0.004267884966669078, 1] 0.00808962466184
[1, 1, 2.3911442560388925, -0.5993704085627782, 1] 1e+100
[1, 1, 1.8457967485155033, 0.3978758046199218, 1] 1e+100
[1, 1, -0.08783280263753213, 4.044703244442875, 1] 1e+100
[1, 1, -0.6741226975521277, 0.4624803197844223, 1] 0.00444490746167
[1, 1, 1.8686973616976674, 4.8029326887489425, 1] 1e+100
[1, 1, 4.232640747237897, 1.2378335505128213, 1] 1e+100
[1, 1, -0.05637533416654161, -0.35641923165258405, 1] 0.01263437673467
[1, 1, 4.819721399000346, 0.8469728481835379, 1] 1e+100
[1, 1, 2.508354971870987, 3.8881362467555487, 1] 1e+100
[1, 1, 0.9294959641503322, -0.7022671880118576, 1] 1e+100
[1, 1, 4.434254205788999, 1.754178715904522, 1] 1e+100
[1, 1, 0.38889698898928216, 2.217358629254043, 1] 1e+100
[1, 1, 1.8835910223435333, 1.921235887077004, 1] 1e+100
[1, 1, 1.56870725169476, 4.66073598513353, 1] 1e+100
[1, 1, 3.681227557910752, 4.826235248163475, 1] 1e+100
[1, 1, -0.4629271333102831, -0.5982364822256028, 1] 0.00072205809853
[1, 1, 3.106728364885483, 4.681065652581794, 1] 1e+100
[1, 1, 3.793214856993906, 0.42045865367717994, 1] 1e+100
[1, 1, 0.9444586561979385, -0.14074490873352663, 1] 1e+100
[1, 1, 1.8125073863052101, 1.2067815467250993, 1] 1e+100
[1, 1, -0.2012752161061262, 4.762510688926742, 1] 1e+100
[1, 1, 2.5904907214270403, -0.8067745389019214, 1] 1e+100
[1, 1, 2.749894949602851, 2.333337096064726, 1] 1e+100
[1, 1, 2.7119821532392563, 3.7533062230178604, 1] 1e+100
[1, 1, 0.36815618917946513, 1.0378635146212627, 1] 1e+100
[1, 1, 4.904946508510901, 0.8441547968508636, 1] 1e+100
[1, 1, 0.5929497593931377, 1.8312982296762579, 1] 1e+100
[1, 1, 1.523004181692885, 3.350678835761335, 1] 1e+100
[1, 1, 4.305265040413552, 2.6451827205344585, 1] 1e+100
[1, 1, 0.47766232988069657, -0.4457877537404047, 1] 1e+100
[1, 1, 2.190025566499612, 4.474446028331208, 1] 1e+100
[1, 1, 1.3940135984452513, 3.303657781532408, 1] 1e+100
[1, 1, 4.287786307511436, 1.5331548103027295, 1] 1e+100
[1, 1, 4.873182074567461, 3.038118833427972, 1] 1e+100
[1, 1, -0.8194328201480852, 1.5709303333356122, 1] 0.00412783946936
[1, 1, 1.2004682216565095, 0.5400715422159263, 1] 1e+100
[1, 1, -0.7350074704574505, 1.434498460209026, 1] 0.00391117513071
[1, 1, 4.0091937959822666, 1.1318743906579671, 1] 1e+100
[1, 1, 3.7335951620766634, 4.613669922303529, 1] 1e+100
[1, 1, 1.2076555091152863, 2.66930916372751, 1] 1e+100
[1, 1, 3.1237952111930793, 3.7947011101130395, 1] 1e+100
[1, 1, 1.8958177681614492, 1.131792397188891, 1] 1e+100
[1, 1, 4.197945082470085, 1.9017250520224973, 1] 1e+100
[1, 1, -0.42788442021514816, 2.7501148262810577, 1] 0.0058692548289
[1, 1, 3.7235104197676767, 2.555420402887444, 1] 1e+100
[1, 1, 0.488876021807507, -0.9734326254629115, 1] 1e+100
[1, 1, 3.9096945371968985, 1.5721136520805912, 1] 1e+100
[1, 1, 3.279671469144045, 4.0559094734332515, 1] 1e+100
[1, 1, 2.1729032116481655, 0.8739333590160323, 1] 1e+100
[1, 1, 3.603985735847119, -0.7036021179324214, 1] 1e+100
[1, 1, 0.3038597379363732, 3.5278530553926233, 1] 1e+100
[1, 1, 3.580158380418422, -0.4532677442557653, 1] 1e+100
[1, 1, 3.957728440420487, 0.4269287784044582, 1] 1e+100
[1, 1, 3.635540674899845, -0.31959788902589015, 1] 1e+100
[1, 1, 0.15201590790044595, 2.502479761406211, 1] 1e+100
[1, 1, 3.9503093777893623, 2.408185966032546, 1] 1e+100
[1, 1, -0.8403111964884387, 0.5130011942623223, 1] 0.0064164888352
[1, 1, 0.702333426248618, 4.059087334182555, 1] 1e+100
[1, 1, 4.516696559378498, 0.17540561435653879, 1] 1e+100
[1, 1, 4.263075254718582, 2.9281584787870534, 1] 1e+100
[1, 1, 2.2577536048692703, 0.6995846939635078, 1] 1e+100
[1, 1, 0.850705632283391, 1.4463970821854097, 1] 1e+100
[1, 1, 1.4996221316508365, 1.4191166203211227, 1] 1e+100
[1, 1, 0.9718219878554883, 2.0692918814978416, 1] 1e+100
[1, 1, 2.66381757265947, 2.7516233364773104, 1] 1e+100
[1, 1, 0.05753764425622232, 0.917937817085483, 1] 1e+100
[1, 1, 1.9707873423806053, 3.3109237156064246, 1] 1e+100
[1, 1, 2.3347231460547433, 3.5571581816088376, 1] 1e+100
[1, 1, 3.003660768307121, -0.7139505032321458, 1] 1e+100
[1, 1, 0.8643850125523762, 4.089167643103305, 1] 1e+100
[1, 1, 3.9676175243043534, -0.6564184206049393, 1] 1e+100
[1, 1, 2.481092566114515, -0.9700739389342998, 1] 1e+100
[1, 1, 0.8953019004954135, 3.1048227634332806, 1] 1e+100
[1, 1, 2.9494964093618137, 4.649549645657638, 1] 1e+100
[1, 1, 3.160357898348236, 1.837596454629228, 1] 1e+100
[1, 1, 4.572676916943726, 2.2527289584675367, 1] 1e+100
[1, 1, -0.1078148861895647, 4.726646040225665, 1] 1e+100
[1, 1, 2.325462312502699, 4.5970905519723555, 1] 1e+100
[1, 1, 1.8118672077983424, 4.228004929123452, 1] 1e+100
[1, 1, -0.7205908795566809, 1.4079075700591281, 1] 0.00381790806427
[1, 1, 2.933273175902107, -0.23901623708197284, 1] 1e+100
[1, 1, -0.0865182813463028, 4.3487263026355585, 1] 1e+100
[1, 1, 2.965639905454748, 2.754125908895295, 1] 1e+100
[1, 1, 4.510832319188269, 1.7553678301953033, 1] 1e+100
[1, 1, 4.129114952441205, 2.4493967332877444, 1] 1e+100
[1, 1, -0.5793032958964122, 0.9513263494087891, 1] 0.0023897475322
[1, 1, 0.6244446179857397, 1.9478060291456103, 1] 1e+100
[1, 1, 3.772157411499254, -0.2863333191702182, 1] 1e+100
[1, 1, 4.81457741524335, 3.319081371886292, 1] 1e+100
[1, 1, 2.7269756733603865, 1.2816679472083647, 1] 1e+100
[1, 1, 0.5244276575346605, 0.7881089425858141, 1] 1e+100
[1, 1, 3.061786181692428, 0.6179793837970575, 1] 1e+100
[1, 1, 0.1085120492655971, 3.812119869389088, 1] 1e+100
[1, 1, 2.203596332744469, 1.6078858244663716, 1] 1e+100
[1, 1, 0.8437826842322658, 1.0774481708728683, 1] 1e+100
[1, 1, 0.7076254367671104, 3.7191998591570616, 1] 1e+100
[1, 1, 2.7672318182793836, 3.9611011318376335, 1] 1e+100
[1, 1, 0.8974060961351795, -0.3061827888321276, 1] 1e+100
[1, 1, 0.11812193409521687, 1.1171013332369677, 1] 1e+100
[1, 1, -0.7162785155146705, 2.1311364103545882, 1] 0.0010989637484
[1, 1, 2.0661733348255282, 4.439201076415767, 1] 1e+100
[1, 1, 2.749844309778609, -0.3818574321803443, 1] 1e+100
[1, 1, -0.5359839476008545, 4.780822825857507, 1] 1e+100
[1, 1, -0.1368626667139159, -0.040507401833576484, 1] 0.00933925853404
[1, 1, -0.6988172840808884, 1.5368174269014565, 1] 0.00321875435793
[1, 1, 1.488375756097351, 2.525609721040987, 1] 1e+100
[1, 1, 3.2640621260241396, 2.3979940769419317, 1] 1e+100
[1, 1, -0.5640401718978536, -0.5007944733463117, 1] 0.00204799664081
[1, 1, 1.1315517301639932, 0.10898319568164028, 1] 1e+100
[1, 1, -0.8868342170710224, 4.138059040157247, 1] 1e+100
[1, 1, 2.6861911829764717, 2.361026718005192, 1] 1e+100
[1, 1, 0.998613822108305, 2.345767414226507, 1] 1e+100
[1, 1, 1.875386596112779, 2.3917541386671237, 1] 1e+100
[1, 1, -0.677635259071157, 4.255830931776376, 1] 1e+100
[1, 1, -0.4803436536991461, 0.208200372110817, 1] 0.00036672873078
[1, 1, 4.177819174812879, 4.518149387771955, 1] 1e+100
[1, 1, 2.831055921264573, 0.8348801271970185, 1] 1e+100
[1, 1, 3.3402824504240467, 0.7773820064074835, 1] 1e+100
[1, 1, 2.3136631111583554, 4.438707191961708, 1] 1e+100
[1, 1, 2.5834372469329994, -0.7836131303136975, 1] 1e+100
[1, 1, 1.238128384966596, 3.197331901973058, 1] 1e+100
[1, 1, 1.674633533786137, -0.7518398515752678, 1] 1e+100
[1, 1, 1.3894563343355708, 0.9332628816179862, 1] 1e+100
[1, 1, 4.720683519972101, 3.9364102725390255, 1] 1e+100
[1, 1, 3.0461583365847638, 0.9399132307119928, 1] 1e+100
[1, 1, -0.35976135877632376, 3.526878345694903, 1] 1e+100
[1, 1, 0.11865315579354485, 0.7602950632205407, 1] 1e+100
[1, 1, 3.745213276879367, -0.7546156385876233, 1] 1e+100
[1, 1, 3.229882879624432, 3.7697410923926933, 1] 1e+100
[1, 1, 2.768211043834181, 2.4967333197599286, 1] 1e+100
[1, 1, -0.7690622606998065, 3.763007667410265, 1] 1e+100
[1, 1, 0.2887276668175702, 0.3077709696275106, 1] 1e+100
[1, 1, -0.6442879242068817, 0.6842899296206366, 1] 0.00378432696889
[1, 1, 3.2327276943917873, 1.9518201755204974, 1] 1e+100
[1, 1, 4.979532158307854, 1.4213913003548306, 1] 1e+100
[1, 1, 0.5904279381068367, 0.6049640780313335, 1] 1e+100
[1, 1, 4.920514897847128, 2.2303834700472196, 1] 1e+100
[1, 1, 1.2276990359811877, 1.2151423175992644, 1] 1e+100
[1, 1, -0.10295209826943008, 2.476323924478484, 1] 0.0097696011867
[1, 1, 1.6738566115491675, 4.8757095416396625, 1] 1e+100
[1, 1, 0.7769803705992027, 0.4776087663932631, 1] 1e+100
[1, 1, -0.5881653578934067, 0.7702127592882981, 1] 0.00269099216041
[1, 1, 2.3625145428901506, 0.9037663920196448, 1] 1e+100
[1, 1, 1.3753287360393802, 3.719588237979914, 1] 1e+100
[1, 1, 1.0636442050497465, 1.3184997150055153, 1] 1e+100
[1, 1, 2.881202852828057, -0.2607137110125821, 1] 1e+100
[1, 1, 0.3980093200817356, 1.4523645484537235, 1] 1e+100
[1, 1, 3.737570380743854, 1.2930193559429624, 1] 1e+100
[1, 1, -0.9262700317594297, 1.7104059552484614, 1] 0.00273027362279
[1, 1, 2.781777686376609, 3.484997323107488, 1] 1e+100
[1, 1, 4.245203655054017, 3.6847728045782233, 1] 1e+100
[1, 1, 4.93143593877172, 4.471085567350192, 1] 1e+100
[1, 1, 2.8082547330211947, 1.299301029748074, 1] 1e+100
[1, 1, -0.09218978993079263, 4.854836068508384, 1] 1e+100
[1, 1, -0.3234746965084605, 2.142971559291881, 1] 0.00459069293739
[1, 1, 1.6788078472578123, 0.9352922727349702, 1] 1e+100
[1, 1, -0.43404377591368437, 0.35271062043204005, 1] 0.00067365194932
[1, 1, 4.017821340875626, 2.5094670812395243, 1] 1e+100
[1, 1, 3.3666587914733777, 3.5231215879675455, 1] 1e+100
[1, 1, -0.763107128867978, -0.3276490649109569, 1] 0.00627294535073
[1, 1, 0.512377063524637, 0.22806518231181072, 1] 1e+100
[1, 1, -0.5794207117139136, 1.144804502284611, 1] 0.00218489394947
[1, 1, 2.222863891848304, 3.814923177136027, 1] 1e+100
[1, 1, 2.1729143165045115, 2.8520226574233156, 1] 1e+100
[1, 1, 2.135996819694012, 1.6815912233735681, 1] 1e+100
[1, 1, 3.0679896081991043, 0.9510874601423434, 1] 1e+100
[1, 1, 0.7293155457111244, 2.564804017254831, 1] 1e+100
[1, 1, 3.0410018208568754, 0.47875383926227144, 1] 1e+100
[1, 1, -0.17124287084428258, -0.7545664116296327, 1] 0.0099350945379
[1, 1, -0.9198292363880507, 3.8173904597178314, 1] 1e+100
[1, 1, 1.2302110538345565, 1.1325634014218635, 1] 1e+100
[1, 1, 3.731405386309164, 3.2690557361303076, 1] 1e+100
[1, 1, 1.8201083593861913, 2.3401968803803412, 1] 1e+100
[1, 1, 1.0117110175472668, 1.0503247856725597, 1] 1e+100
[1, 1, 4.655957934714134, 0.18002225909910252, 1] 1e+100
[1, 1, -0.558303471180615, 4.288809558438928, 1] 1e+100
[1, 1, 3.8597619852973715, 1.6199038509741976, 1] 1e+100
[1, 1, 3.120612273828093, 2.287175436655544, 1] 1e+100
[1, 1, 4.646057963700778, 0.3983123707103866, 1] 1e+100
[1, 1, 4.422753163622021, 3.8197591761682768, 1] 1e+100
[1, 1, 0.29092941053225263, 4.9205579140415345, 1] 1e+100
[1, 1, 3.267275758225135, 2.147307709667774, 1] 1e+100
[1, 1, 4.082128570539636, 2.1603045563506793, 1] 1e+100
[1, 1, 2.7634856246691557, 1.9039172072703607, 1] 1e+100
[1, 1, 2.0588379140797937, 2.024799211859539, 1] 1e+100
[1, 1, 0.40563139962324857, 0.950347482789047, 1] 1e+100
[1, 1, 3.020594453283614, -0.14282441813257973, 1] 1e+100
[1, 1, -0.3969654999952221, 0.7062624114537717, 1] 0.00140472108966
[1, 1, 0.6837443501931224, 4.98651277673914, 1] 1e+100
[1, 1, -0.15481727503382126, 0.023706379608408046, 1] 0.00866684744838
[1, 1, 3.8513062611543667, 3.028005435201192, 1] 1e+100
[1, 1, 4.080579708235861, 3.477554695725022, 1] 1e+100
[1, 1, 2.049360467275532, 2.310350538036169, 1] 1e+100
[1, 1, 4.198386691851059, 4.144543795899571, 1] 1e+100
[1, 1, 2.8430752259302414, -0.5270876303132865, 1] 1e+100
[1, 1, 0.6948897657945021, 1.7011219544728253, 1] 1e+100
[1, 1, 0.7915865994570546, 3.066012221311553, 1] 1e+100
[1, 1, 3.3023370900541185, 3.4055853787305077, 1] 1e+100
[1, 1, 0.5654885887129122, 4.903651511110387, 1] 1e+100
[1, 1, 2.838379212421703, 1.0599667044114627, 1] 1e+100
[1, 1, 2.055740504123583, -0.8788859022553717, 1] 1e+100
[1, 1, 1.8307920459639924, 1.2925381654738373, 1] 1e+100
[1, 1, 3.3695800653558647, -0.6365775923851604, 1] 1e+100
[1, 1, 4.434272497009413, 0.34883930072123204, 1] 1e+100
[1, 1, 4.223712895924706, -0.3139420153777799, 1] 1e+100
[1, 1, 1.7510120281734487, 1.540529194214693, 1] 1e+100
[1, 1, 4.029823409923103, 0.9048307184048572, 1] 1e+100
[1, 1, 3.9625669623938133, 1.8363461752760442, 1] 1e+100
[1, 1, 3.744696873826946, 1.9322866525293119, 1] 1e+100
[1, 1, 0.2483483256421104, 2.9967207036264805, 1] 1e+100
[1, 1, 4.559653799350861, 4.35656483838432, 1] 1e+100
[1, 1, 0.4386063111506009, 4.430499363845724, 1] 1e+100
[1, 1, -0.6875825393002604, 3.6256676767901688, 1] 1e+100
[1, 1, 0.7204261568822306, 2.975320849989094, 1] 1e+100
[1, 1, 4.195469018229751, 0.32628049451430585, 1] 1e+100
[1, 1, 4.281988701327648, 0.02886073367466735, 1] 1e+100
[1, 1, 1.5957514693309829, 4.018777211727964, 1] 1e+100
[1, 1, 0.0121382825773646, 3.0193236332513793, 1] 1e+100
[1, 1, 2.638834298066774, 0.3197797490058383, 1] 1e+100
[1, 1, 1.1089991965946493, -0.07587873368266274, 1] 1e+100
[1, 1, -0.2489640558013526, -0.9111653707180052, 1] 0.00772927493483
[1, 1, 1.021785172712228, 3.5073152897504647, 1] 1e+100
[1, 1, 2.784526051415167, 4.017269355475467, 1] 1e+100
[1, 1, 4.762996842583536, 2.9996970471687803, 1] 1e+100
[1, 1, 3.791006142521182, 1.1171170267437152, 1] 1e+100
[1, 1, 3.6543943859959054, 2.656481700255679, 1] 1e+100
[1, 1, 4.83007240830644, 4.963880239508689, 1] 1e+100
[1, 1, 1.754301060940458, 0.4917389686079354, 1] 1e+100
[1, 1, -0.1448592670589235, 1.423499513974745, 1] 0.00725695582958
[1, 1, 1.6915148283967771, 1.5311680924197844, 1] 1e+100
[1, 1, 2.628627427419435, 1.5226885042854432, 1] 1e+100
[1, 1, -0.8332153726076266, 1.063663833759077, 1] 0.00552226919948
[1, 1, 2.7451036180132595, 1.653319464449631, 1] 1e+100
[1, 1, 0.40935315755778356, 2.9904681934951745, 1] 1e+100
[1, 1, 0.326617021755383, -0.26846537596055775, 1] 1e+100
[1, 1, 1.1090394846607028, 2.365890878548848, 1] 1e+100
[1, 1, 0.18424481381820446, 1.7007771517932087, 1] 1e+100
[1, 1, 0.3064264425726235, 0.8278453755626651, 1] 1e+100
[1, 1, 0.5133911192261296, 2.2148281179229707, 1] 1e+100
[1, 1, 3.0166210724912528, 4.1286163358481325, 1] 1e+100
[1, 1, 3.8453735564517837, 0.5816172832832709, 1] 1e+100
[1, 1, 1.8970683588867674, 3.6753193635403782, 1] 1e+100
[1, 1, -0.8216881450522515, 1.2171917879184617, 1] 0.0051413183058
[1, 1, 3.64732214883898, 2.7348197241837773, 1] 1e+100
[1, 1, 4.910163531537328, -0.21893018098804484, 1] 1e+100
[1, 1, 2.7601505544786145, 0.47287185685311806, 1] 1e+100
[1, 1, 3.1585107045678633, 0.07377834708606246, 1] 1e+100
[1, 1, 2.408706834533155, -0.12355697735661675, 1] 1e+100
[1, 1, 4.383598387037763, 0.8529512049193104, 1] 1e+100
[1, 1, 0.008226956428269094, 0.8578805237436715, 1] 0.01166828138362
[1, 1, 1.04242975022267, 3.6824856499942564, 1] 1e+100
[1, 1, 3.512447844133278, 4.142174262669353, 1] 1e+100
[1, 1, 4.93247832334476, -0.03665193078575979, 1] 1e+100
[1, 1, 1.9836384427717118, 0.029554775837638214, 1] 1e+100
[1, 1, 3.3162286295027403, 0.8441145146355009, 1] 1e+100
[1, 1, -0.8959338416147506, 3.8059318104129245, 1] 1e+100
[1, 1, 2.3453376283510146, 0.8683266120747253, 1] 1e+100
[1, 1, 2.250963272206675, 4.465286659086607, 1] 1e+100
[1, 1, -0.7941800601587206, 0.09495270291767399, 1] 0.00645168458876
[1, 1, 2.7324769150937533, -0.07063168032497713, 1] 1e+100
[1, 1, 2.8414432467325463, -0.030978538208233708, 1] 1e+100
[1, 1, -0.7180167996809921, 2.7054181000889788, 1] 0.00269420066613
[1, 1, 1.5443738713476511, 0.9237511113154853, 1] 1e+100
[1, 1, 0.5698233398528041, 1.938854982125326, 1] 1e+100
[1, 1, 1.123942569982928, 4.393908022264521, 1] 1e+100
[1, 1, 0.1548205376155256, 0.7134390971248201, 1] 1e+100
[1, 1, -0.822126463533279, 4.374226045725483, 1] 1e+100
[1, 1, 2.0410365017650784, 3.9233398536799466, 1] 1e+100
[1, 1, -0.8640631334408202, 4.770950216729366, 1] 1e+100
[1, 1, 3.1079833738386293, 4.098953735738967, 1] 1e+100
[1, 1, 1.927482427874506, 0.4496140090497891, 1] 1e+100
[1, 1, 3.331187132761322, 0.7998314265286304, 1] 1e+100
[1, 1, 1.0953508721824692, 2.5408207987848606, 1] 1e+100
[1, 1, 1.9521557786222088, 1.9421492929624895, 1] 1e+100
[1, 1, 0.3113043412207883, 2.0656273471470445, 1] 1e+100
[1, 1, 3.4750872292273707, -0.9400951255024517, 1] 1e+100
[1, 1, 2.666448419388715, -0.035798958855237206, 1] 1e+100
[1, 1, 3.422658701211657, 0.26038305447677645, 1] 1e+100
[1, 1, 2.4467800966342823, 2.826064961226831, 1] 1e+100
[1, 1, 1.5304192641031653, 4.561104549516106, 1] 1e+100
[1, 1, 4.2755654385758834, -0.6235382820804152, 1] 1e+100
[1, 1, 0.5458888261597206, 4.737314607229986, 1] 1e+100
[1, 1, 1.755169567402778, 0.2501671255426339, 1] 1e+100
[1, 1, 4.87303289101961, 1.6160108929793404, 1] 1e+100
[1, 1, 4.21299176306178, 0.43036801250260615, 1] 1e+100
[1, 1, 2.0441229802672076, 4.692501338482243, 1] 1e+100
[1, 1, 4.997892242157887, 2.943764757538467, 1] 1e+100
[1, 1, -0.5724340065588513, 4.457513735707291, 1] 1e+100
[1, 1, 4.3159852224976785, 0.7312713112914591, 1] 1e+100
[1, 1, 1.5674668443319186, -0.35832924009875033, 1] 1e+100
[1, 1, 3.823361992331108, -0.585022591531815, 1] 1e+100
[1, 1, 2.728550588764925, 4.920691072294861, 1] 1e+100
[1, 1, 1.0750127783549157, 3.8675617998108596, 1] 1e+100
[1, 1, 2.5122783907731123, 1.6099234697316547, 1] 1e+100
[1, 1, 3.3014249112720773, 3.717997118638693, 1] 1e+100
[1, 1, 2.9318553966315326, 4.452095485306864, 1] 1e+100
[1, 1, 4.7637565991833135, 2.2150426084772716, 1] 1e+100
[1, 1, 0.7227153178668837, 1.6639661344614591, 1] 1e+100
[1, 1, 2.7404186786669755, 3.1713865261663168, 1] 1e+100
[1, 1, -0.8063438985752303, 3.01089559388551, 1] 1e+100
[1, 1, 0.5221255648698966, 3.442349681673635, 1] 1e+100
[1, 1, 3.3665200359427647, 0.0027074589425204465, 1] 1e+100
[1, 1, 0.39763774367556026, 0.15239511918141835, 1] 1e+100
[1, 1, -0.3208371851989955, 0.776721621797041, 1] 0.00319520222985
[1, 1, 2.744983794195317, 1.754753649041036, 1] 1e+100
[1, 1, 3.8861200058239342, 1.7578643892770254, 1] 1e+100
[1, 1, 3.0219487925698623, 2.462930772098652, 1] 1e+100
[1, 1, 0.15947777568922117, 3.699745795273353, 1] 1e+100
[1, 1, 1.612565442708382, 0.36569810598785235, 1] 1e+100
[1, 1, 0.6794463717487804, 3.682850183924389, 1] 1e+100
[1, 1, 2.873278235200386, 4.938131709739706, 1] 1e+100
[1, 1, 3.601387619284427, 1.3422672042418302, 1] 1e+100
[1, 1, 4.6413548901774035, 3.630416117880216, 1] 1e+100
[1, 1, 1.5879626705132548, 0.026574597878593176, 1] 1e+100
[1, 1, 0.9408056076072773, 4.2423989353740845, 1] 1e+100
[1, 1, 4.617887552354943, 4.3556097711859145, 1] 1e+100
[1, 1, 4.253155736106703, 3.6045887061389674, 1] 1e+100
[1, 1, 4.393513695125232, 0.24940792598669392, 1] 1e+100
[1, 1, 3.6973896500537053, 1.6795706901094634, 1] 1e+100
[1, 1, -0.7353950474851756, 4.912124128499213, 1] 1e+100
[1, 1, 3.6929370543496702, 1.9244510084156845, 1] 1e+100
[1, 1, 3.268237944235797, -0.1370972133555679, 1] 1e+100
[1, 1, 4.476134148895377, -0.602451178791332, 1] 1e+100
[1, 1, 4.772981853840628, 0.5691625901887796, 1] 1e+100
[1, 1, 3.716869394997503, 2.6238260285049693, 1] 1e+100
[1, 1, -0.3561165531913999, 4.274424694247216, 1] 1e+100
[1, 1, 1.3771461710578752, 3.637470968236931, 1] 1e+100
[1, 1, 1.5479713778410602, 1.8759763871680368, 1] 1e+100
[1, 1, 2.1935648790594056, 2.8112115214136546, 1] 1e+100
[1, 1, 2.594275833861686, -0.4051851683801033, 1] 1e+100
[1, 1, -0.6196336514367637, 3.3200768779559713, 1] 1e+100
[1, 1, -0.6582657178087825, 3.329835739486837, 1] 1e+100
[1, 1, 0.3211647071567658, -0.4900482054406028, 1] 1e+100
[1, 1, -0.7603678158898175, 3.7723698349976136, 1] 1e+100
[1, 1, 2.506863854172719, 2.998119332437942, 1] 1e+100
[1, 1, 2.366054853601133, 3.6235182017380625, 1] 1e+100
[1, 1, 1.2037107469383743, 0.669059723975685, 1] 1e+100
[1, 1, 0.5662354039065405, -0.7498817956477493, 1] 1e+100
[1, 1, -0.8809531918063926, 4.905403386740361, 1] 1e+100
[1, 1, 2.0126826073815858, 3.1830775016221917, 1] 1e+100
[1, 1, 1.1841067876552858, 3.060791736826334, 1] 1e+100
[1, 1, 4.590596123327127, 3.2914816234368303, 1] 1e+100
[1, 1, 1.4651180307822997, 4.1970584758507545, 1] 1e+100
[1, 1, -0.3132811580077892, 2.6487423717202616, 1] 0.00688745138928
[1, 1, 2.286101025870723, 4.8411977764891345, 1] 1e+100
[1, 1, 1.9223842612285291, -0.5817678038130916, 1] 1e+100
[1, 1, 0.21697062327081862, 0.5546124822135641, 1] 1e+100
[1, 1, 2.6718771471887792, 0.951372662805327, 1] 1e+100
[1, 1, 4.630126357380535, 0.09553899066897276, 1] 1e+100
[1, 1, -0.057274770892968396, -0.646917086562292, 1] 0.01343502264046
[1, 1, 4.031239110582528, 4.266234657466386, 1] 1e+100
[1, 1, 2.6116180081574285, 4.05724217932517, 1] 1e+100
[1, 1, 3.9409249209342505, -0.10803617769195717, 1] 1e+100
[1, 1, -0.702327412175106, 0.965866945668995, 1] 0.00442495760219
[1, 1, -0.6866541644014745, 4.993715300257261, 1] 1e+100
[1, 1, -0.2376541527805991, 1.2785862505868248, 1] 0.00506842287743
[1, 1, 3.6302910447698364, 0.9741848733321687, 1] 1e+100
[1, 1, 2.1477341526994196, 4.282069190396921, 1] 1e+100
[1, 1, 1.7043806903068033, 4.516946774565107, 1] 1e+100
[1, 1, 0.32013602429586285, 2.330499759058452, 1] 1e+100
[1, 1, -0.05514724263877313, 2.0874665180567944, 1] 0.00979533653464
[1, 1, 3.910264949156252, 1.5221975468879045, 1] 1e+100
[1, 1, 0.07944383135200694, -0.3553642818226399, 1] 1e+100
[1, 1, 1.0380759642957051, -0.2714923701778982, 1] 1e+100
[1, 1, 2.258917961904107, 3.0775514879183863, 1] 1e+100
[1, 1, 0.3165554118173861, -0.03587496231054654, 1] 1e+100
[1, 1, 2.676666210450649, 3.264209733560951, 1] 1e+100
[1, 1, 4.662064321959864, 2.0081211158052588, 1] 1e+100
[1, 1, 4.783185860021771, 2.4617280648879136, 1] 1e+100
[1, 1, 1.20379170988498, 0.19494320188178227, 1] 1e+100
[1, 1, 2.134271826259701, -0.39305372719520437, 1] 1e+100
[1, 1, 0.13679224236080434, 4.779675163938982, 1] 1e+100
[1, 1, -0.6836491905295059, 4.895944299306926, 1] 1e+100
[1, 1, 0.10837903440146723, 3.025802087293603, 1] 1e+100
[1, 1, 1.661669532404507, 4.283839922606841, 1] 1e+100
[1, 1, -0.951946635444255, 1.3866772409369617, 1] 0.00282584748784
[1, 1, 0.411752973637844, 2.6989825989171763, 1] 1e+100
[1, 1, 3.2421089454628227, 0.6043605979378075, 1] 1e+100
[1, 1, 2.7307273817591167, 3.517863106454474, 1] 1e+100
[1, 1, 4.934878390753981, 4.202447884168574, 1] 1e+100
[1, 1, 0.8649173930954277, 4.379634132135733, 1] 1e+100
[1, 1, 4.261107619779718, 1.3949238753210635, 1] 1e+100
[1, 1, 3.0079828951848437, -0.8627958275446166, 1] 1e+100
[1, 1, 0.10849007543665867, 0.33701356631037704, 1] 1e+100
[1, 1, 4.903354661592508, 1.3028610605793989, 1] 1e+100
[1, 1, 2.29761614789588, -0.20282493975972926, 1] 1e+100
[1, 1, -0.303823469947355, 3.0959626362784274, 1] 1e+100
[1, 1, 0.3629460184268296, 3.542443005053922, 1] 1e+100
[1, 1, -0.6763003884338128, 0.9500269754234221, 1] 0.0040586549087
[1, 1, 2.7556899726891864, 2.2359659232340423, 1] 1e+100
[1, 1, 2.6567879144674302, -0.043373266489154405, 1] 1e+100
[1, 1, 3.1278287024796656, 1.3443786679442233, 1] 1e+100
[1, 1, 4.3973935147305845, 0.8917610827188958, 1] 1e+100
[1, 1, 3.9046226958887837, 2.8479331621439754, 1] 1e+100
[1, 1, 3.0054788123695086, 3.5628424445450513, 1] 1e+100
[1, 1, 2.3463373994785135, 3.1996250871684992, 1] 1e+100
[1, 1, 0.6878757900891646, 0.856699959260395, 1] 1e+100
[1, 1, 2.9603199535449565, 2.9388053467010913, 1] 1e+100
[1, 1, 4.591573644059222, 0.21107615558299098, 1] 1e+100
[1, 1, 3.0855691862710524, -0.1346229978603568, 1] 1e+100
[1, 1, 2.9745847272233026, 1.0386760292037778, 1] 1e+100
[1, 1, 1.0566009867812407, -0.6136716954772077, 1] 1e+100
[1, 1, 1.8967229491583564, -0.2231087526726503, 1] 1e+100
[1, 1, 2.497314715445378, 0.6615202300888889, 1] 1e+100
[1, 1, 1.9129033483677897, 3.1494216982755177, 1] 1e+100
[1, 1, 0.6871858156979018, 2.6944550335751583, 1] 1e+100
[1, 1, 4.549585687603477, 3.4972323538474583, 1] 1e+100
[1, 1, 3.330073495686163, 3.017704333687357, 1] 1e+100
[1, 1, 1.3689726921906837, 1.153031367907512, 1] 1e+100
[1, 1, 1.5135155291011713, 1.8547296295603921, 1] 1e+100
[1, 1, 3.6694000316463473, 2.1398164948583087, 1] 1e+100
[1, 1, 2.4200854603239437, 4.339281678722193, 1] 1e+100
[1, 1, 4.6692720276856035, 2.1396743397328573, 1] 1e+100
[1, 1, 2.657085006300937, 1.159880240224025, 1] 1e+100
[1, 1, 3.9368517903014197, -0.15280616016295845, 1] 1e+100
[1, 1, 3.6643180112868414, -0.8772865578860889, 1] 1e+100
[1, 1, -0.6084267589846086, -0.5701208162737315, 1] 0.00312233664957
[1, 1, -0.610365332846118, 3.0622891176310416, 1] 1e+100
[1, 1, 0.8747100517385469, 2.6387902263376324, 1] 1e+100
[1, 1, 0.5005288607116385, 1.8561094809287884, 1] 1e+100
[1, 1, -0.06114294744628479, -0.22766005096295738, 1] 0.01212918029306
[1, 1, -0.6226023197504367, 1.768822979716174, 1] 0.00152009047418
[1, 1, 2.509320862701957, 3.504253594125049, 1] 1e+100
[1, 1, 4.57466968974067, 0.7760093890635269, 1] 1e+100
[1, 1, 4.394338720878901, 2.8755552450891457, 1] 1e+100
[1, 1, 0.9563386381798133, -0.5377428481436981, 1] 1e+100
[1, 1, 3.237730330667719, 1.8515560975724092, 1] 1e+100
[1, 1, 4.3027724183076215, -0.5957449606968401, 1] 1e+100
[1, 1, -0.37813273067865194, 0.7754486875613982, 1] 0.00182805336381
[1, 1, 1.6261314610835655, 3.4318076155777826, 1] 1e+100
[1, 1, 1.0877051589782618, 0.6020217656788587, 1] 1e+100
[1, 1, -0.09679231641327801, 4.115419735867867, 1] 1e+100
[1, 1, 1.3363849549317712, 1.55380829409425, 1] 1e+100
[1, 1, 3.079414381619852, -0.3573887023273914, 1] 1e+100
[1, 1, 2.5721261715354373, -0.6068353140322138, 1] 1e+100
[1, 1, 4.080251399567128, 4.901865762989035, 1] 1e+100
[1, 1, 2.1488559897620463, 3.540422814363194, 1] 1e+100
[1, 1, -0.811261211051084, 3.892774604757599, 1] 1e+100
[1, 1, 3.62707648681781, -0.7224216318058865, 1] 1e+100
[1, 1, 2.6327015218488583, 0.5400932733399193, 1] 1e+100
[1, 1, 3.4102878854139034, 1.5052268135479352, 1] 1e+100
[1, 1, 0.20510100615255844, 1.9507322568304502, 1] 1e+100
[1, 1, -0.3957242476108811, 4.647113944728324, 1] 1e+100
[1, 1, 1.3350679888701134, 4.377484569623183, 1] 1e+100
[1, 1, 0.5506746132995279, 2.376980794916645, 1] 1e+100
[1, 1, 3.206564083362279, 0.42201956241776495, 1] 1e+100
[1, 1, 4.55024691850304, -0.6521420871916874, 1] 1e+100
[1, 1, 2.2043724452367472, -0.154508090453918, 1] 1e+100
[1, 1, 3.6146015241054714, 2.9089166720733997, 1] 1e+100
[1, 1, 0.8183621501742939, -0.9696571309201027, 1] 1e+100
[1, 1, 4.0470736699409136, 3.2982129746241347, 1] 1e+100
[1, 1, -0.15824675341584826, 3.843823569387455, 1] 1e+100
[1, 1, 1.7622807118631352, 2.1824476890152726, 1] 1e+100
[1, 1, 4.959351629574849, 0.6705333698015032, 1] 1e+100
[1, 1, 3.7873764257159612, 0.0008709318634625429, 1] 1e+100
[1, 1, 4.127066901710037, -0.6569573519425589, 1] 1e+100
[1, 1, 4.997337760214241, -0.012735372336126316, 1] 1e+100
[1, 1, 3.4775491906883893, 0.4628943087784727, 1] 1e+100
[1, 1, 4.5490539235466825, 4.268964359945981, 1] 1e+100
[1, 1, 1.6130566823800274, 4.847622867985047, 1] 1e+100
[1, 1, 4.469254423585696, 0.20204895391091182, 1] 1e+100
[1, 1, 4.953797571367805, 1.0442944451414835, 1] 1e+100
[1, 1, 1.9694113385484737, 3.961832312845708, 1] 1e+100
[1, 1, 3.2176515323777704, -0.3043233994855905, 1] 1e+100
[1, 1, 1.7576489752122635, -0.4072242550920142, 1] 1e+100
[1, 1, 4.62690744491581, 2.662731342883288, 1] 1e+100
[1, 1, 4.952579071339175, 2.928246671529654, 1] 1e+100
[1, 1, 4.397883049325441, 0.4670602433851334, 1] 1e+100
[1, 1, -0.5582419406636068, 3.222786958063123, 1] 1e+100
[1, 1, 3.445561699027933, 0.19990933084266094, 1] 1e+100
[1, 1, 3.342837935414531, 0.3641500930220234, 1] 1e+100
[1, 1, -0.18307469604753268, 2.7681038430836162, 1] 0.00958449970487
[1, 1, 0.6332595698800167, 2.010112038080372, 1] 1e+100
[1, 1, 3.151827147754279, -0.019369833003837655, 1] 1e+100
[1, 1, 1.0414442903739944, 4.343979264815854, 1] 1e+100
[1, 1, 0.6655986012717479, 4.502328179811259, 1] 1e+100
[1, 1, 1.6548826282801405, 3.14341049269518, 1] 1e+100
[1, 1, 3.6859223620904356, 0.558558172945042, 1] 1e+100
[1, 1, 1.6960326125319636, 0.4812517175666673, 1] 1e+100
[1, 1, 4.929460636905892, 3.5995554888632757, 1] 1e+100
[1, 1, 1.8666093963996833, -0.393497872229128, 1] 1e+100
[1, 1, 0.5842033004005043, 2.4506175174899267, 1] 1e+100
[1, 1, 2.069353987090691, 3.3132371554063766, 1] 1e+100
[1, 1, -0.7991577596998292, -0.3333907213948146, 1] 0.00678456803221
[1, 1, 2.20228288820668, 0.9599862860064092, 1] 1e+100
[1, 1, -0.027104234938267302, 3.288129456950994, 1] 1e+100
[1, 1, 2.2774061422002587, 3.4093553121314075, 1] 1e+100
[1, 1, 2.083345420589759, -0.5933529701843643, 1] 1e+100
[1, 1, 0.5008385921719314, 4.992418135531937, 1] 1e+100
[1, 1, 1.9133959387886001, -0.8218565023542024, 1] 1e+100
[1, 1, -0.3018285787977566, 2.1413916180609567, 1] 0.00498096058938
[1, 1, 0.2701601104460487, 2.460800328456725, 1] 1e+100
[1, 1, 1.8782019255924722, 2.9384275957562513, 1] 1e+100
[1, 1, 0.44397776620176166, 1.5505520890454711, 1] 1e+100
[1, 1, 0.9637520303988036, 3.823987896949774, 1] 1e+100
[1, 1, 2.2230633658520342, 3.099570408556432, 1] 1e+100
[1, 1, 0.8079427968989481, 3.7040998889237624, 1] 1e+100
[1, 1, -0.9041549117264365, 4.603990511734031, 1] 1e+100
[1, 1, 0.23555212354589394, 1.2046402069507494, 1] 1e+100
[1, 1, 2.129485134030645, 3.5363785941282018, 1] 1e+100
[1, 1, 0.5764948634759268, 3.300970458033065, 1] 1e+100
[1, 1, 1.5967202159966467, 4.8774112711618836, 1] 1e+100
[1, 1, 2.065571949117518, 1.1973588356181333, 1] 1e+100
[1, 1, 3.959619415731064, 4.488645092045864, 1] 1e+100
[1, 1, -0.3262995069858161, 4.34280436726483, 1] 1e+100
[1, 1, 1.2438021542973279, 2.0513932322204895, 1] 1e+100
[1, 1, -0.020153922394596124, 2.2222615914648465, 1] 0.01077429464606
[1, 1, 0.30843026122575035, 2.0517696811573387, 1] 1e+100
[1, 1, 3.450884097011941, -0.3207562867253142, 1] 1e+100
[1, 1, 3.578390214853357, 3.418990815274272, 1] 1e+100
[1, 1, 3.0021833351503435, 2.4712249018881836, 1] 1e+100
[1, 1, 0.6434169014537794, -0.934495612593248, 1] 1e+100
[1, 1, 1.0052112203748313, 2.84317428365437, 1] 1e+100
[1, 1, 3.4134360229516973, 0.21753421076097856, 1] 1e+100
[1, 1, -0.37458301119382975, 1.7838602997475839, 1] 0.00270278810093
[1, 1, 4.867637006352488, -0.20485306878485354, 1] 1e+100
[1, 1, 2.865648324484993, 2.789053330295951, 1] 1e+100
[1, 1, -0.6823233928566701, 3.391949558864555, 1] 1e+100
[1, 1, 1.617911371020953, 4.390482556126042, 1] 1e+100
[1, 1, 0.7664393091413406, 3.0314064394182614, 1] 1e+100
[1, 1, 3.8472937429893257, -0.14503235291158267, 1] 1e+100
[1, 1, 4.417559037183752, -0.8787024452289014, 1] 1e+100
[1, 1, -0.8624476203159097, 1.6476207796834803, 1] 0.00385507468015
[1, 1, 1.7142605625227842, 0.07628379812752839, 1] 1e+100
[1, 1, 0.6048692944766998, 0.40567026692826236, 1] 1e+100
[1, 1, 3.2856446232702776, 1.9461845164829468, 1] 1e+100
[1, 1, 4.099413615925436, 4.931827047571993, 1] 1e+100
[1, 1, 4.831646234206128, -0.705976363861117, 1] 1e+100
[1, 1, 3.286945512481447, -0.16341846806213645, 1] 1e+100
[1, 1, 4.701222944025854, 4.915202367305684, 1] 1e+100
[1, 1, 4.82087298047923, 0.5642375743578134, 1] 1e+100
[1, 1, 4.971087535774898, 1.5847884817505182, 1] 1e+100
[1, 1, 3.7205509570397632, 0.7536571808877708, 1] 1e+100
[1, 1, 4.13148722766279, 2.301152543475678, 1] 1e+100
[1, 1, 3.4248821730187835, 0.7631420729325422, 1] 1e+100
[1, 1, 2.842608650346045, 0.7523177114328998, 1] 1e+100
[1, 1, -0.8846530595265778, 3.1190279118296607, 1] 1e+100
[1, 1, 0.9859805740250385, 4.224839008844564, 1] 1e+100
[1, 1, 4.760519405977368, 3.8097757697552366, 1] 1e+100
[1, 1, 1.890312016740638, 1.5970211437491013, 1] 1e+100
[1, 1, -0.8075218327450744, 0.9041036582064612, 1] 0.00568730868596
[1, 1, 0.09465692317826702, 2.3230308302718026, 1] 1e+100
[1, 1, 4.557506907084027, 1.1004209104838427, 1] 1e+100
[1, 1, 0.3795061216901887, 4.070792428298762, 1] 1e+100
[1, 1, 4.0581011914560525, -0.3202197898182737, 1] 1e+100
[1, 1, 1.8150291180402407, 2.651144841081462, 1] 1e+100
[1, 1, -0.21971999963758537, 4.971647458719836, 1] 1e+100
[1, 1, -0.7036525385650965, 1.1555884087600496, 1] 0.00414271732941
[1, 1, 4.703723982506753, 3.4551928665999805, 1] 1e+100
[1, 1, 4.781142552160342, 2.7329008420599514, 1] 1e+100
[1, 1, 4.582254080030038, 4.523938570127762, 1] 1e+100
[1, 1, 1.088854240654343, -0.9234011827711281, 1] 1e+100
[1, 1, 1.8173184052359064, 3.084667978799404, 1] 1e+100
[1, 1, 0.728541676381574, 3.573052355916486, 1] 1e+100
[1, 1, 4.153389052248831, 0.6240984219408656, 1] 1e+100
[1, 1, 1.8956350171125678, 3.1762349591491024, 1] 1e+100
[1, 1, 3.8993618322632564, -0.09769163453892227, 1] 1e+100
[1, 1, 2.9154417769774432, -0.0009473213959831916, 1] 1e+100
[1, 1, -0.8353275867560417, 1.0478097989250204, 1] 0.00556090434691
[1, 1, 3.8185917349637792, 4.034572127587105, 1] 1e+100
[1, 1, 1.7229255672239798, 4.4644536518577045, 1] 1e+100
[1, 1, 1.8565226492040425, 1.9612577121621761, 1] 1e+100
[1, 1, 2.629641132433992, 3.7567377727588385, 1] 1e+100
[1, 1, 2.702050078517862, 0.35934243628917883, 1] 1e+100
[1, 1, -0.2933225390997012, 3.167916277665171, 1] 1e+100
[1, 1, -0.6985091240223562, 4.632202463052144, 1] 1e+100
[1, 1, 0.9103688408195136, 1.7441852916925669, 1] 1e+100
[1, 1, -0.9587727549550504, 3.3366841207158107, 1] 1e+100
[1, 1, 1.4988078012066213, -0.8400528436361359, 1] 1e+100
[1, 1, 1.6404043292147321, 0.5374459153362943, 1] 1e+100
[1, 1, -0.32590665138447483, 0.47082806729113713, 1] 0.00328243884751
[1, 1, 1.2437503083971655, 2.6607632499103575, 1] 1e+100
[1, 1, 0.5289332280905545, 4.297949053365395, 1] 1e+100
[1, 1, 2.92426510741201, 3.31560084447751, 1] 1e+100
[1, 1, 4.727972775754102, 0.2029383543510559, 1] 1e+100
[1, 1, 1.4890814076204428, 0.7597974756467529, 1] 1e+100
[1, 1, 2.027701532219381, -0.43211800322325145, 1] 1e+100
[1, 1, 1.9680379393579326, 3.9775546656281406, 1] 1e+100
[1, 1, -0.09073342233686099, 3.796847274556276, 1] 1e+100
[1, 1, -0.16520651212430582, 4.7575805880520186, 1] 1e+100
[1, 1, 4.371122371603341, 4.195712935277117, 1] 1e+100
[1, 1, 0.6593593132721249, 0.10351497524830577, 1] 1e+100
[1, 1, 1.5326713512586547, 4.9729592629506785, 1] 1e+100
[1, 1, 2.232884578953571, -0.7208087696853147, 1] 1e+100
[1, 1, 0.7102232661490255, -0.5857595210648672, 1] 1e+100
[1, 1, 2.8433145162020317, 2.2057462828082426, 1] 1e+100
[1, 1, 1.7228654831996306, 3.584152644305436, 1] 1e+100
[1, 1, 1.4985951741857546, 2.8464450089568905, 1] 1e+100
[1, 1, 1.8570186109793942, 2.9928323870316813, 1] 1e+100
[1, 1, 2.8440191765390477, 2.903283253423095, 1] 1e+100
[1, 1, -0.7831080050016661, 3.002362585406793, 1] 1e+100
[1, 1, 2.4107726810538948, 0.9568711503638803, 1] 1e+100
[1, 1, -0.9817789873498715, 0.30187063964726146, 1] 0.00155716817001
[1, 1, 0.4639737519807139, 3.710872946502062, 1] 1e+100
[1, 1, -0.20287266494164302, -0.8267401689608953, 1] 0.00906183284727
[1, 1, 1.8768961564662794, 3.4774667122365583, 1] 1e+100
[1, 1, 2.3560948722219033, 3.713705845017423, 1] 1e+100
[1, 1, 1.8664215278062457, 4.4033307347327115, 1] 1e+100
[1, 1, 1.6977652552956526, 3.296607258258227, 1] 1e+100
[1, 1, 1.9523104608477784, 4.665099159364825, 1] 1e+100
[1, 1, 4.138992142688368, -0.6165667935123327, 1] 1e+100
[1, 1, -0.7802014671189386, 3.1874376217254916, 1] 1e+100
[1, 1, 3.2437292511428026, 2.6539858086254116, 1] 1e+100
[1, 1, -0.6219568929610866, 1.659905927080323, 1] 0.00184027019906
[1, 1, 3.3198436281968444, 4.299255245429138, 1] 1e+100
[1, 1, 4.5502622516558855, 2.9173154558431262, 1] 1e+100
[1, 1, 4.020839798878347, 2.169571112933907, 1] 1e+100
[1, 1, 0.4300817580561862, -0.006696968932941472, 1] 1e+100
[1, 1, 1.7749887303702891, 0.7796445878615355, 1] 1e+100
[1, 1, -0.42334217611029046, 4.5519066708996325, 1] 1e+100
[1, 1, 3.7379374859691623, 1.447569055885177, 1] 1e+100
[1, 1, 1.0142095173966488, 3.693863831001229, 1] 1e+100
[1, 1, 0.8925144584735265, 3.584781797046011, 1] 1e+100
[1, 1, -0.6411219664000984, 2.848566592899109, 1] 0.00440988190406
[1, 1, -0.387539030909843, 4.61473867727733, 1] 1e+100
[1, 1, 0.22436251771667193, 4.076339248069875, 1] 1e+100
[1, 1, 3.8710065020748985, 2.3353652742949444, 1] 1e+100
[1, 1, 1.5157389980803764, 4.723986484886814, 1] 1e+100
[1, 1, 3.956772012423147, 1.2955147829706108, 1] 1e+100
[1, 1, 0.043638072364589275, 2.04204188152403, 1] 1e+100
[1, 1, 2.9873182663002513, 2.4702573922440445, 1] 1e+100
[1, 1, 3.9474762182002996, 0.746082067889583, 1] 1e+100
[1, 1, 4.957500154557352, 2.423813934968421, 1] 1e+100
[1, 1, 0.45232383857640546, 4.480137304332474, 1] 1e+100
[1, 1, 4.360143681723025, -0.7694735845844225, 1] 1e+100
[1, 1, 1.1132662698767506, -0.10846012932562621, 1] 1e+100
[1, 1, 4.639173641176578, 2.2129900109666774, 1] 1e+100
[1, 1, 2.0354017494089165, 2.9207333453774305, 1] 1e+100
[1, 1, -0.533385080410363, 2.0579394431394986, 1] 0.0007980589622
[1, 1, 1.0978558505419302, 0.8602843939229736, 1] 1e+100
[1, 1, 4.785432824371805, 1.9596867260456627, 1] 1e+100
[1, 1, 3.7193431452836485, 4.518744002950944, 1] 1e+100
[1, 1, 1.1296463379172588, -0.5735185414152408, 1] 1e+100
[1, 1, 2.8884238043353823, -0.3017641314924382, 1] 1e+100
[1, 1, 4.738450176859582, 0.44733637209794463, 1] 1e+100
[1, 1, 4.733589602289439, -0.41382355913829283, 1] 1e+100
[1, 1, 2.811370329262231, 1.5981093457947901, 1] 1e+100
[1, 1, 4.217148643723683, 1.670279139901647, 1] 1e+100
[1, 1, 3.3227988279460074, 1.8845947301589, 1] 1e+100
[1, 1, -0.5268340943542147, 2.741064830762956, 1] 0.0046143486732
[1, 1, -0.1922658104802497, 4.024818389389161, 1] 1e+100
[1, 1, 2.013509311029611, 1.7407166826634373, 1] 1e+100
[1, 1, -0.7867455398136429, 4.4871562091808785, 1] 1e+100
[1, 1, 1.8854660953315832, 1.4827387358766626, 1] 1e+100
[1, 1, -0.8425103235195546, 2.448211427284808, 1] 0.00042791985971
[1, 1, -0.6792642991943756, -0.44448260971562203, 1] 0.00474652567381
[1, 1, 1.9164415334528497, -0.5099520300166804, 1] 1e+100
[1, 1, 2.905362984015257, 3.142012453802132, 1] 1e+100
[1, 1, 4.228598137871911, 4.084343006336435, 1] 1e+100
[1, 1, -0.5940739378433093, 4.397590402101415, 1] 1e+100
[1, 1, -0.23374149065684402, 3.6130333408341864, 1] 1e+100
[1, 1, 0.10736278769215812, 1.8971501482431767, 1] 1e+100
[1, 1, 2.0820292525630313, 0.9714487045182925, 1] 1e+100
[1, 1, 0.6501612729789528, -0.3753619466700191, 1] 1e+100
[1, 1, -0.17226758685278365, -0.6667482441705932, 1] 0.00969160222911
[1, 1, -0.5764477365191436, 3.0387765561134046, 1] 1e+100
[1, 1, 0.9233785675825785, 4.738072710175502, 1] 1e+100
[1, 1, 0.5122152505240942, 4.438353815434958, 1] 1e+100
[1, 1, 1.101010343461847, 0.3491665352648583, 1] 1e+100
[1, 1, 2.7900708832572185, 2.376801847476277, 1] 1e+100
[1, 1, -0.010987261243669222, 3.922814591700515, 1] 1e+100
[1, 1, -0.4178403060854181, 1.241965784560624, 1] 0.0010676837251
[1, 1, 4.115769489125801, 2.605291196164919, 1] 1e+100
[1, 1, -0.20695471050937497, 4.430314704745168, 1] 1e+100
[1, 1, 1.688366305268464, 0.12196164964729816, 1] 1e+100
[1, 1, 3.2163811865485705, 0.025080615785837868, 1] 1e+100
[1, 1, -0.5483840845612422, -0.48589052267682176, 1] 0.0016575859962
[1, 1, 1.7598373505750216, 0.1565776514143764, 1] 1e+100
[1, 1, 2.978264596036281, -0.8033909338574223, 1] 1e+100
[1, 1, 3.558142073369991, 3.1941059057075405, 1] 1e+100
[1, 1, 2.0857040760351024, -0.26033195338476633, 1] 1e+100
[1, 1, 4.304455633352721, 4.266785155888562, 1] 1e+100
[1, 1, 4.808371886487121, 3.1282063470436334, 1] 1e+100
[1, 1, -0.5961312227261304, 1.8954105234674827, 1] 0.0007194472992
[1, 1, 2.450228045278866, 0.363061339009604, 1] 1e+100
[1, 1, 3.9928646133665024, 2.88028146461735, 1] 1e+100
[1, 1, 1.886756253667886, -0.6170666727031493, 1] 1e+100
[1, 1, 3.2089254350120022, 1.130541060948651, 1] 1e+100
[1, 1, 3.109567577997396, -0.9307900102370188, 1] 1e+100
[1, 1, 2.9871531235611086, 3.9118820415412525, 1] 1e+100
[1, 1, 4.110059238695915, -0.6126370499019358, 1] 1e+100
[1, 1, 1.9197910445278632, 3.7252407032449444, 1] 1e+100
[1, 1, 0.7620749886313856, 1.805235316269302, 1] 1e+100
[1, 1, 3.5768078439280577, 0.2886939377051312, 1] 1e+100
[1, 1, 4.702289790013937, -0.2871479817133791, 1] 1e+100
[1, 1, 0.843226775570936, 0.2306697946395342, 1] 1e+100
[1, 1, 3.90112558089671, 2.3007973484111184, 1] 1e+100
[1, 1, 1.6147533934492517, 4.319435322613004, 1] 1e+100
[1, 1, 3.6337214225158068, 4.029410188782439, 1] 1e+100
[1, 1, 4.228505772214783, -0.33519277711719075, 1] 1e+100
[1, 1, 2.6851697241703434, 4.657815779223826, 1] 1e+100
[1, 1, 2.4784384782520252, 0.5620687433375056, 1] 1e+100
[1, 1, 3.246393526132035, 0.4023258561855054, 1] 1e+100
[1, 1, 0.9510801323032811, 4.718256220078583, 1] 1e+100
[1, 1, 0.08400959687968146, -0.9795515351510222, 1] 1e+100
[1, 1, 2.6040038819996427, 1.169851414824814, 1] 1e+100
[1, 1, 0.5936206700056414, 2.2989887749329814, 1] 1e+100
[1, 1, 1.8617865292886027, -0.897287278301141, 1] 1e+100
[1, 1, 2.2324335371854467, 2.2507059815933763, 1] 1e+100
[1, 1, -0.21817789497272555, 2.2128529366959873, 1] 0.00676059614917
[1, 1, -0.015257160978936035, 2.872884110391618, 1] 1e+100
[1, 1, -0.8774723807177303, 0.38092498161723864, 1] 0.0065854969773
[1, 1, 3.1087043741666234, -0.17523538876223688, 1] 1e+100
[1, 1, 2.9162781667570328, 2.404305850025197, 1] 1e+100
[1, 1, 1.1924702784567787, 0.21391260377116428, 1] 1e+100
[1, 1, 0.710933785884359, 2.5755023628640363, 1] 1e+100
[1, 1, 4.135726070283225, 0.8822628260167236, 1] 1e+100
[1, 1, 1.3782390273417757, 3.6439635332194236, 1] 1e+100
[1, 1, 4.286392220869105, 0.4827566163235353, 1] 1e+100
[1, 1, 1.6158772976893045, 0.3924259170210511, 1] 1e+100
[1, 1, 0.3156625111221676, 3.9485418368617617, 1] 1e+100
[1, 1, 2.9594548248659356, 0.8629672790848213, 1] 1e+100
[1, 1, 0.47776747065167946, 4.817151437682224, 1] 1e+100
[1, 1, -0.5171292604443887, 4.486210139397424, 1] 1e+100
[1, 1, 4.815181759343967, 3.9568872008469373, 1] 1e+100
[1, 1, 1.795222209194618, 3.335175698451038, 1] 1e+100
[1, 1, 0.42532504405259597, 1.1879140519186628, 1] 1e+100
[1, 1, -0.8540408260414343, 3.744027490292506, 1] 1e+100
[1, 1, -0.5737563406961728, 1.6342222837401148, 1] 0.00117420435873
[1, 1, 1.5852126829565534, -0.9001522152079051, 1] 1e+100
[1, 1, 0.04410318306013705, 0.6212718433186455, 1] 1e+100
[1, 1, 1.1142372505579572, 0.8367312684644406, 1] 1e+100
[1, 1, 0.10207886629100238, -0.2531820646674845, 1] 1e+100
[1, 1, 2.921354831425663, 4.855355832739169, 1] 1e+100
[1, 1, 3.921022134627929, 3.1447241362933935, 1] 1e+100
[1, 1, -0.5610036635496927, 3.2156669757271406, 1] 1e+100
[1, 1, 2.3211368712907534, -0.8123783819848767, 1] 1e+100
[1, 1, 2.4128611378151215, 1.712293148588437, 1] 1e+100
[1, 1, 4.08046713768071, 3.339401503129533, 1] 1e+100
[1, 1, 2.398272392860015, 2.887888856426067, 1] 1e+100
[1, 1, 1.3636102295916865, 4.193123106594522, 1] 1e+100
[1, 1, 0.42550611412170114, 3.541748525733129, 1] 1e+100
[1, 1, 2.899444367226531, 3.914706086146019, 1] 1e+100
[1, 1, 0.13264355743131695, -0.7889890209159793, 1] 1e+100
[1, 1, -0.42818282688238374, 4.167826495537266, 1] 1e+100
[1, 1, 3.6508577801394475, 4.640786947365353, 1] 1e+100
[1, 1, 3.355477042434968, -0.29136390720665806, 1] 1e+100
[1, 1, 0.542370963289039, -0.7949735248237653, 1] 1e+100
[1, 1, 2.618364658658333, 3.672960331051166, 1] 1e+100
[1, 1, 2.129680957983643, 1.198333004271384, 1] 1e+100
[1, 1, 0.46092415905306305, 3.616013369124847, 1] 1e+100
[1, 1, 3.510966508124711, 3.1585883879850574, 1] 1e+100
[1, 1, 1.7647740330184014, 2.7655014209995734, 1] 1e+100
[1, 1, 3.355457429669052, 1.879769857095289, 1] 1e+100
[1, 1, -0.03705540530292506, 1.5849830753908116, 1] 0.00982869442271
[1, 1, 2.1618122813486056, 1.335093417035571, 1] 1e+100
[1, 1, 4.490871489955516, 0.056581143559732316, 1] 1e+100
[1, 1, 2.827151218572335, 3.1357901598508935, 1] 1e+100
[1, 1, 2.3578817501982723, -0.25132213897458944, 1] 1e+100
[1, 1, 1.245226616547681, 0.19778235875731665, 1] 1e+100
[1, 1, 2.742864231318773, 2.071137291987342, 1] 1e+100
[1, 1, -0.4859414777571869, -0.591140107262814, 1] 7.637184741e-05
[1, 1, 1.1653864896623287, 2.003103654016687, 1] 1e+100
[1, 1, 3.823112953585267, 0.04302233848586945, 1] 1e+100
[1, 1, 2.2445251857087483, 0.7811039411952725, 1] 1e+100
[1, 1, 2.7754627473336075, 1.258876305830933, 1] 1e+100
[1, 1, 3.0130794103140035, 4.090000218776037, 1] 1e+100
[1, 1, 2.9890317070429946, 4.285821502333617, 1] 1e+100
[1, 1, 3.212304305346663, 1.5261566218199771, 1] 1e+100
[1, 1, 4.11150617499324, -0.11247524914996432, 1] 1e+100
[1, 1, 1.0639023404987586, 1.315598612147265, 1] 1e+100
[1, 1, 1.0090717785048184, 1.8732153241316825, 1] 1e+100
[1, 1, 0.4491207194081548, 2.6179730016054905, 1] 1e+100
[1, 1, 3.3593126643213385, 0.405134348843073, 1] 1e+100
[1, 1, -0.9415083940400728, 1.061677527486081, 1] 0.00421749672844
[1, 1, 3.292757878603739, 0.8803219334835062, 1] 1e+100
[1, 1, -0.42963727855380207, 4.208832744835082, 1] 1e+100
[1, 1, 3.790816511099713, 3.887186356139547, 1] 1e+100
[1, 1, 4.851154392414563, 0.4350781471021705, 1] 1e+100
[1, 1, 3.1203544916165047, 3.083053832682693, 1] 1e+100
[1, 1, 2.2686702103173273, 4.854376397421331, 1] 1e+100
[1, 1, 3.602859277557398, 4.2658773918419435, 1] 1e+100
[1, 1, -0.985667125372113, 3.845330219101241, 1] 1e+100
[1, 1, 4.089315393328054, 1.5438188550013408, 1] 1e+100
[1, 1, 3.242262354886238, 4.842048856856148, 1] 1e+100
[1, 1, 4.2555820637025255, 4.929135900314191, 1] 1e+100
[1, 1, 3.8213073214402122, 3.7281721172436457, 1] 1e+100
[1, 1, 3.5782521341032725, -0.7101539428502819, 1] 1e+100
[1, 1, 4.27497433312776, 0.9299424470415596, 1] 1e+100
[1, 1, 3.7320538343831116, 4.487019724928649, 1] 1e+100
[1, 1, -0.44977334841236316, 0.7387511452445159, 1] 0.00018975162193
[1, 1, 0.9200137285180834, -0.38087980889922757, 1] 1e+100
[1, 1, 4.695429468164095, 2.4983544703806153, 1] 1e+100
[1, 1, -0.039701404209951496, 2.3543071765025347, 1] 0.01065730314424
[1, 1, 1.3981057214299932, -0.6581743677083525, 1] 1e+100
[1, 1, -0.8498538780747316, 2.6195128906845895, 1] 0.00182439645081
[1, 1, 2.659398065669266, 1.1485566540080843, 1] 1e+100
[1, 1, 2.1734900908130097, 0.5041734685300132, 1] 1e+100
[1, 1, 3.373329700602687, -0.8146389492871726, 1] 1e+100
[1, 1, 0.25523910664350713, 2.0913803219494618, 1] 1e+100
[1, 1, 2.7117188532495318, 2.4876569202054273, 1] 1e+100
[1, 1, 3.7842346776832647, 2.8952242227609286, 1] 1e+100
[1, 1, 3.6283082971878784, 4.282719943680929, 1] 1e+100
[1, 1, 1.777240338187072, 2.040124509311042, 1] 1e+100
[1, 1, -0.48848940227092275, 3.603582911543363, 1] 1e+100
[1, 1, 2.5847470489110074, 2.757886168104511, 1] 1e+100
[1, 1, 1.7158156373934008, -0.6478707412360185, 1] 1e+100
[1, 1, 4.931190597565059, -0.9990308148871061, 1] 1e+100
[1, 1, 2.7051827639379615, 3.4626954484509422, 1] 1e+100
[1, 1, 0.7836369952819107, 2.187717365908658, 1] 1e+100
[1, 1, -0.17394668672618474, -0.16849039140477418, 1] 0.00850324723146
[1, 1, 4.811038037581069, 0.8026787124990067, 1] 1e+100
[1, 1, 3.700510960666345, 2.432345934031064, 1] 1e+100
[1, 1, 1.5076743495417135, 4.962650844482533, 1] 1e+100
[1, 1, 4.327949266512187, -0.06554810677057676, 1] 1e+100
[1, 1, 1.7383898868280658, -0.33533879201078887, 1] 1e+100
[1, 1, 4.7405838141786525, 3.498019054347864, 1] 1e+100
[1, 1, -0.14645855130718943, 1.0773453331707472, 1] 0.0073307595195
[1, 1, 2.458719287668729, 2.139960080864146, 1] 1e+100
[1, 1, -0.3100620695567451, 4.299947867426951, 1] 1e+100
[1, 1, 0.4217484592400833, 3.2899524798624693, 1] 1e+100
[1, 1, 1.182403944276543, 3.6695933473010545, 1] 1e+100
[1, 1, 0.5028422093910907, 1.8496322391382654, 1] 1e+100
[1, 1, 4.447563340570646, 1.9805067251401502, 1] 1e+100
[1, 1, 1.8113393160659692, 2.0261975981131397, 1] 1e+100
[1, 1, 4.840489148884178, 0.8350846360038804, 1] 1e+100
[1, 1, 2.8790336965154175, 4.188812743052467, 1] 1e+100
[1, 1, 1.394916672166615, 0.6142977028956593, 1] 1e+100
[1, 1, 4.527394363152202, 0.05235379124702999, 1] 1e+100
[1, 1, 2.6363896139284853, 3.8286433803017745, 1] 1e+100
[1, 1, 0.30964223709076655, 3.51142508708372, 1] 1e+100
[1, 1, 0.25931189531889043, 0.7063452934334657, 1] 1e+100
[1, 1, 4.455956304819351, 0.1812376136001257, 1] 1e+100
[1, 1, 4.032562046151185, -0.9707889348734409, 1] 1e+100
[1, 1, -0.33447359220619566, 4.085394209986511, 1] 1e+100
[1, 1, 1.261117286423901, 2.959458640748133, 1] 1e+100
[1, 1, 0.3423844316508722, 0.2991544561727679, 1] 1e+100
[1, 1, 1.4158671235332436, -0.9303837860700317, 1] 1e+100
[1, 1, -0.7602037079150108, -0.869699908793143, 1] 0.00647594071996
[1, 1, 3.0619773308720575, 4.015496719745406, 1] 1e+100
[1, 1, 1.8026900756691666, 2.9440626406174513, 1] 1e+100
[1, 1, 1.6350925094941138, 1.137573206468387, 1] 1e+100
[1, 1, -0.1446220448916411, 1.8795107292992737, 1] 0.0075666932208
[1, 1, 1.7814093081605265, -0.9417348844398219, 1] 1e+100
[1, 1, 4.4344954885910575, 3.7524128220858115, 1] 1e+100
[1, 1, 1.133903931159307, 3.6575008692906046, 1] 1e+100
[1, 1, 4.352493216337364, 1.6081894947904694, 1] 1e+100
[1, 1, 3.1337749450393977, 3.709147749377001, 1] 1e+100
[1, 1, 1.746124754144951, 2.643605810735947, 1] 1e+100
[1, 1, 4.200785728556427, 3.111132046742778, 1] 1e+100
[1, 1, 3.0654467223648494, 4.736785010876786, 1] 1e+100
[1, 1, 1.6761384714728855, 3.5998106279237403, 1] 1e+100
[1, 1, 0.26796943708717036, 1.8562192309393586, 1] 1e+100
[1, 1, -0.9836077286804141, 2.341203942423045, 1] 0.00515371202534
[1, 1, 2.754210825590256, 0.7840781176097389, 1] 1e+100
[1, 1, 3.248349894663658, 0.5959347303419704, 1] 1e+100
[1, 1, 4.9945512821056735, 1.541692483601802, 1] 1e+100
[1, 1, 0.0905436324863318, 3.2621968257409577, 1] 1e+100
[1, 1, 2.1346167369900835, 3.1187528109148106, 1] 1e+100
[1, 1, 3.1403779217815844, 4.5202372638655275, 1] 1e+100
[1, 1, 4.03708939995057, 4.785750756228058, 1] 1e+100
[1, 1, 4.310084912892252, 2.927399147056755, 1] 1e+100
[1, 1, -0.8414810825935328, 4.301888995356851, 1] 1e+100
[1, 1, 3.2562877303363393, 4.369080968364136, 1] 1e+100
[1, 1, 0.07526554993270396, 2.6148625519177884, 1] 1e+100
[1, 1, 4.808054848061919, 4.665008259592708, 1] 1e+100
[1, 1, 1.9079152635675989, 0.2737622126268111, 1] 1e+100
[1, 1, -0.249285533518949, 1.470602516729719, 1] 0.00487621900233
[1, 1, -0.9227075802546998, -0.7020031341053001, 1] 0.0072592703518
[1, 1, 1.784324653480481, 1.3585705096436982, 1] 1e+100
[1, 1, 0.21440455620756937, 4.458592914073588, 1] 1e+100
[1, 1, 2.2851059436519483, 2.3962440128024793, 1] 1e+100
[1, 1, 3.445018538645809, -0.07257587449873681, 1] 1e+100
[1, 1, 0.511637171953893, -0.0954313158287039, 1] 1e+100
[1, 1, 4.806079233168715, 4.54175771428054, 1] 1e+100
[1, 1, 1.6716618739042186, 4.61434276248464, 1] 1e+100
[1, 1, -0.7981012631200428, 1.6006178657060035, 1] 0.00393465292714
[1, 1, -0.7904898605940616, 0.19786570034864814, 1] 0.0063359439334
[1, 1, 0.2503697096654296, 4.071019458979782, 1] 1e+100
[1, 1, 3.1299911776857554, 2.216700543770046, 1] 1e+100
[1, 1, 1.2249601677902167, 3.4987076644223434, 1] 1e+100
[1, 1, 0.49956989393507567, 2.9804073961378625, 1] 1e+100
[1, 1, 4.566398435204009, 3.2070293200495295, 1] 1e+100
[1, 1, 1.6219608056654424, 4.450627647225368, 1] 1e+100
[1, 1, 4.648982645610332, 3.563470063479519, 1] 1e+100
[1, 1, 0.07350348537582363, -0.8240599386203551, 1] 1e+100
[1, 1, 2.499606940448057, 3.692767677580192, 1] 1e+100
[1, 1, 1.0690210492960572, 1.9150969945502196, 1] 1e+100
[1, 1, 2.298187621697335, 0.21002349833004041, 1] 1e+100
[1, 1, 4.308850870244016, 1.4286760031061143, 1] 1e+100
[1, 1, 2.4787131566527494, 3.556738842030808, 1] 1e+100
[1, 1, 3.1986645925292674, 3.5174461402241066, 1] 1e+100
[1, 1, -0.9476335570657679, 3.849176950015023, 1] 1e+100
[1, 1, 4.397616318329772, -0.4423580213177898, 1] 1e+100
[1, 1, 4.692615436470618, 0.15009000428094943, 1] 1e+100
[1, 1, 1.7119233994111784, -0.9324586946570401, 1] 1e+100
[1, 1, 2.2492726869947726, 2.4229265515834104, 1] 1e+100
[1, 1, 2.6100466460886143, 0.9782513886848834, 1] 1e+100
[1, 1, -0.8459617733593301, 3.4788117699573142, 1] 1e+100
[1, 1, 3.787058288125542, -0.5501739710701867, 1] 1e+100
[1, 1, 1.5801435395730459, 2.312230067548992, 1] 1e+100
[1, 1, 4.635439686882412, 3.98096518882603, 1] 1e+100
[1, 1, 0.4651659480490469, 1.3895842670031655, 1] 1e+100
[1, 1, 4.392563621440343, 4.6789598270497645, 1] 1e+100
[1, 1, 0.9834426937109932, 0.45832845007359224, 1] 1e+100
[1, 1, 0.21276047789383856, 3.1957727374038836, 1] 1e+100
[1, 1, 0.024521180703473533, 2.3137969564843424, 1] 0.01189472065431
[1, 1, 0.983837969346395, -0.17075873582021828, 1] 1e+100
[1, 1, 1.9227519698011468, 4.921884854721951, 1] 1e+100
[1, 1, 1.4002475436958677, 3.0946017428373382, 1] 1e+100
[1, 1, 2.632293976836875, 2.186111647981028, 1] 1e+100
[1, 1, 1.604769786727028, 4.541699713943421, 1] 1e+100
[1, 1, 3.983032375158885, -0.016268794044318913, 1] 1e+100
[1, 1, 4.501817882063474, 2.036033955787496, 1] 1e+100
[1, 1, -0.9545793917024705, 4.978052267277642, 1] 1e+100
[1, 1, -0.22483816633417653, 4.5774246164536105, 1] 1e+100
[1, 1, 4.766171442309901, 4.388652269777488, 1] 1e+100
[1, 1, 1.834711778896088, -0.45238557955385383, 1] 1e+100
[1, 1, 1.1937958739646959, 2.990306501003923, 1] 1e+100
[1, 1, 0.3182656357911202, 3.904405512428159, 1] 1e+100
[1, 1, 4.838114375801699, 1.567031913827154, 1] 1e+100
[1, 1, 2.4035488122023985, 3.85027578348432, 1] 1e+100
[1, 1, 1.1774642384208063, 4.938271821526131, 1] 1e+100
[1, 1, 0.18151443806364576, 3.6591641282679337, 1] 1e+100
[1, 1, 3.4367065168568622, 0.5751341517226896, 1] 1e+100
[1, 1, 4.97351465911186, -0.7958879920888731, 1] 1e+100
[1, 1, -0.7783240957728308, 2.5595427004833544, 1] 0.00127342184105
[1, 1, 1.4212496902721377, 2.7608096439511183, 1] 1e+100
[1, 1, 2.2060954396824615, 1.6099894237593424, 1] 1e+100
[1, 1, -0.5851824876102207, -0.5851014221960267, 1] 0.0025435515654
[1, 1, 1.5060265673874076, 0.5442750416138706, 1] 1e+100
[1, 1, 1.8735695445467213, -0.5498628862103461, 1] 1e+100
[1, 1, 2.463586173744474, -0.46432077390746995, 1] 1e+100
[1, 1, 2.735256244596413, -0.3373170768854361, 1] 1e+100
