[1, 3, 4.310567485115515, 0.298344609358139, 1] 1e+100
[1, 3, 1.6043533135290557, 0.15671551271103956, 1] 1e+100
[1, 3, 0.8847258468314401, -0.9118105722524206, 1] 1e+100
[1, 3, -0.054332888412800706, 0.8022942808449145, 1] 0.04486237697697
[1, 3, -0.052080338786236746, 3.7912124433677405, 1] 1e+100
[1, 3, 1.9087929225189901, 3.641963408550052, 1] 1e+100
[1, 3, 3.564054026348564, -0.08219238620657943, 1] 1e+100
[1, 3, -0.9535795083141383, 0.7092960274443478, 1] 0.02988386973812
[1, 3, 0.2567234405738408, 4.695155807959791, 1] 1e+100
[1, 3, 0.5805398806355737, 1.9826212155181384, 1] 1e+100
[1, 3, 0.6140002037822565, 1.0111209041697862, 1] 1e+100
[1, 3, 0.9569307949116823, 0.2995864889207134, 1] 1e+100
[1, 3, 0.34754322992611497, 1.2488889075405498, 1] 0.05404049998804
[1, 3, 3.445467322334525, 1.71200195365109, 1] 1e+100
[1, 3, 2.040461842750541, 2.9075137673689775, 1] 1e+100
[1, 3, 2.831243340155667, 0.5520318268827356, 1] 1e+100
[1, 3, 0.16353997387254182, 4.837215821740629, 1] 1e+100
[1, 3, 3.8813910379675356, 3.4652463565989455, 1] 1e+100
[1, 3, 0.8512808071911258, -0.6614568842972799, 1] 1e+100
[1, 3, 0.15311313676610783, 4.713297648921808, 1] 1e+100
[1, 3, 3.3618014059388956, 0.07173608578273849, 1] 1e+100
[1, 3, 4.974946060902612, 1.3522231266075693, 1] 1e+100
[1, 3, 3.0515031676402815, 0.7220281887780207, 1] 1e+100
[1, 3, 1.792392368994836, -0.15567510745080382, 1] 1e+100
[1, 3, -0.10532165592817466, 1.5295690918328755, 1] 0.04337553533771
[1, 3, 0.7645795231948833, 2.022686311908246, 1] 1e+100
[1, 3, 2.231434481312236, 4.202353555059206, 1] 1e+100
[1, 3, 0.19988380503936853, -0.04111414215107989, 1] 0.0527803135017
[1, 3, 3.2234823778569064, 4.251498659393423, 1] 1e+100
[1, 3, -0.7691699050172802, -0.608613696415758, 1] 0.02949119157504
[1, 3, 0.47811887408490605, 2.872148450812248, 1] 1e+100
[1, 3, 3.6812921699522123, 2.7415746427984455, 1] 1e+100
[1, 3, 2.1449523562252333, 4.121349749579025, 1] 1e+100
[1, 3, 0.8295725586555023, 1.7531125613978293, 1] 1e+100
[1, 3, 1.0730746027418663, 4.656801353331553, 1] 1e+100
[1, 3, -0.97045625616459, -0.9111240803406906, 1] 0.02761410775928
[1, 3, 4.7628552817687275, 2.939878790082405, 1] 1e+100
[1, 3, -0.42775843561415594, 2.4387948627571827, 1] 0.04006360602914
[1, 3, 4.162276708656503, 1.362439911854132, 1] 1e+100
[1, 3, 3.560469723334604, -0.8676005746363424, 1] 1e+100
[1, 3, 1.1861148669213692, 2.2012815236854992, 1] 1e+100
[1, 3, -0.6442589917155104, 0.6559925965919915, 1] 0.03276137607383
[1, 3, 0.5575850713633561, 4.655362643641562, 1] 1e+100
[1, 3, 2.5297762851274888, 4.173954213068062, 1] 1e+100
[1, 3, 1.9096506199327767, -0.8591762119554953, 1] 1e+100
[1, 3, 1.851239991250063, 2.0338524571886905, 1] 1e+100
[1, 3, -0.7126427658518402, 4.43303168431489, 1] 1e+100
[1, 3, 2.8740950315871583, 1.0642721266430195, 1] 1e+100
[1, 3, 3.754170427774387, 2.689284924073936, 1] 1e+100
[1, 3, 2.3389488426764, 3.7375087179962456, 1] 1e+100
[1, 3, 2.554563991432238, -0.08788559958866315, 1] 1e+100
[1, 3, -0.3780272384085166, 2.8269797492044457, 1] 0.04346669399838
[1, 3, 3.3729316935891944, -0.07864873726175925, 1] 1e+100
[1, 3, 0.7870483160755315, 2.8370725613743426, 1] 1e+100
[1, 3, 4.495216575871407, -0.029687122188999382, 1] 1e+100
[1, 3, -0.506902127084804, 0.2545327667515531, 1] 0.03515367736381
[1, 3, -0.004148916336193409, 0.4533624287100906, 1] 0.04644984122714
[1, 3, -0.1252702953021676, 1.9875664441064362, 1] 0.04329509762303
[1, 3, 4.488047945795652, 2.3517915352285974, 1] 1e+100
[1, 3, 3.931830453209006, 1.1483832483425833, 1] 1e+100
[1, 3, 1.6020675964788182, 2.7620072202681056, 1] 1e+100
[1, 3, 1.207748806691082, 4.949274753935252, 1] 1e+100
[1, 3, -0.07290020430286948, 1.2075590660916689, 1] 0.04414343102884
[1, 3, 4.911469679251342, 1.9569116229720604, 1] 1e+100
[1, 3, 2.206105978428626, 4.5404109644121915, 1] 1e+100
[1, 3, 0.10763722272939269, 1.6338350163330109, 1] 0.04787853342991
[1, 3, 3.8205775481837687, 1.1331586965603595, 1] 1e+100
[1, 3, 0.9636729068549048, 2.65905706071364, 1] 1e+100
[1, 3, 0.12238190759382439, 2.375937559353961, 1] 0.04851051675137
[1, 3, 3.092829073455719, 2.9234233811829995, 1] 1e+100
[1, 3, 1.173785466864436, 1.2534943992102114, 1] 1e+100
[1, 3, -0.1507335092966371, 2.2703617732647596, 1] 0.04343328447713
[1, 3, -0.2840646936470397, 1.1191271665751152, 1] 0.03972086391916
[1, 3, -0.16582486516613937, -0.21776981969825449, 1] 0.04311109324815
[1, 3, 1.9164751507795383, 3.716579008049841, 1] 1e+100
[1, 3, 0.41838784994881717, -0.9771962451493987, 1] 1e+100
[1, 3, -0.7576600845918946, 3.5966031203105295, 1] 1e+100
[1, 3, 0.7750864292765274, 4.610676410232193, 1] 1e+100
[1, 3, 2.4815476903324125, -0.43588513943243634, 1] 1e+100
[1, 3, -0.7714637476096708, -0.6237657093378064, 1] 0.02943202587113
[1, 3, -0.5684667733234934, 1.7515527407351135, 1] 0.03535821416407
[1, 3, 3.5650032677427337, 3.625869574002963, 1] 1e+100
[1, 3, 2.80883970118632, 4.828670752622133, 1] 1e+100
[1, 3, 1.3436651242731514, 1.8113320602162726, 1] 1e+100
[1, 3, -0.4130800465576723, -0.6302345549502306, 1] 0.03717967152651
[1, 3, 1.431317713197462, 2.7414967653278874, 1] 1e+100
[1, 3, 3.9030338399225437, -0.008308675589458803, 1] 1e+100
[1, 3, 0.7178557114131494, 2.9496673881732525, 1] 1e+100
[1, 3, 4.888208754588562, 3.821580047901258, 1] 1e+100
[1, 3, 1.3633473843565937, 4.026691706273949, 1] 1e+100
[1, 3, 2.4757425228342003, 1.7380116730028483, 1] 1e+100
[1, 3, 4.55566103304847, 2.440167941014403, 1] 1e+100
[1, 3, 3.402027850393787, 0.888024535777038, 1] 1e+100
[1, 3, 3.071332420890048, 4.6099826328681495, 1] 1e+100
[1, 3, 4.102247993649189, 4.669775314279287, 1] 1e+100
[1, 3, 4.38786241770566, 3.4561731275022716, 1] 1e+100
[1, 3, -0.25686580020559013, 3.027341061327961, 1] 0.04650175138262
[1, 3, 0.9386303264779445, 3.8933240212281888, 1] 1e+100
[1, 3, 0.4042405232180877, 2.9719615549554046, 1] 0.0550647164984
[1, 3, -0.30009209663217495, 3.2263180599511703, 1] 1e+100
[1, 3, 3.9444265682621875, 3.3381363657411205, 1] 1e+100
[1, 3, 4.413346753418696, 3.734256371602343, 1] 1e+100
[1, 3, 3.8964519028749685, 1.20574524032628, 1] 1e+100
[1, 3, 3.53511567818596, 0.3350548508608322, 1] 1e+100
[1, 3, 1.38283506836677, 0.058627187995832, 1] 1e+100
[1, 3, 1.2140976812063906, 2.5512330057097303, 1] 1e+100
[1, 3, 2.7198561004748356, -0.9247314473459736, 1] 1e+100
[1, 3, 3.6787123764970318, 2.915547575657497, 1] 1e+100
[1, 3, 0.784312465632808, 0.19084952906154484, 1] 1e+100
[1, 3, -0.6694623614883011, 0.5617991219592304, 1] 0.03226992159306
[1, 3, 4.322104271812275, -0.540925917338761, 1] 1e+100
[1, 3, 0.06338451223814512, -0.527388831296514, 1] 0.04991996118847
[1, 3, 4.880693195480127, 0.15565577455849366, 1] 1e+100
[1, 3, -0.5782852565335608, -0.8465491769330613, 1] 0.03326134727595
[1, 3, 3.9140521924147027, 3.8296531334577537, 1] 1e+100
[1, 3, 1.038165366755106, 4.35916264331262, 1] 1e+100
[1, 3, 3.3302920225290586, 2.3889716688082685, 1] 1e+100
[1, 3, 3.296719456128315, 3.4799455504235715, 1] 1e+100
[1, 3, 0.9444118547647509, 2.68247454221996, 1] 1e+100
[1, 3, 0.6058663401025777, -0.8986244475493561, 1] 1e+100
[1, 3, 1.1281928825371494, 4.27145018032071, 1] 1e+100
[1, 3, 3.817658922427883, 3.8148346726223146, 1] 1e+100
[1, 3, 2.0071481447894697, -0.6209535019498069, 1] 1e+100
[1, 3, 0.49083056234347033, 2.0843145223877424, 1] 1e+100
[1, 3, 4.776680650565176, 4.288236083076398, 1] 1e+100
[1, 3, 1.3441965135798677, 2.914462651668149, 1] 1e+100
[1, 3, 2.368784917840783, 0.7846385223426071, 1] 1e+100
[1, 3, 1.6912309220839283, -0.26812105738736114, 1] 1e+100
[1, 3, 2.5270920150281015, 4.9821778527142975, 1] 1e+100
[1, 3, 1.0889567887137517, 1.2589186856692924, 1] 1e+100
[1, 3, 2.930948967530567, 3.127975312351847, 1] 1e+100
[1, 3, 1.2749793198723736, -0.3910974901874926, 1] 1e+100
[1, 3, 1.2186301493877574, 3.296333162187808, 1] 1e+100
[1, 3, -0.8153427568847851, 0.8950775567936438, 1] 0.03041863165283
[1, 3, 2.0395253867850283, 1.3742325974722194, 1] 1e+100
[1, 3, 2.070569092099225, 3.095815775675919, 1] 1e+100
[1, 3, 3.416705009260145, 2.360740549595581, 1] 1e+100
[1, 3, -0.34460872367549955, 0.8736346568259525, 1] 0.03849439978388
[1, 3, 3.7792608860179815, 0.38119044738085606, 1] 1e+100
[1, 3, 2.364782978187953, 1.9267931302964305, 1] 1e+100
[1, 3, 1.473893465133476, 2.328013489695543, 1] 1e+100
[1, 3, 3.2665679771631204, 4.235409503307649, 1] 1e+100
[1, 3, 1.997008071362015, 0.7716597405450649, 1] 1e+100
[1, 3, 1.9792567538124723, -0.27926578043342243, 1] 1e+100
[1, 3, 3.5636769604686203, 1.57016544896033, 1] 1e+100
[1, 3, 3.448479428691166, 4.042398342985086, 1] 1e+100
[1, 3, -0.8004389179041067, 4.107005693684057, 1] 1e+100
[1, 3, 3.83800603944578, -0.6461715388490663, 1] 1e+100
[1, 3, 1.8019828863295704, 0.3997071401607184, 1] 1e+100
[1, 3, 0.3451878912978994, 1.4765962253891987, 1] 0.05358044045958
[1, 3, 2.023789254483769, 4.437639893154977, 1] 1e+100
[1, 3, -0.17257617618232324, 0.20166617458679448, 1] 0.04257639147893
[1, 3, 0.7862855350193039, 3.619187620823964, 1] 1e+100
[1, 3, 3.399793653742261, 2.4906514141009355, 1] 1e+100
[1, 3, 1.1123928816143756, 2.6601943971717343, 1] 1e+100
[1, 3, 0.40841789025905895, 3.08851644397639, 1] 1e+100
[1, 3, 4.456680016749963, -0.8845115364136198, 1] 1e+100
[1, 3, 1.3793058995773269, 0.0603488945403603, 1] 1e+100
[1, 3, 0.6966536483710879, 3.25283773645, 1] 1e+100
[1, 3, 3.99048507463145, 0.45827714251701757, 1] 1e+100
[1, 3, 0.2991094437703026, 2.0583400814628083, 1] 0.05190180193485
[1, 3, 2.9263362430434015, 3.9296874061334464, 1] 1e+100
[1, 3, 1.8444036185149955, 4.354046067362981, 1] 1e+100
[1, 3, 0.35772883640301845, 0.10989577932109529, 1] 1e+100
[1, 3, 2.6417807558786754, 0.058384050026622614, 1] 1e+100
[1, 3, 3.508448387093617, 4.342693428340906, 1] 1e+100
[1, 3, 4.096828138896488, 1.2885945628511788, 1] 1e+100
[1, 3, 1.979117914260267, 3.8950496007346906, 1] 1e+100
[1, 3, 0.4170183029123835, 2.7602811353073333, 1] 0.05477710902664
[1, 3, 3.905686522670454, 0.7038596987152335, 1] 1e+100
[1, 3, 3.656761469899891, -0.34871721705584946, 1] 1e+100
[1, 3, 3.8039465791583797, 2.344506640439823, 1] 1e+100
[1, 3, 1.2548634500157467, 4.928750512921569, 1] 1e+100
[1, 3, 4.988610974792384, 1.653053843246254, 1] 1e+100
[1, 3, 2.8863335579140443, 4.076095089489292, 1] 1e+100
[1, 3, -0.760748172985138, -0.12167764102347589, 1] 0.03018664860695
[1, 3, 3.0005327666407258, 4.622206842373841, 1] 1e+100
[1, 3, 1.9660398010621378, 4.696241278093052, 1] 1e+100
[1, 3, 2.6754970624046717, 2.852047303316891, 1] 1e+100
[1, 3, 4.002229088015214, 3.9361633752560827, 1] 1e+100
[1, 3, 4.008208794274881, 2.1483246604154864, 1] 1e+100
[1, 3, 3.476085095878256, 4.529723135911152, 1] 1e+100
[1, 3, 1.98934549001928, -0.5268145921821987, 1] 1e+100
[1, 3, 4.21168998318797, 1.9890894931855945, 1] 1e+100
[1, 3, -0.7325836768708658, 0.1987289449078078, 1] 0.03094743593542
[1, 3, 0.6846954810839663, 0.345334088013455, 1] 1e+100
[1, 3, 2.8407370470848123, 0.6750516128693238, 1] 1e+100
[1, 3, 1.3929112494990918, 3.5199537367355394, 1] 1e+100
[1, 3, 3.2610016200617586, 0.4248717979423997, 1] 1e+100
[1, 3, 4.852430300780434, 3.583366960190647, 1] 1e+100
[1, 3, 3.9457206225486434, -0.8086336136995496, 1] 1e+100
[1, 3, 0.5329255738284813, 4.321579656566951, 1] 1e+100
[1, 3, 3.5719003504174935, 0.5874698279662476, 1] 1e+100
[1, 3, 0.4863605700590259, 4.354763870729795, 1] 1e+100
[1, 3, -0.40158386343023356, 0.3007453039333301, 1] 0.03734112872992
[1, 3, 2.5526550332032345, 3.082324817881661, 1] 1e+100
[1, 3, -0.37677119068740517, -0.2100964701984287, 1] 0.03794890285347
[1, 3, 0.6943789642004663, 4.476945147750914, 1] 1e+100
[1, 3, 2.3784589319373923, 0.6855298413333466, 1] 1e+100
[1, 3, -0.9417155616812227, 3.614516296457799, 1] 1e+100
[1, 3, 2.955811938550289, -0.8494552363848253, 1] 1e+100
[1, 3, 2.563027786651571, 2.0561206467401156, 1] 1e+100
[1, 3, 4.7412925587462516, 1.3661104404754, 1] 1e+100
[1, 3, 1.8863803520676128, 0.949716962655109, 1] 1e+100
[1, 3, 1.018445223687808, 2.7993784781929087, 1] 1e+100
[1, 3, 1.493502148702576, 1.6676059404342976, 1] 1e+100
[1, 3, 4.116323115885696, 3.1106905533316063, 1] 1e+100
[1, 3, 3.379134674701037, 4.555051064736929, 1] 1e+100
[1, 3, 1.6580619616562848, -0.25239487986750575, 1] 1e+100
[1, 3, 4.30409638154044, 2.648518958052196, 1] 1e+100
[1, 3, 2.865408573247971, 3.7389216766286335, 1] 1e+100
[1, 3, 0.7886062146883508, -0.22690125535164118, 1] 1e+100
[1, 3, -0.22401681585856048, 1.9410594322200447, 1] 0.04143609383692
[1, 3, 0.813392919702679, -0.1830982296457988, 1] 1e+100
[1, 3, 4.656137313527593, 0.39435850208962764, 1] 1e+100
[1, 3, 1.4687670745900263, 4.686542082034738, 1] 1e+100
[1, 3, 4.236958854648183, 2.281496955307767, 1] 1e+100
[1, 3, 4.02604764766931, 1.4284988333606985, 1] 1e+100
[1, 3, -0.5050623864720256, 4.243451107352703, 1] 1e+100
[1, 3, 4.687362286165949, 4.645635404103247, 1] 1e+100
[1, 3, 0.22871488266533335, 3.2811695097359044, 1] 1e+100
[1, 3, 3.9278176260698947, 3.427694853371036, 1] 1e+100
[1, 3, -0.7016869815882796, 3.4145314573809955, 1] 1e+100
[1, 3, 0.6779467054872848, 2.353215644264265, 1] 1e+100
[1, 3, 1.4767015498890048, 4.039473923494036, 1] 1e+100
[1, 3, 1.4425443522844095, 0.8868591099497989, 1] 1e+100
[1, 3, 2.1949107386549724, -0.4331350750026308, 1] 1e+100
[1, 3, 2.3399293670692085, -0.6086800138197384, 1] 1e+100
[1, 3, 2.961241606375483, 2.4372076845476727, 1] 1e+100
[1, 3, -0.3259855199517825, 3.264041522925245, 1] 1e+100
[1, 3, 4.028472700760277, 1.2488594193476086, 1] 1e+100
[1, 3, -0.6678448482713066, 4.085580459850535, 1] 1e+100
[1, 3, 4.976263472995186, 4.791884226183583, 1] 1e+100
[1, 3, 1.6681173125728748, 2.8218487268421, 1] 1e+100
[1, 3, 0.9130614348651103, 1.0260056851660257, 1] 1e+100
[1, 3, 1.7958947638713196, -0.009787415952312584, 1] 1e+100
[1, 3, -0.6622780517131099, 4.117528265011708, 1] 1e+100
[1, 3, 3.591387673221538, 3.3770209539988834, 1] 1e+100
[1, 3, 4.466030669322041, 3.1576656989186667, 1] 1e+100
[1, 3, 1.8487863526641055, 3.8919529000067747, 1] 1e+100
[1, 3, 0.5389012574311283, 0.19538021329677968, 1] 1e+100
[1, 3, 0.7372885190762195, 4.97778245438926, 1] 1e+100
[1, 3, 3.2848216453805694, 3.6574331652810734, 1] 1e+100
[1, 3, 2.557255713388252, 2.1994765422504354, 1] 1e+100
[1, 3, -0.7201496717803411, -0.08657341954839026, 1] 0.0309086806583
[1, 3, 0.2802097698054482, 4.27530463069503, 1] 1e+100
[1, 3, -0.07373262793330526, -0.7005138705457743, 1] 0.04628628201697
[1, 3, 3.806112402400883, 1.6061926301072234, 1] 1e+100
[1, 3, 2.4740115438889934, 4.620668793864836, 1] 1e+100
[1, 3, 1.68767058343383, 2.2927999585894865, 1] 1e+100
[1, 3, 4.136845689353195, 1.3336738528350898, 1] 1e+100
[1, 3, 0.000358167102963991, 3.0880405498200076, 1] 1e+100
[1, 3, 1.0151345508423582, -0.1199452708568629, 1] 1e+100
[1, 3, 1.7414497396196786, 2.1187949378283197, 1] 1e+100
[1, 3, 4.09679403633427, 2.4243749410365516, 1] 1e+100
[1, 3, 3.9925795346785735, 4.1908354389988425, 1] 1e+100
[1, 3, 3.239177987001625, 2.8900611844076742, 1] 1e+100
[1, 3, 0.40887934988009933, 4.7478193233598915, 1] 1e+100
[1, 3, -0.7480306228240996, 1.1383002690055495, 1] 0.03158729024053
[1, 3, 0.19021804589877545, 3.208356674045998, 1] 1e+100
[1, 3, 4.2765014138369875, 3.7976949572800205, 1] 1e+100
[1, 3, 3.5728224380466767, -0.29847810721533485, 1] 1e+100
[1, 3, 0.7055778137984368, 2.2740236396111224, 1] 1e+100
[1, 3, 1.6406239196211754, 0.8783421570420209, 1] 1e+100
[1, 3, 4.172279922914999, 2.181063450598774, 1] 1e+100
[1, 3, 2.167705265685063, 0.7726983679350314, 1] 1e+100
[1, 3, 3.800778029067513, 3.676604308850692, 1] 1e+100
[1, 3, 4.117824538426132, 4.144304517950535, 1] 1e+100
[1, 3, 4.478610226877151, 4.017326514609565, 1] 1e+100
[1, 3, -0.322000815113229, 2.0403941395453042, 1] 0.03998091437257
[1, 3, 2.147618371494004, 1.1456662325249276, 1] 1e+100
[1, 3, 1.175802446992118, -0.37830934653597037, 1] 1e+100
[1, 3, -0.01437112452512479, 1.3933024750845675, 1] 0.04532744762787
[1, 3, 0.07606081851993163, 3.104671314492877, 1] 1e+100
[1, 3, 1.7055654649992045, -0.5816879369413994, 1] 1e+100
[1, 3, 2.0586282124422395, 2.7857472995351182, 1] 1e+100
[1, 3, 0.8193902044494275, 1.4441239017833691, 1] 1e+100
[1, 3, 3.619869597926386, 0.5642763119561138, 1] 1e+100
[1, 3, 0.45899581334823725, 1.9468752762986736, 1] 1e+100
[1, 3, 4.1314048427927235, 1.3011005073916468, 1] 1e+100
[1, 3, 4.878691003853178, 3.901665435806308, 1] 1e+100
[1, 3, 0.7933132022793727, 0.17396382813455302, 1] 1e+100
[1, 3, 1.002994519917947, 4.917185330197734, 1] 1e+100
[1, 3, 0.35429544675550395, -0.18237966727037014, 1] 1e+100
[1, 3, -0.733996292042483, 4.3239580687524874, 1] 1e+100
[1, 3, 1.1560154360821882, 3.328961660095743, 1] 1e+100
[1, 3, 4.973429990743323, -0.9431141524542235, 1] 1e+100
[1, 3, -0.2870309918625882, 3.2526849603008303, 1] 1e+100
[1, 3, 0.7989430017734231, -0.36974216224043177, 1] 1e+100
[1, 3, 0.29054446418191016, 2.589376176755132, 1] 0.05205679167721
[1, 3, 2.295635492592888, 3.951545036773725, 1] 1e+100
[1, 3, 4.272560226615699, 1.5563436341430368, 1] 1e+100
[1, 3, 3.1896185518153626, 4.454523571159798, 1] 1e+100
[1, 3, -0.47114717916734783, 0.8758421929275011, 1] 0.03600956796045
[1, 3, 4.977278258533858, 3.281848077420605, 1] 1e+100
[1, 3, 3.775423391856573, 4.676616522413989, 1] 1e+100
[1, 3, 4.001855229854405, 1.1136390894094257, 1] 1e+100
[1, 3, 4.280606393994668, 4.117252656812125, 1] 1e+100
[1, 3, 0.4599123856745717, 4.394711608198751, 1] 1e+100
[1, 3, 1.0447007102467243, 1.069562664599247, 1] 1e+100
[1, 3, 3.8387696031873055, 0.47044631707448437, 1] 1e+100
[1, 3, 1.981608923710057, 2.535770015688006, 1] 1e+100
[1, 3, 3.248408348294075, 1.1657815818865562, 1] 1e+100
[1, 3, 3.4948920523289075, 0.4409495816858422, 1] 1e+100
[1, 3, 0.8818691688583709, -0.4456026885319275, 1] 1e+100
[1, 3, -0.2896831683627996, 1.33848526680889, 1] 0.03964922046855
[1, 3, 1.7981710768960921, -0.6311438959175268, 1] 1e+100
[1, 3, -0.7803643609267676, -0.21953950965958935, 1] 0.02976263353128
[1, 3, 0.15212303114423276, 1.5252830491166467, 1] 0.04894934088066
[1, 3, 1.4808489352553384, 0.1768430319089065, 1] 1e+100
[1, 3, -0.9178123744612914, 0.14972774006282674, 1] 0.02881925592412
[1, 3, 3.8549819822234337, -0.755823916397999, 1] 1e+100
[1, 3, 3.19769507554144, 4.254042935671563, 1] 1e+100
[1, 3, 2.4242437591098094, 4.3876269050064405, 1] 1e+100
[1, 3, 0.8597879760522515, 4.624979572963855, 1] 1e+100
[1, 3, 3.304952088992394, 0.8503444914080005, 1] 1e+100
[1, 3, 4.506109281035602, 2.3357619761823276, 1] 1e+100
[1, 3, 1.6446082154416874, 1.4471587171409572, 1] 1e+100
[1, 3, 4.402702292312833, 1.2337637134611699, 1] 1e+100
[1, 3, 4.360612109799132, 0.8844724772377417, 1] 1e+100
[1, 3, 1.1849128339644706, 0.5856568656673016, 1] 1e+100
[1, 3, 4.441961044595118, 0.18075584704139125, 1] 1e+100
[1, 3, 4.602534630522309, 0.028286504405721224, 1] 1e+100
[1, 3, 4.147454992581538, 1.0319512699715174, 1] 1e+100
[1, 3, 1.9964005878286297, 3.3834649735903426, 1] 1e+100
[1, 3, 3.792553348449432, 0.4004494564712353, 1] 1e+100
[1, 3, 1.96238458333286, 1.5146404540761451, 1] 1e+100
[1, 3, -0.1418335194340936, -0.8794934923024584, 1] 0.04465143303223
[1, 3, 3.101619576987571, 0.07454960842849001, 1] 1e+100
[1, 3, 3.308964683383067, 2.8739972955153705, 1] 1e+100
[1, 3, 1.299480521066012, 1.3972769631149013, 1] 1e+100
[1, 3, 3.1208428300318225, 4.795293678174052, 1] 1e+100
[1, 3, 1.9298731618954408, 3.270107879101756, 1] 1e+100
[1, 3, 0.2265920154418395, 1.4672425763841823, 1] 0.05073687027678
[1, 3, 4.475390572376363, 4.284847802179161, 1] 1e+100
[1, 3, 0.417698621882036, 2.627608162030638, 1] 0.05459354417893
[1, 3, -0.3875857013003572, 0.5903903088419467, 1] 0.03762283849679
[1, 3, 0.6772271012795177, 3.6459561495861657, 1] 1e+100
[1, 3, -0.46893460478086935, -0.8594016878806754, 1] 0.03586806906399
[1, 3, 4.424957938476775, 4.614385060164991, 1] 1e+100
[1, 3, -0.6663871485629629, -0.6117405632594228, 1] 0.03147071956442
[1, 3, 2.9098318946988755, 4.648504469528699, 1] 1e+100
[1, 3, 0.24690825297339392, 3.480328288351677, 1] 1e+100
[1, 3, 1.403164318505131, 2.3820761942937256, 1] 1e+100
[1, 3, 2.693179199811937, 2.445161797926695, 1] 1e+100
[1, 3, 1.7817506100292642, 0.6206429435431255, 1] 1e+100
[1, 3, 0.016089694109680863, -0.06141945307334229, 1] 0.04769980154508
[1, 3, 2.441190156263335, -0.9549717682404768, 1] 1e+100
[1, 3, -0.5448894288454444, 4.550798021602997, 1] 1e+100
[1, 3, 1.6153093839709234, 4.0557082268928735, 1] 1e+100
[1, 3, 4.0983961281310375, 3.085880516516897, 1] 1e+100
[1, 3, 2.1548961288925588, 1.1812046462555408, 1] 1e+100
[1, 3, 2.9519875185503266, -0.5937196179473307, 1] 1e+100
[1, 3, 1.0123952661929811, -0.9852586439867776, 1] 1e+100
[1, 3, 1.4703994431458067, 3.9455031331086428, 1] 1e+100
[1, 3, 0.2714503469767209, 3.225765579951265, 1] 1e+100
[1, 3, -0.17215832164051026, 2.267855745384413, 1] 0.04307042467629
[1, 3, 4.717738875038696, 4.719412562027332, 1] 1e+100
[1, 3, 0.6589859758957526, 0.15222202873949686, 1] 1e+100
[1, 3, 4.992033713178382, 1.0673309848336965, 1] 1e+100
[1, 3, 1.813850653245085, 2.0408204389370703, 1] 1e+100
[1, 3, 3.316976863218904, 3.816742047885649, 1] 1e+100
[1, 3, 0.5341009856031274, 4.132334271836904, 1] 1e+100
[1, 3, 2.0751197746964833, 1.248982842398715, 1] 1e+100
[1, 3, -0.43467372371580515, 2.744979233466337, 1] 0.0421879922394
[1, 3, 0.9191964335749312, 1.3121370254066531, 1] 1e+100
[1, 3, -0.5590340461681793, 3.708852097547669, 1] 1e+100
[1, 3, 3.3909807433675496, 1.9775598911829775, 1] 1e+100
[1, 3, 1.0566453978979897, -0.8720401636240973, 1] 1e+100
[1, 3, 4.130305456298666, 4.198812277241686, 1] 1e+100
[1, 3, 1.7359874592556892, 3.184894195706021, 1] 1e+100
[1, 3, -0.4407980327111072, 3.554032879858232, 1] 1e+100
[1, 3, 0.2563911938898151, 1.2793655063707483, 1] 0.05171429595917
[1, 3, -0.5986820677948181, 0.9381098894222875, 1] 0.0337312177532
[1, 3, 3.0660402884087015, 4.289182637125454, 1] 1e+100
[1, 3, 2.0967138509640817, 3.7294787775096374, 1] 1e+100
[1, 3, 4.520313419222469, 2.2380681120953447, 1] 1e+100
[1, 3, 1.5178599961701424, 2.9018303558177863, 1] 1e+100
[1, 3, 4.450419479063184, -0.08160904476699193, 1] 1e+100
[1, 3, 0.5342069738929767, 3.0554754893538583, 1] 1e+100
[1, 3, 0.45521916159271547, -0.49164576075757727, 1] 1e+100
[1, 3, 3.870446987995442, 3.49134133958385, 1] 1e+100
[1, 3, 2.704756772652397, 4.701995191748346, 1] 1e+100
[1, 3, 4.989653603928658, 0.3406034003610223, 1] 1e+100
[1, 3, 3.964647220939156, -0.18103241689578597, 1] 1e+100
[1, 3, -0.23204441096243889, 0.5060537379383052, 1] 0.04099894748362
[1, 3, 4.591210981615719, 0.7371716252035494, 1] 1e+100
[1, 3, 3.26755909038512, 1.246844702811754, 1] 1e+100
[1, 3, 0.07872161972948044, 2.3483630525147605, 1] 0.0476497062415
[1, 3, 0.5433924606878187, 0.8646981741769184, 1] 1e+100
[1, 3, 0.21210418156249466, 4.8536869620965195, 1] 1e+100
[1, 3, -0.6942528304378262, 4.371960014534136, 1] 1e+100
[1, 3, 4.715089757002486, 4.38589138302757, 1] 1e+100
[1, 3, 3.222772713562537, 4.393015922995379, 1] 1e+100
[1, 3, 2.645619048993401, 0.08044568338788216, 1] 1e+100
[1, 3, 3.2132760867840693, 0.9655132146712613, 1] 1e+100
[1, 3, 0.5297772903395133, 4.876282697263211, 1] 1e+100
[1, 3, 4.082842697250456, 2.605792264636083, 1] 1e+100
[1, 3, 1.3806290199476159, -0.16145887642169443, 1] 1e+100
[1, 3, 0.9411953194160416, 1.0026958971870474, 1] 1e+100
[1, 3, -0.6319156561715504, 2.4379612295831454, 1] 0.03774231874282
[1, 3, 4.488318703487341, 2.186466730541688, 1] 1e+100
[1, 3, 4.013924545736776, 4.5476144434866805, 1] 1e+100
[1, 3, -0.5965418841228658, 3.4007143847057515, 1] 1e+100
[1, 3, 0.5712175437278753, 2.3623903111507625, 1] 1e+100
[1, 3, 0.22386857727302933, 4.838346264672975, 1] 1e+100
[1, 3, 3.3953441504532877, 2.0535036367836907, 1] 1e+100
[1, 3, 0.7035888171258715, 3.0088220818123608, 1] 1e+100
[1, 3, 4.7960407449471285, 0.017695239266747542, 1] 1e+100
[1, 3, 2.148250659055257, 4.121803338015838, 1] 1e+100
[1, 3, 3.260057100539923, 2.5997756731761763, 1] 1e+100
[1, 3, 3.380613810452129, 1.6481774922242542, 1] 1e+100
[1, 3, 0.8924696670158336, 4.243878878324772, 1] 1e+100
[1, 3, 4.86071399774848, 3.638295784662402, 1] 1e+100
[1, 3, 1.6313251510100608, 3.4373099206954842, 1] 1e+100
[1, 3, 1.9875703800182043, -0.23599692347455914, 1] 1e+100
[1, 3, 4.819845128380248, 4.800262907636309, 1] 1e+100
[1, 3, -0.7489674749982285, -0.6344085545856102, 1] 0.02982986451504
[1, 3, 4.175578955858765, 1.8426709619072579, 1] 1e+100
[1, 3, 0.5497128166510856, 3.4617093050042467, 1] 1e+100
[1, 3, -0.12432657646853973, 2.268215347677729, 1] 0.04387198173164
[1, 3, 2.7076627327397436, 3.0520793797809453, 1] 1e+100
[1, 3, 4.620829512728413, -0.13346971749271908, 1] 1e+100
[1, 3, 4.7331177381739575, 3.6190174908885933, 1] 1e+100
[1, 3, -0.8167456763941059, 0.8117535353207908, 1] 0.03030966502485
[1, 3, 1.212557634347971, 4.144595431416645, 1] 1e+100
[1, 3, -0.7314535453809148, 0.8830095902113468, 1] 0.03153779863766
[1, 3, -0.7483048501115341, 0.43078732374251594, 1] 0.03089208341366
[1, 3, -0.4953562129272526, 4.81345249825752, 1] 1e+100
[1, 3, 4.7644730149734205, 1.604960325199194, 1] 1e+100
[1, 3, 0.12578063873100254, 4.183586855217218, 1] 1e+100
[1, 3, 0.49718247332399645, 1.3099190295607825, 1] 1e+100
[1, 3, 0.2600842824793481, 1.6273320817927077, 1] 0.05133736097907
[1, 3, -0.6726712942112794, -0.7143267053621298, 1] 0.03126181714642
[1, 3, 3.987311686925067, 3.651729046029983, 1] 1e+100
[1, 3, 2.047864158353515, 0.7977124822195618, 1] 1e+100
[1, 3, -0.7534641844707641, -0.6269089926033025, 1] 0.02975497138326
[1, 3, 3.164228583919293, -0.8233360599291994, 1] 1e+100
[1, 3, 4.5168074243215255, -0.6921691838509088, 1] 1e+100
[1, 3, 1.287845896239297, 2.2970444274751194, 1] 1e+100
[1, 3, 4.799079979830466, -0.5854440258085958, 1] 1e+100
[1, 3, 4.590731230201343, 2.990107663025767, 1] 1e+100
[1, 3, 0.6482420643341269, 1.0363386264728698, 1] 1e+100
[1, 3, -0.8757956974033687, -0.39017296152590353, 1] 0.02823730799176
[1, 3, 4.133988222990058, 4.594968669465941, 1] 1e+100
[1, 3, 3.1125038407383405, 3.245009575296292, 1] 1e+100
[1, 3, 0.4582911226043067, 4.430381088046463, 1] 1e+100
[1, 3, 1.646265984493878, 1.072705095466274, 1] 1e+100
[1, 3, 4.738061327045302, -0.7631808095559622, 1] 1e+100
[1, 3, 3.8975574500940686, -0.09903642458674744, 1] 1e+100
[1, 3, 4.82968397800014, 4.134405748829785, 1] 1e+100
[1, 3, -0.07595479518909731, 3.2304402877992136, 1] 1e+100
[1, 3, -0.8488829026725755, -0.29202302974200545, 1] 0.02868470618234
[1, 3, -0.2989733440039901, 4.622217250092342, 1] 1e+100
[1, 3, 1.3603222868364209, 1.3505856884950198, 1] 1e+100
[1, 3, 2.1361061155096537, 0.7320803928017368, 1] 1e+100
[1, 3, 4.595556443653076, 1.1458988038023774, 1] 1e+100
[1, 3, -0.15568252366816138, 4.635001531439748, 1] 1e+100
[1, 3, 3.7414316952565425, 2.3488292954710186, 1] 1e+100
[1, 3, -0.7049152806721042, 1.3495984166950503, 1] 0.03251027184424
[1, 3, -0.9610541376029196, 4.056823693845918, 1] 1e+100
[1, 3, 1.1712022540083478, 2.728852186345131, 1] 1e+100
[1, 3, 0.06359877463759123, 4.230923452275033, 1] 1e+100
[1, 3, 0.5148891630834576, 1.9365290055506117, 1] 1e+100
[1, 3, 0.01003072280376438, 4.250889802219974, 1] 1e+100
[1, 3, 0.33550731719637494, 4.606716711000333, 1] 1e+100
[1, 3, 4.677470466193773, 0.4669976756185643, 1] 1e+100
[1, 3, 1.994459020048084, 0.3145022600134928, 1] 1e+100
[1, 3, 4.515275921084736, 0.8211568602726362, 1] 1e+100
[1, 3, 3.5636536987463012, -0.1858867401378208, 1] 1e+100
[1, 3, 1.1938417233637661, 1.560573062108932, 1] 1e+100
[1, 3, 1.36321109343708, -0.38955575091089845, 1] 1e+100
[1, 3, 3.5068191686845447, 0.3410226311019746, 1] 1e+100
[1, 3, -0.12948652779350156, 4.232055430993601, 1] 1e+100
[1, 3, 2.726017094185314, 2.9018612750255084, 1] 1e+100
[1, 3, 3.925443701944163, 0.33684129940388274, 1] 1e+100
[1, 3, 4.293700314750826, -0.532283082742933, 1] 1e+100
[1, 3, 4.567460805402825, 4.754463471625219, 1] 1e+100
[1, 3, 4.199832558494002, 1.6265377171667774, 1] 1e+100
[1, 3, -0.6370088703281807, 3.8183981822941657, 1] 1e+100
[1, 3, 4.6519368348094625, 3.4820007887291844, 1] 1e+100
[1, 3, 2.845230846596958, 4.367828268445015, 1] 1e+100
[1, 3, 1.5000184659619507, 3.0647105479339443, 1] 1e+100
[1, 3, 1.984015944990595, -0.3764325556501784, 1] 1e+100
[1, 3, 1.7585722324762116, -0.7932434206803067, 1] 1e+100
[1, 3, -0.8460460061487116, 2.942931675158773, 1] 0.04260190856122
[1, 3, 2.9487257916478873, 2.4915025511372555, 1] 1e+100
[1, 3, -0.2621828484081652, 0.678022773950274, 1] 0.04026032936474
[1, 3, 4.4169411372294185, 1.7799425463590115, 1] 1e+100
[1, 3, 2.9420637570913386, 2.4126298209415866, 1] 1e+100
[1, 3, 1.893732000223478, -0.03564114446534106, 1] 1e+100
[1, 3, 4.830548506929589, 1.354584139864269, 1] 1e+100
[1, 3, 4.031704327559875, 3.7310534032474063, 1] 1e+100
[1, 3, 3.0156409392829904, 3.6168766639690766, 1] 1e+100
[1, 3, 0.4183430572982245, 3.090751700465983, 1] 1e+100
[1, 3, 0.4321269250586155, 4.68686580290207, 1] 1e+100
[1, 3, 4.430812943819839, 0.9276531184389969, 1] 1e+100
[1, 3, 1.3378256958723203, 0.31478924887657556, 1] 1e+100
[1, 3, -0.08957478615867753, 0.4830145019414409, 1] 0.04432767803797
[1, 3, 1.8051503496605, 1.3735197132879389, 1] 1e+100
[1, 3, 0.21479153572296017, 0.8871114447702375, 1] 0.05132233408346
[1, 3, 1.7256070714622131, 3.6756601038359804, 1] 1e+100
[1, 3, 3.649553050284072, 2.104499166329873, 1] 1e+100
[1, 3, -0.11149502173526349, 1.7583585998686408, 1] 0.04332779519297
[1, 3, 3.3284551396864543, 3.5824410655849004, 1] 1e+100
[1, 3, 0.18146801531296552, 4.4815887259613225, 1] 1e+100
[1, 3, 4.2478842317902545, 2.4932610432047513, 1] 1e+100
[1, 3, 1.8169188898017605, -0.1042022454618099, 1] 1e+100
[1, 3, 0.6222846086079716, 4.3439069316200545, 1] 1e+100
[1, 3, 4.343834025569743, 3.295922633149692, 1] 1e+100
[1, 3, -0.35566672897105645, 1.2570460669252546, 1] 0.03834572788958
[1, 3, 1.0738116655250751, 0.15818887471612353, 1] 1e+100
[1, 3, 0.02777598584195462, 1.4191197668066087, 1] 0.04623790407212
[1, 3, 3.0440978452508194, 2.1135102249909083, 1] 1e+100
[1, 3, -0.8666445453005869, 2.4581739025425913, 1] 0.03625180556991
[1, 3, 3.3624383618363085, 0.06640174426205459, 1] 1e+100
[1, 3, 2.343678238455655, 4.628875044786975, 1] 1e+100
[1, 3, -0.7228120390734114, 3.388533565960108, 1] 1e+100
[1, 3, 0.6837716313329809, 2.067903508061493, 1] 1e+100
[1, 3, 0.011892666088231918, 4.800799465433563, 1] 1e+100
[1, 3, 1.872923106593861, -0.2400122735614303, 1] 1e+100
[1, 3, 1.2634454324691506, -0.9708642897417834, 1] 1e+100
[1, 3, 0.9379913770344495, 1.154187131011331, 1] 1e+100
[1, 3, 1.8962216776048457, 3.1165171081336345, 1] 1e+100
[1, 3, -0.10423994377653911, 2.938366641867331, 1] 0.04734687356433
[1, 3, 3.044630665884905, 2.6877573325404813, 1] 1e+100
[1, 3, -0.1106755412874374, 1.0077409639608494, 1] 0.04342496607447
[1, 3, 3.5081990853332288, 4.277742163156498, 1] 1e+100
[1, 3, 4.468421601623748, 3.986344601740373, 1] 1e+100
[1, 3, 4.00415210088911, 3.3102978983205027, 1] 1e+100
[1, 3, 3.958706976317096, 4.441254268843129, 1] 1e+100
[1, 3, 4.3934934188236845, 1.980595566458888, 1] 1e+100
[1, 3, 3.022263499196468, 0.25286315220084066, 1] 1e+100
[1, 3, 3.5608653920833477, -0.40138726217019305, 1] 1e+100
[1, 3, -0.5639050599284463, 4.972205995652266, 1] 1e+100
[1, 3, 1.1806903629315038, -0.49396455576994747, 1] 1e+100
[1, 3, 1.567100003733286, -0.2980600568176983, 1] 1e+100
[1, 3, -0.5941985013142432, 2.5629340307316433, 1] 0.03909638381279
[1, 3, 0.1710364625980958, 1.0027556301258604, 1] 0.05003650640368
[1, 3, 3.2390961211765346, 3.454119010505294, 1] 1e+100
[1, 3, 2.606569585485129, 3.1546412089087745, 1] 1e+100
[1, 3, 4.465771112959181, 0.39391979336059224, 1] 1e+100
[1, 3, 4.5231306134596725, 2.7730638913443197, 1] 1e+100
[1, 3, 1.3455680320150836, 0.6130794420152383, 1] 1e+100
[1, 3, 3.2423369262381945, 0.6002153407317619, 1] 1e+100
[1, 3, 4.550153291093238, 1.5747645455763712, 1] 1e+100
[1, 3, 1.0501361253161159, 3.913002332875478, 1] 1e+100
[1, 3, 0.9595011885877902, 3.5859762705662392, 1] 1e+100
[1, 3, 2.5210766655133154, -0.18520472416631661, 1] 1e+100
[1, 3, 2.8454906444412513, 0.6360900730389565, 1] 1e+100
[1, 3, 1.1760588259083633, 4.1714836880285535, 1] 1e+100
[1, 3, -0.9406577266281635, -0.9514641818991034, 1] 0.02687969797894
[1, 3, 0.1989038088274353, 4.144709647417024, 1] 1e+100
[1, 3, -0.8645790952670016, 3.9702702220348716, 1] 1e+100
[1, 3, 3.102393447855965, 1.1834116591440047, 1] 1e+100
[1, 3, -0.9821205314406796, -0.1950118049186247, 1] 0.03020638796958
[1, 3, 0.5369770248235466, -0.9036287797275391, 1] 1e+100
[1, 3, 0.8015677287580314, 2.336073734295996, 1] 1e+100
[1, 3, 1.9383211681742791, 1.3941086525317505, 1] 1e+100
[1, 3, 3.783284156369109, 3.81027443792952, 1] 1e+100
[1, 3, 2.844788636372744, 2.169557551375518, 1] 1e+100
[1, 3, 2.7120783358178997, 1.4474405893343807, 1] 1e+100
[1, 3, 3.311510516318192, -0.5771450431619969, 1] 1e+100
[1, 3, 3.6027732886866506, 2.135068669879096, 1] 1e+100
[1, 3, 3.208636088095373, -0.488733495129972, 1] 1e+100
[1, 3, 3.4591685083608317, -0.8661282258306156, 1] 1e+100
[1, 3, 2.2568787454708987, 0.44278024885202116, 1] 1e+100
[1, 3, 3.8641903237616555, -0.6314762068110542, 1] 1e+100
[1, 3, 1.9502741754813466, 1.6952324136685948, 1] 1e+100
[1, 3, 2.3957580322456478, 2.9721061934344846, 1] 1e+100
[1, 3, 2.6212070833360404, 3.9180991162416845, 1] 1e+100
[1, 3, 4.372630698210087, 2.597322690348528, 1] 1e+100
[1, 3, -0.36927842518387854, 2.5338627134694693, 1] 0.04136542382672
[1, 3, 4.994401057407541, 1.8611490274651068, 1] 1e+100
[1, 3, 2.2982969302545846, 4.843792719363131, 1] 1e+100
[1, 3, 0.893617511920461, 3.9323334577206968, 1] 1e+100
[1, 3, 2.6508718673273415, 2.381470572819658, 1] 1e+100
[1, 3, 2.8521708594579325, 3.1925438300444924, 1] 1e+100
[1, 3, 2.8350122579251815, 4.961724574827565, 1] 1e+100
[1, 3, 3.763369250368669, 4.8380931642539915, 1] 1e+100
[1, 3, -0.33048440791570144, 0.15088974815525202, 1] 0.03892182274961
[1, 3, 3.75163243067822, 4.055001611112868, 1] 1e+100
[1, 3, 2.1209043283838804, 4.933706607367841, 1] 1e+100
[1, 3, 1.8131544611311434, 4.626676864523523, 1] 1e+100
[1, 3, -0.17668568850938016, -0.4035779848924701, 1] 0.04302152208184
[1, 3, 0.7605230176687376, 2.8402069992746535, 1] 1e+100
[1, 3, -0.7959698769921111, -0.8553687467121223, 1] 0.02870368051849
[1, 3, -0.6355867428170447, 2.0971802000465507, 1] 0.03565355657354
[1, 3, 2.2041144521993425, 2.439557209465244, 1] 1e+100
[1, 3, 0.15421173970237634, 0.4080316617664521, 1] 0.05059833323364
[1, 3, 4.777792511773152, 1.3603975953082657, 1] 1e+100
[1, 3, 3.243680982528157, 0.24137222677973957, 1] 1e+100
[1, 3, -0.4101861693779867, 1.161578697771267, 1] 0.03727015593192
[1, 3, 1.035796348456346, 0.8153646862901016, 1] 1e+100
[1, 3, 2.4128034027536573, 3.978228031165721, 1] 1e+100
[1, 3, 0.18580314293372324, -0.7332598642246495, 1] 0.05420397056253
[1, 3, 1.6574747748640024, 1.1406606242109687, 1] 1e+100
[1, 3, 2.550096506304182, 1.6462700860455475, 1] 1e+100
[1, 3, 4.775595906858621, 1.8457485877633646, 1] 1e+100
[1, 3, 2.7634101677002807, -0.41798369956675696, 1] 1e+100
[1, 3, 1.6233203066935307, -0.6477808048759905, 1] 1e+100
[1, 3, 4.96044084945172, 0.918860450884051, 1] 1e+100
[1, 3, 0.17987576618315204, 0.5931483500946964, 1] 0.05094079537174
[1, 3, 2.3933214532202496, 3.633966828683719, 1] 1e+100
[1, 3, 3.521954279083282, 1.5024118564858, 1] 1e+100
[1, 3, 4.310554653131766, 3.2564709606819813, 1] 1e+100
[1, 3, -0.9006876686980534, 4.486513878979329, 1] 1e+100
[1, 3, 4.200123172417176, 2.3027685407530276, 1] 1e+100
[1, 3, 0.8635778345207406, 4.738394115206468, 1] 1e+100
[1, 3, 2.732394217740937, 4.615700122021819, 1] 1e+100
[1, 3, 3.986813699203971, -0.34943655555011466, 1] 1e+100
[1, 3, 3.024764931384688, 2.181360884846336, 1] 1e+100
[1, 3, 2.797567711250375, 4.127666676841706, 1] 1e+100
[1, 3, 4.135245950664032, 2.1214074032289743, 1] 1e+100
[1, 3, 0.3875801038783462, 0.10183046109336158, 1] 1e+100
[1, 3, 4.088271950116855, 0.3296127308213206, 1] 1e+100
[1, 3, 4.065441997045947, 0.4669878650874115, 1] 1e+100
[1, 3, 4.746308064004019, 3.5031900660686652, 1] 1e+100
[1, 3, 4.996708460456224, 2.062498254158705, 1] 1e+100
[1, 3, 4.292433368324131, 0.4080922222907535, 1] 1e+100
[1, 3, 0.8558374921510166, 2.6594216690557864, 1] 1e+100
[1, 3, 0.5803619094569348, -0.30165005224391184, 1] 1e+100
[1, 3, 4.009628069809925, 0.7865418503851684, 1] 1e+100
[1, 3, 4.5333071929977296, 4.069775138932325, 1] 1e+100
[1, 3, -0.5848582234207491, 2.635476594174598, 1] 0.03981487972102
[1, 3, 0.16004863395904212, -0.22347759819561075, 1] 0.05205208386767
[1, 3, 2.9199395586942156, 3.1132502365655768, 1] 1e+100
[1, 3, 3.639431026863374, 3.3901712419557484, 1] 1e+100
[1, 3, 3.7807827849473474, 4.645663601734646, 1] 1e+100
[1, 3, 4.078109808802325, -0.08504602400460226, 1] 1e+100
[1, 3, 0.556491930084785, -0.05236721757096907, 1] 1e+100
[1, 3, 0.9173009662590914, 1.6888161887828348, 1] 1e+100
[1, 3, 3.652766300261778, 3.363820925825207, 1] 1e+100
[1, 3, 4.576329061832504, -0.5437597464751769, 1] 1e+100
[1, 3, 4.085960449519379, -0.5556818608493801, 1] 1e+100
[1, 3, 3.5727956031056216, 4.004003564596861, 1] 1e+100
[1, 3, 4.193794126653295, 1.0251422151852903, 1] 1e+100
[1, 3, 0.7219534692069749, 1.7365624073538308, 1] 1e+100
[1, 3, 1.825725341933877, -0.7878020361432634, 1] 1e+100
[1, 3, 1.999277324601545, 4.271675967608333, 1] 1e+100
[1, 3, -0.2867028947997965, -0.9149770141469618, 1] 0.0406394438539
[1, 3, 2.5475556886767334, 4.9248518780761215, 1] 1e+100
[1, 3, 1.458482171725349, 0.843409991507301, 1] 1e+100
[1, 3, -0.8458443965632194, 2.45179448257234, 1] 0.03625228033071
[1, 3, 4.291035974276562, -0.40068683182442477, 1] 1e+100
[1, 3, -0.3917104590122993, -0.5207133637841868, 1] 0.03766811359146
[1, 3, 3.89974794196824, -0.14921121121983627, 1] 1e+100
[1, 3, 3.3029791307477288, 1.1601922906511044, 1] 1e+100
[1, 3, 3.6292871477759725, 4.836412811557319, 1] 1e+100
[1, 3, 0.7992950138583321, 0.2534909665410916, 1] 1e+100
[1, 3, -0.4636033537288091, 2.8176166437027526, 1] 0.04259728768317
[1, 3, 1.654880494169844, 3.2882408785114796, 1] 1e+100
[1, 3, -0.7882063647429041, 3.8618271244396603, 1] 1e+100
[1, 3, 2.080265958808499, -0.7925336977086597, 1] 1e+100
[1, 3, 1.2216541802459475, 1.4472337208115507, 1] 1e+100
[1, 3, 0.06918477207396134, 3.2743459363797394, 1] 1e+100
[1, 3, 2.8721063630056394, 0.31031176489329915, 1] 1e+100
[1, 3, 0.8919673492460463, -0.756094849690961, 1] 1e+100
[1, 3, 2.2766606766573334, 1.2151082741703938, 1] 1e+100
[1, 3, -0.14977865286498937, 0.3544891809548496, 1] 0.04300137258877
[1, 3, 1.52807748033478, 1.4397853219922112, 1] 1e+100
[1, 3, -0.8992577566775817, 0.3509930099126828, 1] 0.02909625665425
[1, 3, 4.575597428159295, 3.2185635388341103, 1] 1e+100
[1, 3, 2.265243681241328, 2.639647168126695, 1] 1e+100
[1, 3, 0.35412249682720653, -0.16151292185490718, 1] 1e+100
[1, 3, -0.6301518028985722, 4.089834379895288, 1] 1e+100
[1, 3, 0.7058165735528188, 2.234546936528215, 1] 1e+100
[1, 3, 1.8263961560051953, 3.0152123707960907, 1] 1e+100
[1, 3, 4.421652129410623, -0.6829567176675888, 1] 1e+100
[1, 3, -0.814439840628594, 0.980102960221473, 1] 0.03053019484467
[1, 3, 3.9578368909085597, -0.19276922142014685, 1] 1e+100
[1, 3, 1.6251419808483276, 1.3463516863526785, 1] 1e+100
[1, 3, -0.963956696385587, 0.2443137839123164, 1] 0.02964412336162
[1, 3, 1.9523478535019265, -0.7550585606930404, 1] 1e+100
[1, 3, -0.9778360118023819, 2.0260005436685087, 1] 0.03427906360438
[1, 3, -0.6334933978517816, 1.7619607885788935, 1] 0.03443728545759
[1, 3, 1.084807147934427, 3.580558619691149, 1] 1e+100
[1, 3, 2.441166596456114, -0.659398752541096, 1] 1e+100
[1, 3, -0.5646075313021592, 1.6813927197623997, 1] 0.03525144806103
[1, 3, 0.618379117386308, 1.6279733787577362, 1] 1e+100
[1, 3, 0.1569427149380611, 1.3569961445207097, 1] 0.04922798276123
[1, 3, 4.010640663963404, -0.5627411956717401, 1] 1e+100
[1, 3, 1.8382673032709702, 4.184755302910096, 1] 1e+100
[1, 3, 3.1674481278928592, 1.6255117445984988, 1] 1e+100
[1, 3, 2.4485561224206664, 3.6844907130209554, 1] 1e+100
[1, 3, 2.548495945495015, -0.18447703007338112, 1] 1e+100
[1, 3, -0.403976771677792, 1.7671259614458221, 1] 0.03801539722445
[1, 3, 2.4171559552627992, -0.5941731831754464, 1] 1e+100
[1, 3, 1.3616145836071696, -0.6857730193852296, 1] 1e+100
[1, 3, -0.5399398751129043, -0.2880946829288391, 1] 0.0343027949036
[1, 3, 0.8320726675817074, 2.9529815874991256, 1] 1e+100
[1, 3, 2.4678295471637464, 1.2236348843636131, 1] 1e+100
[1, 3, 3.6497639605868892, 4.752132671092378, 1] 1e+100
[1, 3, 4.44157783753435, -0.9466669797917648, 1] 1e+100
[1, 3, 0.5915675572521077, 2.668756015811085, 1] 1e+100
[1, 3, 1.847931180547885, -0.9701382138317969, 1] 1e+100
[1, 3, 2.5453039289309816, 1.814366805449251, 1] 1e+100
[1, 3, -0.42819272333642, 1.4914001101087377, 1] 0.0371925286324
[1, 3, -0.792825895573561, 4.181060384140046, 1] 1e+100
[1, 3, 0.9590760071302851, 3.0229982487117706, 1] 1e+100
[1, 3, 1.8938072416404292, 1.599452200231534, 1] 1e+100
[1, 3, -0.2940796324598094, -0.566747125970116, 1] 0.04012291093698
[1, 3, 3.1299734632676968, 1.337591505183099, 1] 1e+100
[1, 3, 1.3687583045739897, 0.9382218332465504, 1] 1e+100
[1, 3, 3.2111464443214306, 1.8236515139287994, 1] 1e+100
[1, 3, 3.0039830515029946, 3.1418697129978277, 1] 1e+100
[1, 3, -0.3100900496002206, -0.7045054549636773, 1] 0.03981412225919
[1, 3, 1.7344440644494412, 2.6664794409111092, 1] 1e+100
[1, 3, -0.485490495793818, 2.7700535673725417, 1] 0.04194503198947
[1, 3, 2.0140368307014533, 3.0141470300446676, 1] 1e+100
[1, 3, -0.5174963571054798, 2.55650761848507, 1] 0.03980846683959
[1, 3, 1.690642102867336, 4.137847786694008, 1] 1e+100
[1, 3, 2.4938061550326767, -0.8230882057221158, 1] 1e+100
[1, 3, 4.855290698443773, 4.837068348759944, 1] 1e+100
[1, 3, 1.9167886979050253, 2.7415124084810576, 1] 1e+100
[1, 3, 1.7610698200322616, 2.529283413303883, 1] 1e+100
[1, 3, 4.880776440199692, 3.825904088055715, 1] 1e+100
[1, 3, 0.19253461621193413, 1.8035079427496195, 1] 0.04966295923094
[1, 3, 3.511506199199947, 1.4581580081405239, 1] 1e+100
[1, 3, -0.20578288009386347, -0.1562460245669326, 1] 0.04204392999347
[1, 3, 2.406050232202836, 0.6554403003978297, 1] 1e+100
[1, 3, 4.44435609144494, -0.13796684694781813, 1] 1e+100
[1, 3, 2.0460590459285397, 3.831331165997586, 1] 1e+100
[1, 3, -0.9826712992356121, 3.2636976986106845, 1] 1e+100
[1, 3, 0.6868777103547612, -0.6940773738528425, 1] 1e+100
[1, 3, 0.4779542007723028, 1.5730835418041442, 1] 1e+100
[1, 3, 1.4519838282928164, 3.049038730287582, 1] 1e+100
[1, 3, 0.4707823158368034, 2.3521486027652285, 1] 1e+100
[1, 3, 1.7141205741737107, 4.704409336541531, 1] 1e+100
[1, 3, 1.7658054717787781, 4.074442813601191, 1] 1e+100
[1, 3, 1.0778430478879297, -0.5066368706691002, 1] 1e+100
[1, 3, 2.9305618145825196, 2.81614422989735, 1] 1e+100
[1, 3, 2.4395906242408474, 4.7142189838537725, 1] 1e+100
[1, 3, 4.976656153972835, 3.192736368017891, 1] 1e+100
[1, 3, 1.5214278622460151, 4.163079052778375, 1] 1e+100
[1, 3, 4.247810692974738, 2.814413846387718, 1] 1e+100
[1, 3, -0.31197135178359203, 0.2805741251593188, 1] 0.03929900445805
[1, 3, 2.2993169626721857, 0.2273734552419837, 1] 1e+100
[1, 3, 3.4847363610772852, 1.3604409416797072, 1] 1e+100
[1, 3, 1.5933584317114837, 2.0619018592805904, 1] 1e+100
[1, 3, -0.13133703949328623, 2.618114857017579, 1] 0.0450505806834
[1, 3, 3.964465857118892, 4.132822441667784, 1] 1e+100
[1, 3, -0.46937176050382834, 3.140701579457141, 1] 1e+100
[1, 3, -0.2877710662460078, 3.0325214871404462, 1] 0.04628286095016
[1, 3, 2.1303512007916727, 1.4541676469050833, 1] 1e+100
[1, 3, 1.4221743344597364, 3.8484037042324832, 1] 1e+100
[1, 3, 4.474466311499231, 0.07264624789992413, 1] 1e+100
[1, 3, 3.811993556306409, -0.7700838767635894, 1] 1e+100
[1, 3, 0.23582232254466184, 4.611825090061315, 1] 1e+100
[1, 3, 1.4600530926233297, -0.15071189725814627, 1] 1e+100
[1, 3, 3.1001695342646762, 0.2499116482481969, 1] 1e+100
[1, 3, 4.197220207419538, 1.9514973537313676, 1] 1e+100
[1, 3, 3.7851528465009574, 4.134036774908973, 1] 1e+100
[1, 3, 2.429671060612833, -0.6709504751281181, 1] 1e+100
[1, 3, -0.8388448567930884, 4.3495311448890295, 1] 1e+100
[1, 3, 1.3659886316321428, 4.24831812566969, 1] 1e+100
[1, 3, 4.606844671840227, 3.999054183520766, 1] 1e+100
[1, 3, 3.8055024649786766, 1.7796614969515434, 1] 1e+100
[1, 3, 3.00574568670368, 2.0871907439979736, 1] 1e+100
[1, 3, 3.3095233954949936, -0.7967649820824381, 1] 1e+100
[1, 3, 0.41129227138906654, 2.302628017115829, 1] 0.05429761058628
[1, 3, 3.63782045582934, -0.34950033041540274, 1] 1e+100
[1, 3, 3.2468504362285504, 3.1845009401192756, 1] 1e+100
[1, 3, 4.53893269391971, 4.531108627954108, 1] 1e+100
[1, 3, 0.524057849543385, 3.1840698110633845, 1] 1e+100
[1, 3, 3.830473399286017, 2.0504585422227986, 1] 1e+100
[1, 3, -0.1895914744215974, 3.4841851002986948, 1] 1e+100
[1, 3, 3.8503504216402193, 0.21410063221249853, 1] 1e+100
[1, 3, 4.6651799133316825, 2.9371693463739152, 1] 1e+100
[1, 3, -0.41700145622836615, 0.8411782204896459, 1] 0.03704599834635
[1, 3, -0.3505830454041956, 4.200530533330098, 1] 1e+100
[1, 3, 3.6061863766202205, 2.5291301429940587, 1] 1e+100
[1, 3, 1.0839570042590045, 1.5860837331914412, 1] 1e+100
[1, 3, 1.1271271470744368, 4.366883042951602, 1] 1e+100
[1, 3, 0.937555568796927, 1.1147229355178343, 1] 1e+100
[1, 3, 0.2223508748409293, 0.6389325042595806, 1] 0.05197169275247
[1, 3, -0.23211141452899664, 4.582119248118305, 1] 1e+100
[1, 3, 2.7403527151373694, -0.6697470099181126, 1] 1e+100
[1, 3, 2.105318565014353, 2.365849511824493, 1] 1e+100
[1, 3, 2.556721660520602, 3.2371295785389638, 1] 1e+100
[1, 3, 3.0639660101328987, 0.46154958137313273, 1] 1e+100
[1, 3, 3.6158614102141513, 0.5722974607515212, 1] 1e+100
[1, 3, 3.4724015660852237, -0.7527179401608375, 1] 1e+100
[1, 3, -0.5469853353080212, 2.1950552670629233, 1] 0.03724329325975
[1, 3, 1.0098968714066934, 1.717679895509825, 1] 1e+100
[1, 3, -0.026627677630839175, -0.05749585638164145, 1] 0.04655068345796
[1, 3, 3.8149600689533623, 3.5762703862090266, 1] 1e+100
[1, 3, 2.730401528054882, 0.8501770590771314, 1] 1e+100
[1, 3, -0.7678002411010394, 0.07178713238280743, 1] 0.03026881789776
[1, 3, 4.051976493985882, 1.1790874224525143, 1] 1e+100
[1, 3, 0.9800917881428881, 1.9682293442162577, 1] 1e+100
[1, 3, 3.6878992658897713, 2.082398480651314, 1] 1e+100
[1, 3, 3.108638012588223, 0.0641206541835535, 1] 1e+100
[1, 3, 0.9860082325862085, -0.9120399068947085, 1] 1e+100
[1, 3, 0.7887715955451446, 0.28475065838548486, 1] 1e+100
[1, 3, -0.09627243507054462, 1.8431500125117903, 1] 0.04368438627948
[1, 3, 0.16145392475061615, -0.8358265777657976, 1] 0.05375270276716
[1, 3, -0.8285578049161746, -0.11919661488469768, 1] 0.02917409914095
[1, 3, 4.66598106565433, 4.783997047409688, 1] 1e+100
[1, 3, 3.393870009948749, 0.881521883675523, 1] 1e+100
[1, 3, 3.0772624589224105, 1.8426621220611525, 1] 1e+100
[1, 3, -0.012061941111658037, -0.44346079318007936, 1] 0.04757214471535
[1, 3, 3.0307772626939506, 1.278938689876016, 1] 1e+100
[1, 3, 4.304681589905486, 1.6998175986947293, 1] 1e+100
[1, 3, 0.9156978456733105, 2.307005938389818, 1] 1e+100
[1, 3, -0.08914236935393105, 2.1137651541234965, 1] 0.04415463364665
[1, 3, 4.611775154971823, 1.6552006946567488, 1] 1e+100
[1, 3, 1.307649854830331, 2.6068079580021424, 1] 1e+100
[1, 3, 1.5288144640407735, 3.460852521295651, 1] 1e+100
[1, 3, -0.9247989081931334, 1.682570669449178, 1] 0.03140782438702
[1, 3, 0.7818350874267364, 4.004153425905005, 1] 1e+100
[1, 3, 0.831030466857543, 2.9557798973591023, 1] 1e+100
[1, 3, -0.19517380346817625, 1.2744390295454853, 1] 0.04153027491393
[1, 3, 0.8018041893682424, 1.1879265111920336, 1] 1e+100
[1, 3, 0.5841282569125286, -0.8005334641832318, 1] 1e+100
[1, 3, 2.626474394255136, 3.075104386044015, 1] 1e+100
[1, 3, 2.4242604958919953, -0.8580164021708232, 1] 1e+100
[1, 3, 3.094955439013974, 2.9754952076845553, 1] 1e+100
[1, 3, 3.5947369761303083, 4.531478272568177, 1] 1e+100
[1, 3, -0.6965939327368988, 3.5546718131410735, 1] 1e+100
[1, 3, 1.3255432406860725, 0.36326677130589813, 1] 1e+100
[1, 3, 1.7193631155185347, -0.1457946209943073, 1] 1e+100
[1, 3, 1.2404197803252575, 1.5993885135230688, 1] 1e+100
[1, 3, 2.2976909888774983, 3.9924429917222177, 1] 1e+100
[1, 3, 2.1062243362673128, 3.206964762253378, 1] 1e+100
[1, 3, 2.070619740551164, 2.3772535646344477, 1] 1e+100
[1, 3, 2.2542585966096698, 1.1857789748033474, 1] 1e+100
[1, 3, 0.7891294788172967, -0.10857622892165386, 1] 1e+100
[1, 3, 2.233651536013739, 3.7044810212026453, 1] 1e+100
[1, 3, 4.92931722257147, -0.24154153902468822, 1] 1e+100
[1, 3, -0.6453350739716288, 1.76794330177432, 1] 0.03428850046427
[1, 3, -0.48647012952494784, 1.2686527107223586, 1] 0.03594566201272
[1, 3, 2.9862833257582566, 4.213188705889257, 1] 1e+100
[1, 3, 0.28041140098233575, 0.7962649064797023, 1] 0.05319355464846
[1, 3, 4.434586114567875, -0.3479806461941879, 1] 1e+100
[1, 3, -0.06666864134224637, 1.1474280680129754, 1] 0.04431468387913
[1, 3, 4.583302789673953, 4.097625865952998, 1] 1e+100
[1, 3, 0.54505145086688, 4.154894600213478, 1] 1e+100
[1, 3, 4.8888501438277485, 2.491268062838185, 1] 1e+100
[1, 3, 0.6846614768939245, 0.6549347938172057, 1] 1e+100
[1, 3, 2.3856543743333494, 1.67169056415998, 1] 1e+100
[1, 3, -0.7670072606335914, 4.274360851295514, 1] 1e+100
[1, 3, -0.5026240402124675, 2.0815341749827367, 1] 0.03735588427181
[1, 3, 0.8482725427762916, -0.3711997367177926, 1] 1e+100
[1, 3, 1.4338998518566832, 1.3608228953703145, 1] 1e+100
[1, 3, 4.0688757417002455, 0.9723565338945024, 1] 1e+100
[1, 3, 1.4845986160455764, 3.0430320603071443, 1] 1e+100
[1, 3, 0.9483454169343246, 0.3275233937742421, 1] 1e+100
[1, 3, 1.739088221712433, 0.6314160980070049, 1] 1e+100
[1, 3, 3.1803800093942973, 0.1395516827251846, 1] 1e+100
[1, 3, 3.8415287494480523, 4.05738315656728, 1] 1e+100
[1, 3, 3.5530503135675575, 3.257486532100848, 1] 1e+100
[1, 3, 3.344360613832813, 4.23122351907384, 1] 1e+100
[1, 3, 1.49090353997628, 4.0018890910788185, 1] 1e+100
[1, 3, 0.9390990478882615, 3.8530321995226924, 1] 1e+100
[1, 3, 0.8291230984334064, 3.563004731354015, 1] 1e+100
[1, 3, 2.942901611184473, 0.3533274730031146, 1] 1e+100
[1, 3, 1.4480849477590212, 2.5452592538257086, 1] 1e+100
[1, 3, -0.625058202886585, 3.654451629170058, 1] 1e+100
[1, 3, 1.6839832963672858, 0.6033236381298015, 1] 1e+100
[1, 3, 4.795370908745484, 4.909067504132244, 1] 1e+100
[1, 3, 3.6372366514911576, 0.657628133298197, 1] 1e+100
[1, 3, 2.675868270600964, 4.385145417896269, 1] 1e+100
[1, 3, 2.4592609144727744, 0.025793720851759572, 1] 1e+100
[1, 3, -0.9275689723151059, 4.580557900452002, 1] 1e+100
[1, 3, 0.4299007485757871, 3.754509711385361, 1] 1e+100
[1, 3, 3.8667124454928636, 2.1581945965943716, 1] 1e+100
[1, 3, 3.0279783203648094, 2.7501294877293665, 1] 1e+100
[1, 3, 4.67700580215212, -0.7974536351086101, 1] 1e+100
[1, 3, 1.892396816622469, 4.968083782575689, 1] 1e+100
[1, 3, 1.0868516600479472, 0.7440608555938999, 1] 1e+100
[1, 3, 2.4351410814710377, 3.210300958428684, 1] 1e+100
[1, 3, 3.2858417842045586, 4.901086689837985, 1] 1e+100
[1, 3, 2.327353511970953, 2.8431505345848564, 1] 1e+100
[1, 3, 2.2708709571535755, 0.16444383101582583, 1] 1e+100
[1, 3, 0.5613850903541533, 0.31423391644516685, 1] 1e+100
[1, 3, 4.010489851814622, 1.8722036167250327, 1] 1e+100
[1, 3, -0.12680910226974818, 4.746016014974697, 1] 1e+100
[1, 3, 4.1184287561554696, 0.42075521289794704, 1] 1e+100
[1, 3, 0.3676149367052599, -0.5651499614290165, 1] 1e+100
[1, 3, 0.9061707819350977, 4.120441873623057, 1] 1e+100
[1, 3, 0.36270315186023594, 0.43661375479621567, 1] 1e+100
[1, 3, -0.865855728606792, 1.0330876805213292, 1] 0.0300945303136
[1, 3, -0.4590146984723342, 2.935596413399576, 1] 0.0438798275927
[1, 3, 1.4069040018174834, 3.747209494561071, 1] 1e+100
[1, 3, -0.64340466338015, 3.119201471685354, 1] 0.04561013791219
[1, 3, 3.3509694028793255, 3.9478146002114407, 1] 1e+100
[1, 3, 2.999585712673362, 1.1062043560702, 1] 1e+100
[1, 3, 3.0625725380822706, 4.552856908332386, 1] 1e+100
[1, 3, 2.532984046976548, -0.822312145555363, 1] 1e+100
[1, 3, 3.813070485697925, 2.378829965173975, 1] 1e+100
[1, 3, 0.37507878294759545, 2.7090717526858947, 1] 0.05388203585892
[1, 3, 4.078516878510033, 0.9085361336761009, 1] 1e+100
[1, 3, 4.289164525424919, 4.339462615509447, 1] 1e+100
[1, 3, 1.9567574724890857, -0.24373947141560803, 1] 1e+100
[1, 3, -0.5037179513790733, 0.6887864857174129, 1] 0.035331418373
[1, 3, -0.25559715910725966, 3.019936302509702, 1] 0.04643999884194
[1, 3, 1.4215234982084866, 0.21414976173055433, 1] 1e+100
[1, 3, 2.890246555507114, 4.7978435196154905, 1] 1e+100
[1, 3, 1.220353411980371, -0.5362166593619744, 1] 1e+100
[1, 3, 2.803861647560116, 1.0566719155835962, 1] 1e+100
[1, 3, 3.9149094434352314, 4.903134863840584, 1] 1e+100
[1, 3, 1.9161080561281318, 0.9274731150701305, 1] 1e+100
[1, 3, 1.2423948373126823, -0.31709368088838863, 1] 1e+100
[1, 3, 1.9921878362046952, 0.23921110184640426, 1] 1e+100
[1, 3, -0.4033015052910096, 4.743966161079944, 1] 1e+100
[1, 3, 0.1503576582815418, -0.3768228399332707, 1] 0.05213380572996
[1, 3, 1.9938837802624616, -0.036012655218360834, 1] 1e+100
[1, 3, 2.8607092137062278, -0.6239031931326278, 1] 1e+100
[1, 3, -0.7924917728427607, 4.8630368761388425, 1] 1e+100
[1, 3, 0.06431505795357206, 4.155101646406736, 1] 1e+100
[1, 3, -0.9798236826108706, 2.266025492376941, 1] 0.03602123473153
[1, 3, 2.1987053320415058, 2.3001008360425166, 1] 1e+100
[1, 3, 4.693646434297554, 3.4944681211560287, 1] 1e+100
[1, 3, 4.180743841591509, 0.174039209856778, 1] 1e+100
[1, 3, 2.7151698106041477, 4.96652877285881, 1] 1e+100
[1, 3, 4.817593115627741, 0.9195400163106322, 1] 1e+100
[1, 3, -0.5652662627314637, 1.924189218973992, 1] 0.03590429204883
[1, 3, 0.7670763454970542, 3.619960769593643, 1] 1e+100
[1, 3, 2.50898894106657, 4.247881947820518, 1] 1e+100
[1, 3, -0.22199074061496704, 4.404626500996349, 1] 1e+100
[1, 3, 0.2492639589336776, 2.98737721340531, 1] 0.05254682423559
[1, 3, -0.7142455847859814, 1.5631741676136945, 1] 0.0328047953588
[1, 3, -0.5296943651868631, -0.004521766766346413, 1] 0.03461518845201
[1, 3, 0.940846236081267, 2.8262336018207215, 1] 1e+100
[1, 3, 1.2663700820927595, 3.047378192759661, 1] 1e+100
[1, 3, 4.476926426016274, -0.2424639913168516, 1] 1e+100
[1, 3, 3.345801553658016, 1.592993177378042, 1] 1e+100
[1, 3, 1.3037991010082894, -0.5179978502075937, 1] 1e+100
[1, 3, 4.7863969843976415, 3.9102728640278404, 1] 1e+100
[1, 3, 4.676253236986988, 0.776182738596894, 1] 1e+100
[1, 3, -0.8805070754050197, 4.856189414203567, 1] 1e+100
[1, 3, 2.5683636963843504, 0.9491511268055663, 1] 1e+100
[1, 3, 2.13957946518111, 3.5376150067600403, 1] 1e+100
[1, 3, 2.8779792155440003, -0.07480160538928016, 1] 1e+100
[1, 3, 3.8227056160310546, 4.362467823598607, 1] 1e+100
[1, 3, -0.7731779531727205, 0.026263357176723234, 1] 0.03013995665346
[1, 3, 1.0445385040237483, 3.9450256125682426, 1] 1e+100
[1, 3, -0.6284061889729198, 1.8183439675006499, 1] 0.03467511474284
[1, 3, 0.7459524448039592, 2.8320377436665973, 1] 1e+100
[1, 3, 3.8304826515240613, -0.29443159004147046, 1] 1e+100
[1, 3, -0.6601459110320116, 0.1545892949522465, 1] 0.03216573373331
[1, 3, -0.7645828108631747, 3.911252906271131, 1] 1e+100
[1, 3, 3.0132935386692417, 1.8683749306630788, 1] 1e+100
[1, 3, 2.7461417750315036, 0.33365614500771135, 1] 1e+100
[1, 3, -0.18749406526552437, 1.4117945059215833, 1] 0.04169229796228
[1, 3, 2.2519662473440727, 3.3233867299595863, 1] 1e+100
[1, 3, 2.830749015642226, 4.969799993670009, 1] 1e+100
[1, 3, -0.6674409313744352, 1.6883691730831338, 1] 0.03375938640629
[1, 3, 4.7320390803948715, 0.9824998539033001, 1] 1e+100
[1, 3, 4.938342022637356, 0.7960180104202565, 1] 1e+100
[1, 3, 0.9908946032121106, 0.32172563157846734, 1] 1e+100
[1, 3, 1.6942091058536648, 3.307458109291054, 1] 1e+100
[1, 3, 1.309217409221222, 1.6929476203496217, 1] 1e+100
[1, 3, 1.3230830133372589, 4.5503359196060655, 1] 1e+100
[1, 3, 3.591087411810049, 4.318581827756281, 1] 1e+100
[1, 3, 1.337036901487708, 4.255881911714387, 1] 1e+100
[1, 3, 3.695316204510604, 0.30912408950163583, 1] 1e+100
[1, 3, 4.916654264072589, 2.926782163288709, 1] 1e+100
[1, 3, 3.446883808061827, -0.7419160970148075, 1] 1e+100
[1, 3, 1.8296012257616878, 1.6237391040483722, 1] 1e+100
[1, 3, 3.447215423176532, 1.4372759305531027, 1] 1e+100
[1, 3, 0.23470519146009172, -0.2080118996426279, 1] 0.05420817765157
[1, 3, 0.30747702085259165, 2.330546859175588, 1] 0.0521045153253
[1, 3, 3.1582343490779285, 4.663158963316938, 1] 1e+100
[1, 3, 1.600943923865151, 3.51209011585836, 1] 1e+100
[1, 3, 4.418957871627782, 1.707490878992302, 1] 1e+100
[1, 3, 1.6857013888352954, 4.820049283098818, 1] 1e+100
[1, 3, 0.2009847188447751, 0.7233614952741763, 1] 0.05125664208227
[1, 3, 4.121540741518935, 1.259818377774602, 1] 1e+100
[1, 3, 1.7435870836979621, 0.4418846577784712, 1] 1e+100
[1, 3, -0.7477101269146014, 4.4993408995046655, 1] 1e+100
[1, 3, 3.771017718999275, 1.5650664725722754, 1] 1e+100
[1, 3, -0.8857838196811059, 0.5991306101403215, 1] 0.02943877000495
[1, 3, 2.6211085559543226, 1.7327176875972805, 1] 1e+100
[1, 3, -0.3784620329124193, 3.7879546487436846, 1] 1e+100
[1, 3, 1.671484075532244, -0.7977074148463246, 1] 1e+100
[1, 3, 2.426812528475442, 4.381653567283454, 1] 1e+100
[1, 3, 2.602118553855753, 2.6266350787077553, 1] 1e+100
[1, 3, 1.5142559940616689, 2.342341615410851, 1] 1e+100
[1, 3, 2.739451279816036, 3.3528418522931744, 1] 1e+100
[1, 3, 1.984856939404346, 1.416152021389009, 1] 1e+100
[1, 3, -0.6292230979584781, -0.3066143500423948, 1] 0.0324437505473
[1, 3, 2.6735063816701086, -0.08083264382614153, 1] 1e+100
[1, 3, 1.7104431839165128, 0.6090286262487494, 1] 1e+100
[1, 3, 4.0134165810762426, 1.3306966515751286, 1] 1e+100
[1, 3, 3.5368709855475124, 0.8680387492179651, 1] 1e+100
[1, 3, -0.9843919807045141, -0.4361138164326288, 1] 0.02998511040479
[1, 3, 0.01936291361497533, 4.4915532037075865, 1] 1e+100
[1, 3, 3.3108846281941844, 4.099721501824667, 1] 1e+100
[1, 3, -0.9437284012448774, 1.2511696906620102, 1] 0.03046493176996
[1, 3, 4.779726507791922, -0.4720035469966719, 1] 1e+100
[1, 3, 4.226675385655323, 1.255993600290894, 1] 1e+100
[1, 3, 0.8507778626246512, -0.14048483472542994, 1] 1e+100
[1, 3, 0.2813500594143352, 0.5889338359416034, 1] 0.0536511095532
[1, 3, 4.949181599815404, 2.279768785294742, 1] 1e+100
[1, 3, -0.6171309763459125, 2.8745723449542444, 1] 0.04214397515529
[1, 3, 3.2040421554432665, 3.090199571572798, 1] 1e+100
[1, 3, 4.265950256097094, 2.041940454894796, 1] 1e+100
[1, 3, 1.499615800989893, 4.286361615306976, 1] 1e+100
