[41.46502876499902, 2, 0, 0, 1] 0.24714325911682
[5.904023026799793, 2, 0, 0, 1] 0.05064327373919
[6.905407948407544, 2, 0, 0, 1] 0.02448953769792
[17.912976359386885, 2, 0, 0, 1] 0.05316904522032
[30.01328553395151, 2, 0, 0, 1] 0.06278335036226
[8.675315465411865, 2, 0, 0, 1] 0.04209342417614
[6.549036705547772, 2, 0, 0, 1] 0.03591252071183
[20.261807794411048, 2, 0, 0, 1] 0.03588986746376
[16.443400441376877, 2, 0, 0, 1] 0.06760255192933
[43.97511133510809, 2, 0, 0, 1] 0.29736487458149
[15.803277215976419, 2, 0, 0, 1] 0.07432095719988
[37.82172711516403, 2, 0, 0, 1] 0.17753672035944
[40.24012247321571, 2, 0, 0, 1] 0.22311099830589
[13.957451506623048, 2, 0, 0, 1] 0.09246675169592
[20.868699326183826, 2, 0, 0, 1] 0.03288200045563
[31.30797856378507, 2, 0, 0, 1] 0.0772145285354
[30.078181110178225, 2, 0, 0, 1] 0.06345456279436
[40.25714756890155, 2, 0, 0, 1] 0.22344153804273
[46.235463864426734, 2, 0, 0, 1] 0.34259921994643
[28.28541699069462, 2, 0, 0, 1] 0.04705197550285
[35.40764527450824, 2, 0, 0, 1] 0.13575707064611
[19.740684057258772, 2, 0, 0, 1] 0.03897282574969
[34.236621173795584, 2, 0, 0, 1] 0.11725001550531
[48.10616633104124, 2, 0, 0, 1] 0.37921595350437
[29.547973669876015, 2, 0, 0, 1] 0.0581373042795
[46.01326096412544, 2, 0, 0, 1] 0.33818605329913
[28.209238297000024, 2, 0, 0, 1] 0.04645640230968
[17.681347746441666, 2, 0, 0, 1] 0.05530068749991
[11.111494079740957, 2, 0, 0, 1] 0.09657500431318
[37.38121579705693, 2, 0, 0, 1] 0.16959361263443
[32.87890779838286, 2, 0, 0, 1] 0.0974997783775
[10.862836032399253, 2, 0, 0, 1] 0.09402253968975
[5.327059133154844, 2, 0, 0, 1] 0.05440689128746
[12.038174907576998, 2, 0, 0, 1] 0.10100535489201
[42.62881845235643, 2, 0, 0, 1] 0.2703310647754
[6.778727227337061, 2, 0, 0, 1] 0.02875094511972
[28.175876921156668, 2, 0, 0, 1] 0.04619826315414
[10.392589180280648, 2, 0, 0, 1] 0.08739279431244
[46.114272256572704, 2, 0, 0, 1] 0.34019355526067
[46.0582553674042, 2, 0, 0, 1] 0.33908053851698
[36.87689897647313, 2, 0, 0, 1] 0.16066324873941
[2.1127163804021523, 2, 0, 0, 1] 0.01689884803953
[45.54901125869672, 2, 0, 0, 1] 0.32893404130049
[10.439937831465645, 2, 0, 0, 1] 0.08817136311299
[16.597382548954304, 2, 0, 0, 1] 0.06600803815196
[49.29338178533109, 2, 0, 0, 1] 0.40178938045593
[15.260606086539475, 2, 0, 0, 1] 0.080005567435
[46.47992167802511, 2, 0, 0, 1] 0.34744146703503
[47.08036930364055, 2, 0, 0, 1] 0.35926962604186
[19.408912254502457, 2, 0, 0, 1] 0.04116990851283
[15.313818614803743, 2, 0, 0, 1] 0.07945348284214
[22.601041423441703, 2, 0, 0, 1] 0.02783294618002
[8.944364092425882, 2, 0, 0, 1] 0.05123470852622
[6.794371394535448, 2, 0, 0, 1] 0.02823559188686
[11.36004461413343, 2, 0, 0, 1] 0.09851241191108
[3.3931444530521104, 2, 0, 0, 1] 0.0008712305698
[19.389683768559685, 2, 0, 0, 1] 0.04130271363215
[14.635657073138203, 2, 0, 0, 1] 0.08630406529115
[43.921301671759565, 2, 0, 0, 1] 0.2962829982623
[2.341243944248034, 2, 0, 0, 1] 0.00908004284381
[9.356508723759443, 2, 0, 0, 1] 0.06389684864154
[30.276043046547635, 2, 0, 0, 1] 0.06553568977555
[45.137044987098236, 2, 0, 0, 1] 0.32069441950785
[32.82555760526529, 2, 0, 0, 1] 0.09676406699855
[22.39292294388709, 2, 0, 0, 1] 0.02816088667051
[32.26668324441029, 2, 0, 0, 1] 0.08925026998276
[23.501147300495457, 2, 0, 0, 1] 0.02728632514427
[40.013097772194136, 2, 0, 0, 1] 0.21871416972094
[13.777457675141875, 2, 0, 0, 1] 0.09392191593459
[25.639627490087936, 2, 0, 0, 1] 0.03154681220619
[34.42794286363028, 2, 0, 0, 1] 0.12018492774291
[25.64956873105779, 2, 0, 0, 1] 0.03158440946221
[40.46677241432771, 2, 0, 0, 1] 0.22752027194426
[4.860144584356352, 2, 0, 0, 1] 0.04916547053434
[47.38136491934649, 2, 0, 0, 1] 0.36515928621546
[5.77177586441544, 2, 0, 0, 1] 0.05240703051703
[0.7921154253001439, 2, 0, 0, 1] 0.0542516530657
[27.96593164372681, 2, 0, 0, 1] 0.04461147267048
[41.12234978732527, 2, 0, 0, 1] 0.24037338669765
[26.39605149098323, 2, 0, 0, 1] 0.03486350659388
[36.813555229116076, 2, 0, 0, 1] 0.15955450270576
[46.41431191919215, 2, 0, 0, 1] 0.34614326509707
[44.29763158308461, 2, 0, 0, 1] 0.30384829728546
[36.46215328656159, 2, 0, 0, 1] 0.15345837147095
[11.703623927039253, 2, 0, 0, 1] 0.10025462046127
[24.72252461398221, 2, 0, 0, 1] 0.02877797910513
[48.916082671216415, 2, 0, 0, 1] 0.39468229933395
[40.69632991722515, 2, 0, 0, 1] 0.23200490695889
[30.38287620343276, 2, 0, 0, 1] 0.06668091180874
[45.60818884105444, 2, 0, 0, 1] 0.3301155302052
[2.551586742642792, 2, 0, 0, 1] 0.00588957343973
[39.15583382820597, 2, 0, 0, 1] 0.2023110913844
[0.9736962746640931, 2, 0, 0, 1] 0.06405527604699
[24.289848342280767, 2, 0, 0, 1] 0.02795907494193
[33.33975970567975, 2, 0, 0, 1] 0.10398519286578
[11.914388624058208, 2, 0, 0, 1] 0.10082944341069
[43.72111510296078, 2, 0, 0, 1] 0.29225817938902
[28.566748604101612, 2, 0, 0, 1] 0.04932487092018
[28.792967004604435, 2, 0, 0, 1] 0.05123554252606
[41.08808598965086, 2, 0, 0, 1] 0.23969827800895
[7.445313829022821, 2, 0, 0, 1] 0.0046402456492
[42.19383850135803, 2, 0, 0, 1] 0.2616348412954
[4.998089783822207, 2, 0, 0, 1] 0.05153423050034
[48.207762027391404, 2, 0, 0, 1] 0.38117078850907
[20.13423745011047, 2, 0, 0, 1] 0.03660234623203
[42.58931850289822, 2, 0, 0, 1] 0.26954022598216
[30.835808679890793, 2, 0, 0, 1] 0.07170157440086
[12.760652146041235, 2, 0, 0, 1] 0.09995206356253
[27.79500416792471, 2, 0, 0, 1] 0.04336792706903
[7.053868379334421, 2, 0, 0, 1] 0.01926559800844
[18.33683024579638, 2, 0, 0, 1] 0.04944422769889
[17.917363047401746, 2, 0, 0, 1] 0.0531293054324
[6.597478613407459, 2, 0, 0, 1] 0.03446970857299
[4.773866277179062, 2, 0, 0, 1] 0.04733758882587
[1.9135443011831788, 2, 0, 0, 1] 0.02546462132884
[38.40709259743142, 2, 0, 0, 1] 0.18828177607375
[36.100683310647355, 2, 0, 0, 1] 0.14728759236329
[27.49791574293889, 2, 0, 0, 1] 0.04131081903547
[43.40582320292688, 2, 0, 0, 1] 0.2859208708377
[27.534353398449866, 2, 0, 0, 1] 0.04155595280254
[1.6834201074036936, 2, 0, 0, 1] 0.02802566727571
[26.886943860934593, 2, 0, 0, 1] 0.0375029455695
[44.89745955106696, 2, 0, 0, 1] 0.31589251546747
[9.243097985918485, 2, 0, 0, 1] 0.06058756940405
[40.90156115193431, 2, 0, 0, 1] 0.23602927269411
[4.320632408784292, 2, 0, 0, 1] 0.03380111492475
[0.4582651491693901, 2, 0, 0, 1] 0.02169379740666
[17.386024404164203, 2, 0, 0, 1] 0.05810783904043
[5.694923812070218, 2, 0, 0, 1] 0.05319965815201
[38.21125632000011, 2, 0, 0, 1] 0.18466393345218
[15.028704605963139, 2, 0, 0, 1] 0.0823882279068
[43.077123265513194, 2, 0, 0, 1] 0.27931937703383
[16.277526753277783, 2, 0, 0, 1] 0.06933283529454
[32.49988119787577, 2, 0, 0, 1] 0.0923422094531
[2.916833420144016, 2, 0, 0, 1] 0.00492131525118
[42.48461731173276, 2, 0, 0, 1] 0.26744500739591
[37.79721142472011, 2, 0, 0, 1] 0.17709133022178
[4.715286263201329, 2, 0, 0, 1] 0.04594835043706
[33.5134604557457, 2, 0, 0, 1] 0.10648906241555
[11.062148056496234, 2, 0, 0, 1] 0.09611854326742
[29.00307535556722, 2, 0, 0, 1] 0.05307568629175
[22.023032665069557, 2, 0, 0, 1] 0.02893152237272
[39.50143608213158, 2, 0, 0, 1] 0.20888361746175
[12.145455681380257, 2, 0, 0, 1] 0.10106627558368
[14.964162074117688, 2, 0, 0, 1] 0.08304322188246
[33.82414358327847, 2, 0, 0, 1] 0.11104656657758
[25.37763780575093, 2, 0, 0, 1] 0.03061418794684
[4.893012523058843, 2, 0, 0, 1] 0.04979216911376
[30.02304994315611, 2, 0, 0, 1] 0.0628839827972
[42.207766339457756, 2, 0, 0, 1] 0.26191282052603
[31.909636826904176, 2, 0, 0, 1] 0.08463909069028
[42.60825238866494, 2, 0, 0, 1] 0.26991928048988
[21.095935768993673, 2, 0, 0, 1] 0.03191983729079
[34.93280735072549, 2, 0, 0, 1] 0.1280987113225
[8.033103173341738, 2, 0, 0, 1] 0.01822132581267
[49.8367998213377, 2, 0, 0, 1] 0.4119056932376
[44.36289603008609, 2, 0, 0, 1] 0.30515986289602
[40.8153059618234, 2, 0, 0, 1] 0.23433624235609
[20.157681934927364, 2, 0, 0, 1] 0.03646934028213
[34.29152798957767, 2, 0, 0, 1] 0.11808861996691
[33.00513070594614, 2, 0, 0, 1] 0.09925298092731
[1.079761904118065, 2, 0, 0, 1] 0.05473005909622
[4.534412303582597, 2, 0, 0, 1] 0.04094200598763
[32.756245041948475, 2, 0, 0, 1] 0.09581297246207
[33.36767976246466, 2, 0, 0, 1] 0.10438549050257
[15.44121241316625, 2, 0, 0, 1] 0.07812552360335
[46.65757584552798, 2, 0, 0, 1] 0.35095123737797
[4.406621866860272, 2, 0, 0, 1] 0.03681306051104
[14.980440064712685, 2, 0, 0, 1] 0.08287841046404
[10.132672011958416, 2, 0, 0, 1] 0.08266254980983
[10.482101892487645, 2, 0, 0, 1] 0.08884337043703
[41.332068107771185, 2, 0, 0, 1] 0.24451276426976
[23.42535934112429, 2, 0, 0, 1] 0.027278029182
[41.18820387489405, 2, 0, 0, 1] 0.24167187720546
[6.052297490041542, 2, 0, 0, 1] 0.04810244027376
[14.039288255070215, 2, 0, 0, 1] 0.09177623068987
[9.361263586203583, 2, 0, 0, 1] 0.06403256598395
[47.062010316275284, 2, 0, 0, 1] 0.35890948525072
[19.85175006671272, 2, 0, 0, 1] 0.03827766780445
[30.060489816471538, 2, 0, 0, 1] 0.06327102361693
[38.952209883281924, 2, 0, 0, 1] 0.1984662364596
[7.421399963249787, 2, 0, 0, 1] 0.00555871429173
[45.71436918077895, 2, 0, 0, 1] 0.33223394855046
[20.129329451663875, 2, 0, 0, 1] 0.03663030810039
[36.211352218279146, 2, 0, 0, 1] 0.14916580975885
[41.97143797554369, 2, 0, 0, 1] 0.25720086574617
[24.395150788064612, 2, 0, 0, 1] 0.02812925566577
[5.706082950436281, 2, 0, 0, 1] 0.05309552540997
[34.48976027133975, 2, 0, 0, 1] 0.12114085287626
[15.973893562924573, 2, 0, 0, 1] 0.07252278287229
[49.44092024180221, 2, 0, 0, 1] 0.40455032604654
[30.87887729471136, 2, 0, 0, 1] 0.07219274731352
[35.20474748280177, 2, 0, 0, 1] 0.13245980766883
[48.73503853116997, 2, 0, 0, 1] 0.39124913004907
[16.456141095280536, 2, 0, 0, 1] 0.06747015305021
[21.7242100943078, 2, 0, 0, 1] 0.02972981226021
[5.883071739399215, 2, 0, 0, 1] 0.05095530166943
[42.45032870513007, 2, 0, 0, 1] 0.26675918435249
[30.682914172016286, 2, 0, 0, 1] 0.06997709019572
[3.564885031995563, 2, 0, 0, 1] 0.00558095867436
[24.36745500023123, 2, 0, 0, 1] 0.02808267466793
[20.244669022053014, 2, 0, 0, 1] 0.03598398105452
[7.483418616375781, 2, 0, 0, 1] 0.00317225229062
[12.000210314797949, 2, 0, 0, 1] 0.10096366139211
[7.225261683485074, 2, 0, 0, 1] 0.01298575589691
[34.20830174469695, 2, 0, 0, 1] 0.11681865127894
[19.891989799836278, 2, 0, 0, 1] 0.03803086283287
[34.428909781275635, 2, 0, 0, 1] 0.12019985132709
[18.745149233364543, 2, 0, 0, 1] 0.04608972672616
[25.68408193157762, 2, 0, 0, 1] 0.03171618578838
[21.57285654230584, 2, 0, 0, 1] 0.03019405627421
[6.434214848823933, 2, 0, 0, 1] 0.0391712050301
[12.442416178921844, 2, 0, 0, 1] 0.1008218003006
[30.075300495991204, 2, 0, 0, 1] 0.0634246492084
[18.50238092463472, 2, 0, 0, 1] 0.04805541433222
[28.169774661188324, 2, 0, 0, 1] 0.04615122307144
[34.109764210316214, 2, 0, 0, 1] 0.11532393138398
[32.97842202812092, 2, 0, 0, 1] 0.09888053758524
[29.25310188504306, 2, 0, 0, 1] 0.05534675921098
[34.46136854173775, 2, 0, 0, 1] 0.12070135233427
[7.183492794571444, 2, 0, 0, 1] 0.01453718032244
[13.45358042646964, 2, 0, 0, 1] 0.09628816020123
[38.28247644585605, 2, 0, 0, 1] 0.18597703071959
[18.793279984157223, 2, 0, 0, 1] 0.04571029001081
[34.19932345791602, 2, 0, 0, 1] 0.11668205915173
[16.0159724206994, 2, 0, 0, 1] 0.07207959129002
[43.056769622212535, 2, 0, 0, 1] 0.27891086087961
[32.14482953953329, 2, 0, 0, 1] 0.08765970513112
[36.7767234677465, 2, 0, 0, 1] 0.15891117776342
[42.66183304272307, 2, 0, 0, 1] 0.27099221463673
[8.317102585159974, 2, 0, 0, 1] 0.02905808768669
[20.521662896352893, 2, 0, 0, 1] 0.0345243774593
[1.8762662179881318, 2, 0, 0, 1] 0.02675804252272
[34.23832784758245, 2, 0, 0, 1] 0.11727603709244
[7.107285551086962, 2, 0, 0, 1] 0.01733397979813
[30.02112551083636, 2, 0, 0, 1] 0.06286413939859
[9.440449997688772, 2, 0, 0, 1] 0.06625638534829
[23.180881831414148, 2, 0, 0, 1] 0.02731912767161
[29.248450083431994, 2, 0, 0, 1] 0.05530370473496
[37.35871764981403, 2, 0, 0, 1] 0.16919141942376
[2.3578023767739875, 2, 0, 0, 1] 0.0086951236976
[7.896723747988188, 2, 0, 0, 1] 0.01292422780797
[20.318749249872344, 2, 0, 0, 1] 0.03558077699112
[4.684425415568322, 2, 0, 0, 1] 0.04516942441402
[18.502228449916807, 2, 0, 0, 1] 0.04805667567136
[26.591689945030804, 2, 0, 0, 1] 0.03587002174366
[49.751710583124, 2, 0, 0, 1] 0.41033139192688
[8.196117391320362, 2, 0, 0, 1] 0.02448283460278
[31.439242140281614, 2, 0, 0, 1] 0.07879663869315
[19.534268334275218, 2, 0, 0, 1] 0.0403187133379
[9.039764999728172, 2, 0, 0, 1] 0.05431803224037
[16.028780277498523, 2, 0, 0, 1] 0.07194474008762
[23.383245509234108, 2, 0, 0, 1] 0.027277717203
[5.156240922131616, 2, 0, 0, 1] 0.05340074472429
[48.39610256203021, 2, 0, 0, 1] 0.38478388907803
[31.773595390799418, 2, 0, 0, 1] 0.08292192404199
[33.39468559596481, 2, 0, 0, 1] 0.10477347251031
[18.30896369736142, 2, 0, 0, 1] 0.04968175437014
[34.26406372219778, 2, 0, 0, 1] 0.11766877999717
[4.245815591621521, 2, 0, 0, 1] 0.0310541988049
[23.68922735786222, 2, 0, 0, 1] 0.02734978349687
[45.39882771587393, 2, 0, 0, 1] 0.32593310203696
[41.883269727601146, 2, 0, 0, 1] 0.25544572834431
[40.77840581305423, 2, 0, 0, 1] 0.23361268807045
[4.685937281428765, 2, 0, 0, 1] 0.04520832915865
[15.23746263848843, 2, 0, 0, 1] 0.08024513367217
[1.9632951701622825, 2, 0, 0, 1] 0.02347306296449
[34.382317917643434, 2, 0, 0, 1] 0.11948177822375
[42.58193200860275, 2, 0, 0, 1] 0.26939236212144
[47.94824976223311, 2, 0, 0, 1] 0.37616955627555
[11.717012651619019, 2, 0, 0, 1] 0.10030185920225
[40.20574582631079, 2, 0, 0, 1] 0.2224439198706
[12.289985113005836, 2, 0, 0, 1] 0.10102048336282
[1.365602335588123, 2, 0, 0, 1] 0.0044037106737
[45.953931032266716, 2, 0, 0, 1] 0.33700594431483
[42.566034781276834, 2, 0, 0, 1] 0.2690741542941
[20.9847050019983, 2, 0, 0, 1] 0.03237956818208
[12.725806410240686, 2, 0, 0, 1] 0.10007533652031
[20.031706319779985, 2, 0, 0, 1] 0.03719493193469
[31.509015932574474, 2, 0, 0, 1] 0.07964625827324
[29.680823921418583, 2, 0, 0, 1] 0.05943373513665
[41.86037936274026, 2, 0, 0, 1] 0.2549903192938
[25.488032228409608, 2, 0, 0, 1] 0.03099346941172
[38.61703299156519, 2, 0, 0, 1] 0.19218473121773
[4.934542185204233, 2, 0, 0, 1] 0.05052844396419
[27.590744438834236, 2, 0, 0, 1] 0.04193928554506
[19.689169453855115, 2, 0, 0, 1] 0.03930217359424
[47.58568248069026, 2, 0, 0, 1] 0.36914051149408
[33.125509077210545, 2, 0, 0, 1] 0.10094132500314
[6.52481477414516, 2, 0, 0, 1] 0.03661924163463
[8.33728246603802, 2, 0, 0, 1] 0.02981399976093
[43.499598210739, 2, 0, 0, 1] 0.28780535958254
[31.7279572572485, 2, 0, 0, 1] 0.08235084046247
[31.02669533135982, 2, 0, 0, 1] 0.07389647531993
[7.381429442640908, 2, 0, 0, 1] 0.00708846998235
[21.412592777847518, 2, 0, 0, 1] 0.03072949881161
[15.630035826657023, 2, 0, 0, 1] 0.07614515272975
[13.606439856053127, 2, 0, 0, 1] 0.09521493455734
[35.687659067803175, 2, 0, 0, 1] 0.1403668136125
[6.950497365943797, 2, 0, 0, 1] 0.02292720863006
[18.143398108822684, 2, 0, 0, 1] 0.05111474093407
[30.413025439151376, 2, 0, 0, 1] 0.06700681902249
[22.879935186265687, 2, 0, 0, 1] 0.02751249693783
[35.02654346585942, 2, 0, 0, 1] 0.12959432959375
[3.831265998837341, 2, 0, 0, 1] 0.01493126396206
[23.07424228782471, 2, 0, 0, 1] 0.0273695891567
[28.05650691271738, 2, 0, 0, 1] 0.04528805360945
[19.289518930453966, 2, 0, 0, 1] 0.04200408127953
[23.175796017794358, 2, 0, 0, 1] 0.02732108484252
[7.475948979189695, 2, 0, 0, 1] 0.00346042952354
[14.665671186298201, 2, 0, 0, 1] 0.08601195751135
[22.954690017021413, 2, 0, 0, 1] 0.0274497190625
[31.51841647503496, 2, 0, 0, 1] 0.07976118294131
[5.8537325510511105, 2, 0, 0, 1] 0.05137192959775
[26.61512125691134, 2, 0, 0, 1] 0.03599461887829
[31.419776669646755, 2, 0, 0, 1] 0.07856067959502
[42.23231491271737, 2, 0, 0, 1] 0.26240285622848
[43.877098665090784, 2, 0, 0, 1] 0.29539426296185
[22.13593285612701, 2, 0, 0, 1] 0.02867079803675
[16.716397213949712, 2, 0, 0, 1] 0.06478501778277
[43.66999188851637, 2, 0, 0, 1] 0.29123040994455
[0.596861194630044, 2, 0, 0, 1] 0.0336777817861
[5.824039925380081, 2, 0, 0, 1] 0.05176907514779
[18.469066494512937, 2, 0, 0, 1] 0.04833179153643
[43.959065976535776, 2, 0, 0, 1] 0.29704227457091
[2.929527498226503, 2, 0, 0, 1] 0.00488580580304
[46.01408158918834, 2, 0, 0, 1] 0.33820236515456
[18.113394149199685, 2, 0, 0, 1] 0.05137834792316
[0.3746352103205841, 2, 0, 0, 1] 0.01594702676105
[47.72174551520915, 2, 0, 0, 1] 0.37178385165441
[23.43751463407165, 2, 0, 0, 1] 0.0272786904565
[26.643970435246484, 2, 0, 0, 1] 0.03614921153083
[40.26424610646624, 2, 0, 0, 1] 0.22357938779586
[8.763806551161574, 2, 0, 0, 1] 0.04516885414308
[28.36903240157961, 2, 0, 0, 1] 0.04771547250304
[16.562252872140675, 2, 0, 0, 1] 0.06637067747889
[8.384864756420168, 2, 0, 0, 1] 0.0315873581269
[20.196164804781287, 2, 0, 0, 1] 0.03625303554041
[25.544783838333107, 2, 0, 0, 1] 0.0311962229204
[31.14945461018933, 2, 0, 0, 1] 0.07533237132257
[6.727377551053521, 2, 0, 0, 1] 0.03041937638352
[26.658853674327982, 2, 0, 0, 1] 0.03622947686409
[47.61191516292422, 2, 0, 0, 1] 0.3696506441351
[34.64893174898685, 2, 0, 0, 1] 0.12361917029068
[22.670435182047623, 2, 0, 0, 1] 0.02774048635266
[5.798553382884991, 2, 0, 0, 1] 0.05209000203119
[14.987790589543737, 2, 0, 0, 1] 0.08280390189962
[27.820607522758127, 2, 0, 0, 1] 0.04355142098373
[26.135720329728567, 2, 0, 0, 1] 0.03361835090991
[8.01168412324968, 2, 0, 0, 1] 0.01739218809942
[46.156395734218485, 2, 0, 0, 1] 0.34103007622709
[21.263809264963896, 2, 0, 0, 1] 0.03126692097421
[4.175484761686354, 2, 0, 0, 1] 0.0283863469044
[28.63390046195859, 2, 0, 0, 1] 0.0498843623777
[9.676072318411954, 2, 0, 0, 1] 0.07245912806786
[48.27792704091643, 2, 0, 0, 1] 0.38251848642194
[18.025634824427623, 2, 0, 0, 1] 0.05215612925014
[14.384999724221537, 2, 0, 0, 1] 0.08868764483414
[42.80403956316046, 2, 0, 0, 1] 0.27384157302166
[19.39583882140001, 2, 0, 0, 1] 0.04126013806629
[17.498042126413786, 2, 0, 0, 1] 0.0570318698468
[35.92905171408082, 2, 0, 0, 1] 0.14439446090482
[48.585285025201976, 2, 0, 0, 1] 0.38839854651078
[37.401858686251344, 2, 0, 0, 1] 0.16996294411045
[47.53860129365584, 2, 0, 0, 1] 0.36822435769821
[7.166977561326321, 2, 0, 0, 1] 0.01514712448067
[36.62164309288941, 2, 0, 0, 1] 0.15621359077805
[22.388834268472536, 2, 0, 0, 1] 0.02816809081694
[31.69979108875221, 2, 0, 0, 1] 0.08199964286144
[7.600548706516896, 2, 0, 0, 1] 0.00136791617132
[3.873221476277211, 2, 0, 0, 1] 0.01654498885802
[32.55031134367233, 2, 0, 0, 1] 0.0930190654297
[4.030314232394905, 2, 0, 0, 1] 0.02271430372111
[15.629360683981902, 2, 0, 0, 1] 0.0761522520517
[9.336381074137117, 2, 0, 0, 1] 0.0633196281191
[9.82957783160472, 2, 0, 0, 1] 0.07615918138848
[29.69036821871208, 2, 0, 0, 1] 0.05952780411602
[32.92188349416578, 2, 0, 0, 1] 0.09809472189316
[9.292689716501012, 2, 0, 0, 1] 0.06205158950111
[1.1768693251708484, 2, 0, 0, 1] 0.03933044657751
[18.308242423999886, 2, 0, 0, 1] 0.04968791647337
[36.73753512065716, 2, 0, 0, 1] 0.1582278003302
[0.8396002284857262, 2, 0, 0, 1] 0.05971263198788
[0.3786946266303992, 2, 0, 0, 1] 0.01344279723669
[5.882227134294526, 2, 0, 0, 1] 0.05096762820649
[43.70954570310301, 2, 0, 0, 1] 0.2920255863184
[17.069938962624192, 2, 0, 0, 1] 0.06121144401875
[11.350473566498726, 2, 0, 0, 1] 0.09844869580954
[25.067456389387544, 2, 0, 0, 1] 0.02965594773376
[7.065219754490215, 2, 0, 0, 1] 0.01885723989119
[31.437294552067392, 2, 0, 0, 1] 0.07877300916305
[25.929882094935408, 2, 0, 0, 1] 0.03271059808608
[25.816172944018124, 2, 0, 0, 1] 0.03223840992859
[23.529384440836616, 2, 0, 0, 1] 0.02729195620099
[25.549864982536796, 2, 0, 0, 1] 0.03121463299509
[46.48008251549121, 2, 0, 0, 1] 0.34744464818976
[9.896425702235561, 2, 0, 0, 1] 0.07768525789516
[45.24289808752067, 2, 0, 0, 1] 0.32281381610844
[43.41361901346163, 2, 0, 0, 1] 0.28607751879733
[19.25698999748332, 2, 0, 0, 1] 0.04223528685998
[12.720383203483882, 2, 0, 0, 1] 0.10009392904328
[20.299281576224164, 2, 0, 0, 1] 0.03568583026576
[19.766643167146658, 2, 0, 0, 1] 0.0388085199463
[29.385060487576276, 2, 0, 0, 1] 0.05658065702386
[32.89935410024247, 2, 0, 0, 1] 0.0977825759498
[38.74762879453914, 2, 0, 0, 1] 0.19462501398926
[22.430556212267476, 2, 0, 0, 1] 0.02809595637408
[15.7441884791306, 2, 0, 0, 1] 0.07494358317258
[34.16814024633217, 2, 0, 0, 1] 0.11620827210407
[11.712661089481918, 2, 0, 0, 1] 0.10028666919613
[35.39665221209804, 2, 0, 0, 1] 0.13557748929515
[13.186787058460963, 2, 0, 0, 1] 0.09795053524325
[29.737319130020147, 2, 0, 0, 1] 0.05999236337428
[27.703771108379748, 2, 0, 0, 1] 0.04272206718604
[14.3837222907726, 2, 0, 0, 1] 0.08869951273191
[27.37948036313934, 2, 0, 0, 1] 0.04052797473111
[12.164316398962688, 2, 0, 0, 1] 0.10106848504513
[8.501546977478547, 2, 0, 0, 1] 0.03587784013798
[26.518286842444766, 2, 0, 0, 1] 0.03548529435534
[20.746563284801077, 2, 0, 0, 1] 0.03343625549049
[39.89912717217922, 2, 0, 0, 1] 0.21651471867056
[29.79026618721808, 2, 0, 0, 1] 0.0605198524884
[36.98043685339535, 2, 0, 0, 1] 0.16248187084052
[33.04869586123028, 2, 0, 0, 1] 0.09986216421808
[28.616476369688492, 2, 0, 0, 1] 0.04973856452455
[7.142097351744087, 2, 0, 0, 1] 0.01606208143538
[2.6444746905086913, 2, 0, 0, 1] 0.00539149732035
[21.307309513374435, 2, 0, 0, 1] 0.03110577983884
[11.153117175005795, 2, 0, 0, 1] 0.09694119380769
[42.991028078149135, 2, 0, 0, 1] 0.27759161520289
[33.47395266148102, 2, 0, 0, 1] 0.10591675104746
[3.7177581679429252, 2, 0, 0, 1] 0.01071812745836
[18.067746857328064, 2, 0, 0, 1] 0.05178165668842
[41.11773882753422, 2, 0, 0, 1] 0.24028251586361
[47.66967329608824, 2, 0, 0, 1] 0.37077299339748
[42.39124410898689, 2, 0, 0, 1] 0.26557781778589
[41.60672320112845, 2, 0, 0, 1] 0.24995145771393
[49.038939690164035, 2, 0, 0, 1] 0.39700371851737
[46.99004304328342, 2, 0, 0, 1] 0.35749676549656
[13.103803440118684, 2, 0, 0, 1] 0.09840737487175
[25.486409666497806, 2, 0, 0, 1] 0.03098775008282
[25.21928445611719, 2, 0, 0, 1] 0.03010512886349
[41.07992650248425, 2, 0, 0, 1] 0.23953756000922
[16.325339202597185, 2, 0, 0, 1] 0.06883293132536
[40.262293139707914, 2, 0, 0, 1] 0.22354146032539
[37.726231760837486, 2, 0, 0, 1] 0.17580397901834
[1.8988533309338196, 2, 0, 0, 1] 0.02599903561116
[13.208499655430067, 2, 0, 0, 1] 0.09782606704737
[38.10768221809955, 2, 0, 0, 1] 0.18275973869201
[26.18653190138056, 2, 0, 0, 1] 0.03385289086305
[12.628048928452207, 2, 0, 0, 1] 0.10038544037285
[33.71732466264768, 2, 0, 0, 1] 0.10946829050296
[32.32539882989375, 2, 0, 0, 1] 0.09002285923218
[34.20704160809041, 2, 0, 0, 1] 0.11679947523039
[15.506717243929186, 2, 0, 0, 1] 0.07743986062851
[29.58647593124551, 2, 0, 0, 1] 0.0585105412734
[28.56593236364836, 2, 0, 0, 1] 0.04931811026779
[24.149392175354624, 2, 0, 0, 1] 0.02776138978819
[23.157048920063033, 2, 0, 0, 1] 0.02732868788345
[35.31423478689402, 2, 0, 0, 1] 0.13423452552068
[31.72801132178986, 2, 0, 0, 1] 0.08235151550242
[34.13097226256508, 2, 0, 0, 1] 0.11564481939266
[33.59587933479065, 2, 0, 0, 1] 0.10768827840217
[17.406148453855906, 2, 0, 0, 1] 0.05791356897903
[24.41214437285574, 2, 0, 0, 1] 0.02815847970781
[7.4774756931931305, 2, 0, 0, 1] 0.00340154474693
[33.035155953978354, 2, 0, 0, 1] 0.09967260900938
[25.565475877177917, 2, 0, 0, 1] 0.03127145855004
[46.86739226574771, 2, 0, 0, 1] 0.35508564847635
[31.47184136071758, 2, 0, 0, 1] 0.0791928480884
[32.377080904154376, 2, 0, 0, 1] 0.09070620309052
[48.907278401197075, 2, 0, 0, 1] 0.39451567873979
[2.9525599012747925, 2, 0, 0, 1] 0.00481059430757
[16.857749489844153, 2, 0, 0, 1] 0.06334476408476
[39.498130893361264, 2, 0, 0, 1] 0.20882049253768
[9.759399844511101, 2, 0, 0, 1] 0.07450136622287
[10.705488733271745, 2, 0, 0, 1] 0.09207344191692
[22.96772972782055, 2, 0, 0, 1] 0.02743976790002
[24.210443560675316, 2, 0, 0, 1] 0.02784319398668
[15.004732636826933, 2, 0, 0, 1] 0.08263196890019
[28.388551265761258, 2, 0, 0, 1] 0.04787182653529
[19.93725274657983, 2, 0, 0, 1] 0.03775647501499
[3.980367860051781, 2, 0, 0, 1] 0.02074245903815
[34.515181568372, 2, 0, 0, 1] 0.12153503226337
[46.30254197441078, 2, 0, 0, 1] 0.34392931037715
[23.649414042027107, 2, 0, 0, 1] 0.02733125907445
[26.9585757351332, 2, 0, 0, 1] 0.03791961755708
[39.28206565378769, 2, 0, 0, 1] 0.20470504882817
[7.028736243521405, 2, 0, 0, 1] 0.0201654687475
[31.812035840493113, 2, 0, 0, 1] 0.08340488568843
[8.593378970896609, 2, 0, 0, 1] 0.03919036675291
[44.90715268535233, 2, 0, 0, 1] 0.31608691072293
[41.28344044841985, 2, 0, 0, 1] 0.24355187983545
[27.52982774452233, 2, 0, 0, 1] 0.0415253971061
[13.407891086227192, 2, 0, 0, 1] 0.09659262042296
[28.696165475983126, 2, 0, 0, 1] 0.05040894250534
[21.834562381990597, 2, 0, 0, 1] 0.02941671965827
[34.822684868998664, 2, 0, 0, 1] 0.12635202152819
[40.642618867743245, 2, 0, 0, 1] 0.2309539801914
[46.08601489741534, 2, 0, 0, 1] 0.33963218436049
[37.24846660754608, 2, 0, 0, 1] 0.16722552941456
[40.1348628419786, 2, 0, 0, 1] 0.22106988449866
[47.62307753527198, 2, 0, 0, 1] 0.3698676405558
[44.6470479606343, 2, 0, 0, 1] 0.31086753333677
[29.33910404059658, 2, 0, 0, 1] 0.0561481846395
[46.25442878482901, 2, 0, 0, 1] 0.34297537910913
[24.43539181381163, 2, 0, 0, 1] 0.02819924999798
[24.84757708032873, 2, 0, 0, 1] 0.02907332543603
[43.824945433001226, 2, 0, 0, 1] 0.29434568722335
[35.609682780192074, 2, 0, 0, 1] 0.13907632073776
[7.317563720416515, 2, 0, 0, 1] 0.0095168664482
[48.36328511127177, 2, 0, 0, 1] 0.38415535161007
[41.40823972604053, 2, 0, 0, 1] 0.24601918280191
[24.27407080715981, 2, 0, 0, 1] 0.02793519687869
[5.5381979130664005, 2, 0, 0, 1] 0.05425425275605
[6.672469567890954, 2, 0, 0, 1] 0.03216235473762
[42.82756274621599, 2, 0, 0, 1] 0.274313127701
[23.833561149036196, 2, 0, 0, 1] 0.02743980935328
[36.298671982856746, 2, 0, 0, 1] 0.15065468645686
[40.21598996730212, 2, 0, 0, 1] 0.22264265968184
[45.85386870166395, 2, 0, 0, 1] 0.33501405782447
[41.27543607035147, 2, 0, 0, 1] 0.24339377437371
[21.86893293556094, 2, 0, 0, 1] 0.02932357765653
[36.15698864445619, 2, 0, 0, 1] 0.14824194435241
[23.828821541071648, 2, 0, 0, 1] 0.02743628455225
[24.832941962855053, 2, 0, 0, 1] 0.02903740831052
[32.47255925904924, 2, 0, 0, 1] 0.09197671696521
[28.1978026868095, 2, 0, 0, 1] 0.0463677330092
[42.53940727431152, 2, 0, 0, 1] 0.26854124081253
[48.18197500005213, 2, 0, 0, 1] 0.38067499411159
[46.22007922258513, 2, 0, 0, 1] 0.34229401380396
[8.776642244434091, 2, 0, 0, 1] 0.04560954575439
[40.90439404117966, 2, 0, 0, 1] 0.23608491692934
[2.6002259693955865, 2, 0, 0, 1] 0.00558031129964
[11.433586168208587, 2, 0, 0, 1] 0.09897377206108
[41.28985498495242, 2, 0, 0, 1] 0.24367859474274
[36.151580378113515, 2, 0, 0, 1] 0.14815016524605
[24.459581857649816, 2, 0, 0, 1] 0.02824264360605
[39.24502379890832, 2, 0, 0, 1] 0.20400174798987
[2.298279531797948, 2, 0, 0, 1] 0.01019827776992
[40.72477883289312, 2, 0, 0, 1] 0.23256193924461
[18.5789277043848, 2, 0, 0, 1] 0.04742638605598
[45.379204667601236, 2, 0, 0, 1] 0.32554074444808
[30.070691554614605, 2, 0, 0, 1] 0.06337681096723
[32.64584410302958, 2, 0, 0, 1] 0.09430920187367
[31.595752525442588, 2, 0, 0, 1] 0.08071074035083
[36.4751253427892, 2, 0, 0, 1] 0.15368173447356
[27.375308323626797, 2, 0, 0, 1] 0.04050078731689
[42.126231729047284, 2, 0, 0, 1] 0.26028599901325
[49.30501281387632, 2, 0, 0, 1] 0.40200741530267
[38.426448161475754, 2, 0, 0, 1] 0.18864056156716
[2.4434699019947823, 2, 0, 0, 1] 0.00709409056833
[23.77550787833557, 2, 0, 0, 1] 0.02739929361561
[21.11095343355174, 2, 0, 0, 1] 0.03185942193607
[49.06330716143033, 2, 0, 0, 1] 0.39746333330586
[21.6953268454581, 2, 0, 0, 1] 0.02981529619747
[6.544068699736622, 2, 0, 0, 1] 0.03605828487688
[33.020981973250194, 2, 0, 0, 1] 0.09947439235809
[49.9427610874315, 2, 0, 0, 1] 0.4138609657071
[11.6169211834306, 2, 0, 0, 1] 0.09991226178151
[15.83878516381551, 2, 0, 0, 1] 0.07394670276566
[18.973375593514398, 2, 0, 0, 1] 0.04432141254382
[42.818901392693384, 2, 0, 0, 1] 0.2741394917933
[48.252963080367365, 2, 0, 0, 1] 0.38203921390706
[29.70754649969281, 2, 0, 0, 1] 0.05969742721527
[11.991938068232317, 2, 0, 0, 1] 0.10095315192219
[35.29606467238538, 2, 0, 0, 1] 0.13393925953519
[16.153362658150865, 2, 0, 0, 1] 0.07063461657243
[22.85486131316288, 2, 0, 0, 1] 0.02753573979558
[31.456579685735285, 2, 0, 0, 1] 0.07900719579858
[44.23670665015906, 2, 0, 0, 1] 0.30262378282506
[24.597152497356966, 2, 0, 0, 1] 0.02850820990399
[37.3971123031561, 2, 0, 0, 1] 0.1698779986518
[1.4962662879429933, 2, 0, 0, 1] 0.0147410754587
[44.84360318049001, 2, 0, 0, 1] 0.31481226085301
[38.99562316709607, 2, 0, 0, 1] 0.1992841945183
[0.20012844600614255, 2, 0, 0, 1] 0.01954669765023
[24.869743520161062, 2, 0, 0, 1] 0.02912840735449
[3.886450396700425, 2, 0, 0, 1] 0.01705829629219
[46.78031329665945, 2, 0, 0, 1] 0.35337122971143
[3.882607859527437, 2, 0, 0, 1] 0.01690900412725
[44.54966506907992, 2, 0, 0, 1] 0.30891200341193
[19.614980414154708, 2, 0, 0, 1] 0.03978414680799
[29.610549753933295, 2, 0, 0, 1] 0.05874494464409
[3.259969864677398, 2, 0, 0, 1] 0.00182660272285
[21.0184397627833, 2, 0, 0, 1] 0.03223785805868
[40.73520273983244, 2, 0, 0, 1] 0.23276610757865
[2.702393523283492, 2, 0, 0, 1] 0.0052409111657
[28.596997623417447, 2, 0, 0, 1] 0.04957609234957
[43.15760508474761, 2, 0, 0, 1] 0.28093505122706
[38.24893683082766, 2, 0, 0, 1] 0.18535828015436
[27.006048392675698, 2, 0, 0, 1] 0.03820014391856
[27.789118909577397, 2, 0, 0, 1] 0.04332588735752
[28.91149172671328, 2, 0, 0, 1] 0.05226587392986
[46.81935510975165, 2, 0, 0, 1] 0.35414014895796
[15.709372013404483, 2, 0, 0, 1] 0.07531028124628
[49.66228026909572, 2, 0, 0, 1] 0.40867281390515
[49.282114832014486, 2, 0, 0, 1] 0.40157810921135
[3.9701509345186183, 2, 0, 0, 1] 0.02033946002655
[29.729162333774145, 2, 0, 0, 1] 0.05991143970915
[42.6358785105903, 2, 0, 0, 1] 0.27047243762997
[9.024380352645029, 2, 0, 0, 1] 0.053826746603
[10.55524657638927, 2, 0, 0, 1] 0.08996185069443
[2.0345279639235434, 2, 0, 0, 1] 0.02034731937105
[24.52231302121347, 2, 0, 0, 1] 0.02835978028089
[25.099549796448194, 2, 0, 0, 1] 0.02974771209397
[12.187841273730921, 2, 0, 0, 1] 0.10106774917835
[25.171875639297415, 2, 0, 0, 1] 0.02996077247445
[40.66478995556109, 2, 0, 0, 1] 0.23138766839506
[4.768704291288367, 2, 0, 0, 1] 0.04721993227169
[33.61477561203076, 2, 0, 0, 1] 0.10796422851381
[4.746563886680888, 2, 0, 0, 1] 0.04670480530103
[4.39535656053719, 2, 0, 0, 1] 0.03642834431395
[1.003093765350871, 2, 0, 0, 1] 0.06249608729023
[47.99157054946604, 2, 0, 0, 1] 0.37700620540846
[40.515969376023996, 2, 0, 0, 1] 0.22847983450253
[49.149247588425645, 2, 0, 0, 1] 0.39908214357318
[46.67626131372638, 2, 0, 0, 1] 0.35131991543944
[18.95949504233767, 2, 0, 0, 1] 0.04442670702081
[3.759798603596476, 2, 0, 0, 1] 0.01224749487141
[19.78714841173473, 2, 0, 0, 1] 0.03867952134278
[6.355450321310446, 2, 0, 0, 1] 0.0412656376965
[27.285321776793918, 2, 0, 0, 1] 0.03992085074367
[45.49970152338553, 2, 0, 0, 1] 0.32794913168807
[18.751744992746243, 2, 0, 0, 1] 0.04603752563585
[4.178360589502134, 2, 0, 0, 1] 0.02849678412565
[8.229978952480515, 2, 0, 0, 1] 0.02577039867063
[1.3197180356187888, 2, 0, 0, 1] 0.01257922647801
[8.749790489755826, 2, 0, 0, 1] 0.04468604641029
[29.567239280419443, 2, 0, 0, 1] 0.05832380852273
[0.5713264419685615, 2, 0, 0, 1] 0.03280506350403
[17.425413282216777, 2, 0, 0, 1] 0.05772798801998
[33.05972445425169, 2, 0, 0, 1] 0.10001671011676
[42.037129631544815, 2, 0, 0, 1] 0.25850957976013
[49.520808025472626, 2, 0, 0, 1] 0.40604089788868
[49.38811603504856, 2, 0, 0, 1] 0.40356338364934
[43.37208158861421, 2, 0, 0, 1] 0.28524290688211
[42.6008786765147, 2, 0, 0, 1] 0.26977165382655
[1.6197404267147775, 2, 0, 0, 1] 0.02541415013203
[38.5641821028864, 2, 0, 0, 1] 0.19119985004051
[37.344179519987854, 2, 0, 0, 1] 0.16893170971652
[20.914409952817014, 2, 0, 0, 1] 0.03268122741674
[7.665169844877995, 2, 0, 0, 1] 0.00388535917023
[36.71155333299232, 2, 0, 0, 1] 0.1577753558208
[9.647388892814124, 2, 0, 0, 1] 0.07173769422785
[40.55785312991546, 2, 0, 0, 1] 0.22929743195722
[24.077847993998887, 2, 0, 0, 1] 0.02767360799877
[21.707343990416184, 2, 0, 0, 1] 0.02977955162156
[22.314581366073426, 2, 0, 0, 1] 0.02830403152883
[40.228038681174816, 2, 0, 0, 1] 0.22287646062251
[49.893224447248066, 2, 0, 0, 1] 0.41294760261202
[4.630873346273711, 2, 0, 0, 1] 0.04374265248114
[3.641977487947762, 2, 0, 0, 1] 0.00807864794803
[19.029976340416745, 2, 0, 0, 1] 0.04389511255056
[13.757858768410108, 2, 0, 0, 1] 0.09407472642756
[0.3010418447965457, 2, 0, 0, 1] 0.05521043288879
[10.032253938461755, 2, 0, 0, 1] 0.08062616391551
[44.04115977206016, 2, 0, 0, 1] 0.29869278484401
[27.281189499160863, 2, 0, 0, 1] 0.03989451672539
[2.012426074921392, 2, 0, 0, 1] 0.02133374593061
[44.479097448461516, 2, 0, 0, 1] 0.30749455268916
[41.80786733829789, 2, 0, 0, 1] 0.25394600033216
[23.054863732470665, 2, 0, 0, 1] 0.02738088537305
[16.427177537720684, 2, 0, 0, 1] 0.0677712502932
[8.049570561717056, 2, 0, 0, 1] 0.01885791604378
[1.6522477197034813, 2, 0, 0, 1] 0.02697814013184
[48.55187807640035, 2, 0, 0, 1] 0.3877613356159
[0.40730962244738267, 2, 0, 0, 1] 0.00262344908217
[35.70240766463271, 2, 0, 0, 1] 0.14061148422069
[6.437837766001747, 2, 0, 0, 1] 0.03907202045362
[37.46611694345289, 2, 0, 0, 1] 0.17111447189099
[5.11875023483615, 2, 0, 0, 1] 0.05304027158426
[27.222928597268687, 2, 0, 0, 1] 0.03952601838562
[31.72007396398715, 2, 0, 0, 1] 0.08225244888025
[37.36124501333114, 2, 0, 0, 1] 0.16923658313239
[30.825746808705713, 2, 0, 0, 1] 0.07158716595951
[17.32401598613183, 2, 0, 0, 1] 0.05870905301591
[7.9219326116624575, 2, 0, 0, 1] 0.01390611873959
[11.25549886749264, 2, 0, 0, 1] 0.09776979557496
[25.55565825959602, 2, 0, 0, 1] 0.03123567476087
[40.46041152948796, 2, 0, 0, 1] 0.22739626919285
[34.47640032130499, 2, 0, 0, 1] 0.12093394534059
[26.556768033188753, 2, 0, 0, 1] 0.0356859266673
[19.496090460349585, 2, 0, 0, 1] 0.04057525988834
[47.84201757033516, 2, 0, 0, 1] 0.37411495527298
[31.449563460815614, 2, 0, 0, 1] 0.07892194221023
[46.245602304518385, 2, 0, 0, 1] 0.34280032069787
[1.804245175858804, 2, 0, 0, 1] 0.02850876212645
[24.92138103544521, 2, 0, 0, 1] 0.02925990421821
[1.4764388203068746, 2, 0, 0, 1] 0.0123202079247
[1.7550816594177565, 2, 0, 0, 1] 0.02892476230198
[36.809572883374535, 2, 0, 0, 1] 0.15948489620115
[45.59620377170503, 2, 0, 0, 1] 0.32987629350403
[7.349392815133571, 2, 0, 0, 1] 0.0083092158561
[2.2680849016115223, 2, 0, 0, 1] 0.01108800330887
[21.016188435701384, 2, 0, 0, 1] 0.03224725345834
[1.3008017988590914, 2, 0, 0, 1] 0.01608531349966
[9.544759024129768, 2, 0, 0, 1] 0.06907960637609
[40.641777339652926, 2, 0, 0, 1] 0.23093752236558
[29.802147123736255, 2, 0, 0, 1] 0.06063874047413
[31.61649534594758, 2, 0, 0, 1] 0.08096666780994
[24.113010411681106, 2, 0, 0, 1] 0.0277156600873
[48.431268757955564, 2, 0, 0, 1] 0.38545692236976
[39.95196279464028, 2, 0, 0, 1] 0.21753369405558
[43.16244351680434, 2, 0, 0, 1] 0.2810321989265
[41.695307301652576, 2, 0, 0, 1] 0.25170952391884
[15.431698060388388, 2, 0, 0, 1] 0.078224969171
[36.153981429829216, 2, 0, 0, 1] 0.14819090854893
[0.8107353681840845, 2, 0, 0, 1] 0.05656119086184
[8.333885050893407, 2, 0, 0, 1] 0.02968689247874
[28.286516451589943, 2, 0, 0, 1] 0.04706063349414
[27.066412626144, 2, 0, 0, 1] 0.03856188781155
[9.463661767135218, 2, 0, 0, 1] 0.06689513893749
[13.622356157576027, 2, 0, 0, 1] 0.09509856197893
[34.98924148788146, 2, 0, 0, 1] 0.12899818511259
[42.13776617114265, 2, 0, 0, 1] 0.26051606774481
[16.468104790417588, 2, 0, 0, 1] 0.06734590041299
[14.948928162565494, 2, 0, 0, 1] 0.08319722046556
[33.32748190561077, 2, 0, 0, 1] 0.10380942658059
[49.91384222389365, 2, 0, 0, 1] 0.41332791044891
[8.683672564958428, 2, 0, 0, 1] 0.04238658796974
[13.21915039520301, 2, 0, 0, 1] 0.09776427866728
[23.149097905657058, 2, 0, 0, 1] 0.02733209714537
[38.38053093791201, 2, 0, 0, 1] 0.18778976640669
[3.8867559018654907, 2, 0, 0, 1] 0.01707017250868
[41.22411840217935, 2, 0, 0, 1] 0.2423805465402
[10.146553963291648, 2, 0, 0, 1] 0.08293486150655
[10.907511826658112, 2, 0, 0, 1] 0.09452808468902
[44.83482913480067, 2, 0, 0, 1] 0.31463624411313
[26.513101607357708, 2, 0, 0, 1] 0.03545843830921
[28.246292279723672, 2, 0, 0, 1] 0.04674503084944
[32.53981753406814, 2, 0, 0, 1] 0.09287798222236
[2.419372197996922, 2, 0, 0, 1] 0.00748078854734
[46.36156051765971, 2, 0, 0, 1] 0.34509872551349
[33.713629486221535, 2, 0, 0, 1] 0.10941390436069
[27.14915381160087, 2, 0, 0, 1] 0.03906687084884
[17.34156988408398, 2, 0, 0, 1] 0.05853846032967
[8.17875370319761, 2, 0, 0, 1] 0.02382064931141
[27.807876364305677, 2, 0, 0, 1] 0.04346005679352
[18.79178876851078, 2, 0, 0, 1] 0.0457219941282
[12.096628697362899, 2, 0, 0, 1] 0.10104883878724
[34.11870125182331, 2, 0, 0, 1] 0.11545909827503
[0.7629636505773474, 2, 0, 0, 1] 0.05036365971292
[40.83776870531899, 2, 0, 0, 1] 0.23477691667705
[7.659321294752669, 2, 0, 0, 1] 0.0036572694711
[7.684278863475097, 2, 0, 0, 1] 0.0046308642754
[37.20699487949541, 2, 0, 0, 1] 0.16648823008319
[6.563100618323503, 2, 0, 0, 1] 0.03549762903635
[28.080257847730657, 2, 0, 0, 1] 0.0454674801994
[12.074597179775209, 2, 0, 0, 1] 0.10103536974357
[35.041029607047456, 2, 0, 0, 1] 0.12982618472737
[36.16360938969422, 2, 0, 0, 1] 0.1483543315134
[21.325004347261956, 2, 0, 0, 1] 0.03104118016713
[32.065767219548, 2, 0, 0, 1] 0.08663700507505
[11.946882720315271, 2, 0, 0, 1] 0.10088685640763
[48.16521489234637, 2, 0, 0, 1] 0.38035261600684
[11.781469178343807, 2, 0, 0, 1] 0.10050859603256
[18.244163779405543, 2, 0, 0, 1] 0.05023819896677
[2.2816721793264607, 2, 0, 0, 1] 0.01067706237299
[4.702886192921163, 2, 0, 0, 1] 0.04563923040536
[10.89584255104919, 2, 0, 0, 1] 0.09439805296542
[15.25620723896961, 2, 0, 0, 1] 0.08005112806254
[42.65670765270854, 2, 0, 0, 1] 0.27088956447205
[11.861633061870009, 2, 0, 0, 1] 0.10071880230352
[12.546259923434555, 2, 0, 0, 1] 0.10060300875626
[5.767686987307391, 2, 0, 0, 1] 0.05245360479549
[16.613490302046507, 2, 0, 0, 1] 0.06584200022283
[33.91086885184559, 2, 0, 0, 1] 0.11233657727377
[43.71270861720789, 2, 0, 0, 1] 0.29208917380903
[37.22591981297036, 2, 0, 0, 1] 0.16682453527585
[17.140877487273343, 2, 0, 0, 1] 0.06050673693967
[12.179236548229365, 2, 0, 0, 1] 0.10106846585303
[18.876401419295902, 2, 0, 0, 1] 0.04506317399413
[2.652841997062194, 2, 0, 0, 1] 0.00536387074722
[5.012503243666716, 2, 0, 0, 1] 0.05174195616503
[48.58480186588137, 2, 0, 0, 1] 0.38838933399179
[27.49546694089217, 2, 0, 0, 1] 0.04129441694518
[21.087203339524667, 2, 0, 0, 1] 0.03195514855038
[30.407915377038563, 2, 0, 0, 1] 0.06695149634928
[21.918355211562083, 2, 0, 0, 1] 0.02919328882668
[48.769731154645996, 2, 0, 0, 1] 0.391908128849
[12.887733721525757, 2, 0, 0, 1] 0.09944811535665
[41.6428841877373, 2, 0, 0, 1] 0.25066889806413
[39.82394485170151, 2, 0, 0, 1] 0.21506679273541
[47.07242986992614, 2, 0, 0, 1] 0.35911389506226
[36.66069786775349, 2, 0, 0, 1] 0.1568912322481
[18.733823182847193, 2, 0, 0, 1] 0.04617951543726
[23.298889542087135, 2, 0, 0, 1] 0.02728633870501
[49.01634894284857, 2, 0, 0, 1] 0.39657737347366
[22.649184687323693, 2, 0, 0, 1] 0.02776790402424
[29.873774613391728, 2, 0, 0, 1] 0.06135954281275
[46.87221568278151, 2, 0, 0, 1] 0.35518054996768
[1.8753155299154833, 2, 0, 0, 1] 0.0267881424855
[30.43804542013411, 2, 0, 0, 1] 0.0672781848411
[7.396637855654436, 2, 0, 0, 1] 0.00650724898566
[46.680419890606615, 2, 0, 0, 1] 0.35140195459121
[1.4756939611350883, 2, 0, 0, 1] 0.01222557932027
[47.50832533893063, 2, 0, 0, 1] 0.36763481909707
[8.13659563194356, 2, 0, 0, 1] 0.02220777012587
[3.8289204485211115, 2, 0, 0, 1] 0.01484177453311
[18.96469131858246, 2, 0, 0, 1] 0.04438725482392
[25.374938395568343, 2, 0, 0, 1] 0.03060516420979
[12.578671691323711, 2, 0, 0, 1] 0.10052145972764
[10.582062080759048, 2, 0, 0, 1] 0.09035696289408
[34.73736655053651, 2, 0, 0, 1] 0.12500654696643
[5.7944753257013035, 2, 0, 0, 1] 0.05213962357473
[31.574838337194596, 2, 0, 0, 1] 0.08045322901628
[5.773327542183565, 2, 0, 0, 1] 0.05238922832985
[44.30261614354091, 2, 0, 0, 1] 0.30394847431875
[41.25900580621001, 2, 0, 0, 1] 0.24306929252902
[38.465041953903935, 2, 0, 0, 1] 0.18935659976642
[44.90495499701525, 2, 0, 0, 1] 0.3160428370345
[10.039554308409372, 2, 0, 0, 1] 0.08077815545731
[30.049076866337508, 2, 0, 0, 1] 0.06315284153732
[20.02575596832605, 2, 0, 0, 1] 0.03722986598743
[29.335623003717053, 2, 0, 0, 1] 0.05611554597149
[22.306665743161624, 2, 0, 0, 1] 0.02831909463206
[42.44091778887601, 2, 0, 0, 1] 0.26657098249022
[19.021965542366885, 2, 0, 0, 1] 0.04395514819563
[42.41849086286174, 2, 0, 0, 1] 0.26612253687055
[37.122970904454284, 2, 0, 0, 1] 0.16499812450644
[27.40850536782588, 2, 0, 0, 1] 0.04071785261388
[46.166814731344154, 2, 0, 0, 1] 0.34123692523876
[14.304758468647094, 2, 0, 0, 1] 0.08942704510493
[3.3616469899739485, 2, 0, 0, 1] 0.00015371169462
[33.00728829152586, 2, 0, 0, 1] 0.09928310197577
[5.039607214191122, 2, 0, 0, 1] 0.05211212257703
[42.64997808644582, 2, 0, 0, 1] 0.27075479130431
[24.56079080516596, 2, 0, 0, 1] 0.02843491462498
[21.706824227840833, 2, 0, 0, 1] 0.0297810923836
[21.79873395452403, 2, 0, 0, 1] 0.02951602441513
[7.641288659952394, 2, 0, 0, 1] 0.00295428436298
[16.489003436318455, 2, 0, 0, 1] 0.06712902261285
[34.826279631616195, 2, 0, 0, 1] 0.12640886094732
[39.11859492994061, 2, 0, 0, 1] 0.20160637144535
[5.269532729254578, 2, 0, 0, 1] 0.05418352554204
[25.85359265263987, 2, 0, 0, 1] 0.03239149132983
[42.40613968328393, 2, 0, 0, 1] 0.26587559706019
[16.085824915047887, 2, 0, 0, 1] 0.07134446479773
[41.27212937250434, 2, 0, 0, 1] 0.24332846434671
[22.09384020674412, 2, 0, 0, 1] 0.0287653829771
[26.68932923061247, 2, 0, 0, 1] 0.03639491636128
[33.64432943117636, 2, 0, 0, 1] 0.10839656351876
[28.28352823009016, 2, 0, 0, 1] 0.04703710609832
[20.12642996705439, 2, 0, 0, 1] 0.03664684618714
[41.30212853332904, 2, 0, 0, 1] 0.24392108164662
[20.231187222494757, 2, 0, 0, 1] 0.03605836412133
[15.14531563764821, 2, 0, 0, 1] 0.08119532175114
[46.08713093122656, 2, 0, 0, 1] 0.3396543574406
[48.81628195122721, 2, 0, 0, 1] 0.39279155059251
[18.533361641321775, 2, 0, 0, 1] 0.0477998162617
[16.622079815437026, 2, 0, 0, 1] 0.06575352315879
[23.008242184437876, 2, 0, 0, 1] 0.02741074384277
[10.845534979744182, 2, 0, 0, 1] 0.09382113072876
[3.0869038490242584, 2, 0, 0, 1] 0.00401563599375
[13.109857469413944, 2, 0, 0, 1] 0.09837507619953
[44.939362371854166, 2, 0, 0, 1] 0.3167328048604
[14.312144518072362, 2, 0, 0, 1] 0.08935951147015
[4.672466771515094, 2, 0, 0, 1] 0.04485900914592
[28.25029895903488, 2, 0, 0, 1] 0.04677636125325
[38.98983010695738, 2, 0, 0, 1] 0.19917499002372
[21.728644671071272, 2, 0, 0, 1] 0.02971681741976
[21.972414535034513, 2, 0, 0, 1] 0.02905569608268
[18.88302738495672, 2, 0, 0, 1] 0.04501203703362
[16.54563611359279, 2, 0, 0, 1] 0.06654245412241
[6.48043708180367, 2, 0, 0, 1] 0.03788765328202
[47.64666975459455, 2, 0, 0, 1] 0.37032613061658
[38.6236929711336, 2, 0, 0, 1] 0.19230895085815
[24.214934866174026, 2, 0, 0, 1] 0.02784946249316
[5.172060871647549, 2, 0, 0, 1] 0.05353764708317
[8.871312548495796, 2, 0, 0, 1] 0.0488157455129
[35.811776324273424, 2, 0, 0, 1] 0.14243159987672
[38.334298690747005, 2, 0, 0, 1] 0.18693436922918
[35.89463520309998, 2, 0, 0, 1] 0.14381723648947
[33.49747724401066, 2, 0, 0, 1] 0.10625733042452
[37.83681495951233, 2, 0, 0, 1] 0.1778110202516
[5.363860372643215, 2, 0, 0, 1] 0.05448925107039
[24.36676403582041, 2, 0, 0, 1] 0.028081529159
[14.863604486533294, 2, 0, 0, 1] 0.08405520553859
[6.419214120439426, 2, 0, 0, 1] 0.03957926249437
[41.87214038515191, 2, 0, 0, 1] 0.25522429379886
[8.485276329260744, 2, 0, 0, 1] 0.03528482258041
[9.772004476927204, 2, 0, 0, 1] 0.0748033212976
[33.75522763120191, 2, 0, 0, 1] 0.11002696820284
[13.698197160691661, 2, 0, 0, 1] 0.09453267543911
[5.69247106248254, 2, 0, 0, 1] 0.0532220407307
[26.407656331663244, 2, 0, 0, 1] 0.03492152201153
[41.08283752765555, 2, 0, 0, 1] 0.23959489643798
[36.98248151132653, 2, 0, 0, 1] 0.16251786335404
[41.539972268749516, 2, 0, 0, 1] 0.24862792809854
[23.597367942704484, 2, 0, 0, 1] 0.02731116377709
[35.57716710120469, 2, 0, 0, 1] 0.13853973415927
[33.59564822187497, 2, 0, 0, 1] 0.10768490567896
[32.31569048326527, 2, 0, 0, 1] 0.08989483940803
[30.59691220943031, 2, 0, 0, 1] 0.06902031833766
[5.178681462067974, 2, 0, 0, 1] 0.05359226821078
[27.714489199687286, 2, 0, 0, 1] 0.04279729528538
[38.86463578631056, 2, 0, 0, 1] 0.19681922618237
[7.773155756749672, 2, 0, 0, 1] 0.00810148168093
[30.196307290830177, 2, 0, 0, 1] 0.06469076739694
[38.84399377256354, 2, 0, 0, 1] 0.19643159906356
[15.491598087897508, 2, 0, 0, 1] 0.07759826439252
[10.497373926601632, 2, 0, 0, 1] 0.08908184366806
[26.397986050666223, 2, 0, 0, 1] 0.03487316309784
[38.742508182214635, 2, 0, 0, 1] 0.19452915605418
[9.510330706818749, 2, 0, 0, 1] 0.06816123515055
[41.47249077103471, 2, 0, 0, 1] 0.24729102232382
[8.76926299544471, 2, 0, 0, 1] 0.04535636270943
[26.47637059321546, 2, 0, 0, 1] 0.0352694120076
[20.84960503875619, 2, 0, 0, 1] 0.03296694302684
[20.26623729902464, 2, 0, 0, 1] 0.03586562511704
[39.10003010271454, 2, 0, 0, 1] 0.2012553049737
[48.087141333738735, 2, 0, 0, 1] 0.3788494425289
[10.678702143643331, 2, 0, 0, 1] 0.09171508869794
[10.5332796477294, 2, 0, 0, 1] 0.08963222438724
[9.88042907249384, 2, 0, 0, 1] 0.07732479023902
[28.887627809869432, 2, 0, 0, 1] 0.0520568167934
[8.286312788942091, 2, 0, 0, 1] 0.02790056493396
[35.42440043125299, 2, 0, 0, 1] 0.13603098523113
[40.85478657211522, 2, 0, 0, 1] 0.2351108807753
[8.630701926493533, 2, 0, 0, 1] 0.04051911967097
[4.460866744133851, 2, 0, 0, 1] 0.03862021917117
[24.152439455294278, 2, 0, 0, 1] 0.02776532241931
[27.65405461170669, 2, 0, 0, 1] 0.04237537711699
[43.89408150128109, 2, 0, 0, 1] 0.29573571597444
[11.904022266995934, 2, 0, 0, 1] 0.10080941588043
[1.0496153268454878, 2, 0, 0, 1] 0.05836285933736
[40.08018093404426, 2, 0, 0, 1] 0.22001125196389
[12.041522653172398, 2, 0, 0, 1] 0.10100851957135
[17.95250780221688, 2, 0, 0, 1] 0.05281179137912
[9.941604815772253, 2, 0, 0, 1] 0.07868726631244
[10.269337292266222, 2, 0, 0, 1] 0.08524646846872
[49.428882603732255, 2, 0, 0, 1] 0.40432545420723
[33.98912237936572, 2, 0, 0, 1] 0.11350715324963
[36.938787524396815, 2, 0, 0, 1] 0.16174936944646
[27.222234476258755, 2, 0, 0, 1] 0.03952165946604
[31.205892908378267, 2, 0, 0, 1] 0.07599886918804
[37.01312670782181, 2, 0, 0, 1] 0.16305767874593
[3.033929451273165, 2, 0, 0, 1] 0.00441060236696
[42.757133241931164, 2, 0, 0, 1] 0.27290145729656
[7.877118803031891, 2, 0, 0, 1] 0.01215998250167
[46.0949502847296, 2, 0, 0, 1] 0.33980971642277
[27.17338869013204, 2, 0, 0, 1] 0.03921677718829
[15.638221968073617, 2, 0, 0, 1] 0.07605906501289
[28.289700906729305, 2, 0, 0, 1] 0.0470857203046
[34.54064230386775, 2, 0, 0, 1] 0.12193044950194
[47.84385471303562, 2, 0, 0, 1] 0.37415052207758
[17.82404402460002, 2, 0, 0, 1] 0.05397982385813
[40.22504560750712, 2, 0, 0, 1] 0.22281837589093
[30.94323892257463, 2, 0, 0, 1] 0.07293116047981
[10.012960783014696, 2, 0, 0, 1] 0.08022150454682
[44.48973415749127, 2, 0, 0, 1] 0.30770822560544
[7.878689201283734, 2, 0, 0, 1] 0.01222121829593
[32.30526615120583, 2, 0, 0, 1] 0.08975749974059
[38.35350528000176, 2, 0, 0, 1] 0.18728958179179
[25.12293271119466, 2, 0, 0, 1] 0.02981564639084
[39.842188162686654, 2, 0, 0, 1] 0.21541791783108
[12.116574269185133, 2, 0, 0, 1] 0.10105801697668
[35.996832722425715, 2, 0, 0, 1] 0.14553413187121
[21.902546642810467, 2, 0, 0, 1] 0.02923449657466
[34.35935436742958, 2, 0, 0, 1] 0.1191286431397
[35.80034851906228, 2, 0, 0, 1] 0.14224094575096
[27.520088954363082, 2, 0, 0, 1] 0.04145974928882
[3.6709236450985836, 2, 0, 0, 1] 0.00906729732421
[9.787834405515184, 2, 0, 0, 1] 0.0751799408991
[8.414683990009758, 2, 0, 0, 1] 0.03269195031869
[19.753525462159764, 2, 0, 0, 1] 0.03889140814229
[26.106506312374673, 2, 0, 0, 1] 0.03348537369238
[23.388833381630775, 2, 0, 0, 1] 0.0272775818012
[43.12803067686603, 2, 0, 0, 1] 0.28034128485446
[35.63689422503463, 2, 0, 0, 1] 0.13952607354917
[27.036218506047195, 2, 0, 0, 1] 0.0383802395857
[4.97827541699602, 2, 0, 0, 1] 0.05123634525342
[13.449155727270456, 2, 0, 0, 1] 0.09631798423524
[0.1728473166335842, 2, 0, 0, 1] 0.0013516094748
[23.66831784119356, 2, 0, 0, 1] 0.02733971415071
[28.152674735107443, 2, 0, 0, 1] 0.0460196981498
[16.663106211679622, 2, 0, 0, 1] 0.06533154845962
[9.849961534830864, 2, 0, 0, 1] 0.07663001769337
[43.317487060062895, 2, 0, 0, 1] 0.28414607918829
[0.25398891131813706, 2, 0, 0, 1] 0.05230998103581
[6.664905265963333, 2, 0, 0, 1] 0.03239900815414
[44.24030565782534, 2, 0, 0, 1] 0.30269612212729
[35.31308648824552, 2, 0, 0, 1] 0.13421585687821
[45.35707354542128, 2, 0, 0, 1] 0.32509817080434
[32.645031246103464, 2, 0, 0, 1] 0.09429818090511
[47.016567410334694, 2, 0, 0, 1] 0.35801761863778
[14.030095569569824, 2, 0, 0, 1] 0.09185464369509
[13.12976261133167, 2, 0, 0, 1] 0.09826772638369
[20.15322355832617, 2, 0, 0, 1] 0.036494562072
[44.25421956834999, 2, 0, 0, 1] 0.30297578453533
[47.88264309786881, 2, 0, 0, 1] 0.37490117113423
[1.3287048418505087, 2, 0, 0, 1] 0.01093726157951
[30.703689898364367, 2, 0, 0, 1] 0.07020965301901
[40.05098641587214, 2, 0, 0, 1] 0.21944653994681
[31.269199681980727, 2, 0, 0, 1] 0.07675121287981
[40.75736749491971, 2, 0, 0, 1] 0.23320035778742
[18.888603456911834, 2, 0, 0, 1] 0.04496905426216
[41.56865124476374, 2, 0, 0, 1] 0.24919643958255
[40.02834200454352, 2, 0, 0, 1] 0.21900876380065
[994.1518540732699, 2, 0, 0, 1] 0.57472088621707
[578.4493054387336, 2, 0, 0, 1] 0.60811043639002
[274.9930491849441, 2, 0, 0, 1] 0.53347857873231
[430.44456514657935, 2, 0, 0, 1] 0.65688069462264
[101.98596578532783, 2, 0, 0, 1] 0.0005519199824
[306.27308027216174, 2, 0, 0, 1] 0.60524654734374
[540.2922496944645, 2, 0, 0, 1] 0.61949021711701
[238.2646910876608, 2, 0, 0, 1] 0.40499991249403
[114.91815619203913, 2, 0, 0, 1] 0.00234353762998
[235.7500976640782, 2, 0, 0, 1] 0.39472880548293
[681.741257895098, 2, 0, 0, 1] 0.58662775195081
[92.62986518404112, 2, 0, 0, 1] 0.01109868965397
[436.9212978162281, 2, 0, 0, 1] 0.65502251384824
[393.2663273701518, 2, 0, 0, 1] 0.66346254126078
[132.9231835007579, 2, 0, 0, 1] 0.01520003444445
[536.7684830646189, 2, 0, 0, 1] 0.62063078868861
[723.6604918092937, 2, 0, 0, 1] 0.5813343240758
[723.8828604834486, 2, 0, 0, 1] 0.5813106560351
[761.6090008469242, 2, 0, 0, 1] 0.57789626450335
[949.2013127051662, 2, 0, 0, 1] 0.57369550083171
[151.83590960740162, 2, 0, 0, 1] 0.05737138616823
[107.70235600096281, 2, 0, 0, 1] 0.00239766994932
[332.08493895701866, 2, 0, 0, 1] 0.63998826258011
[338.2203747011673, 2, 0, 0, 1] 0.64553536593921
[404.7153173141662, 2, 0, 0, 1] 0.66239444091648
[314.9413912249834, 2, 0, 0, 1] 0.61914410829015
[501.49476897069337, 2, 0, 0, 1] 0.63271278002023
[577.8710218989041, 2, 0, 0, 1] 0.60826894534219
[256.54514370778674, 2, 0, 0, 1] 0.47448574564232
[119.16291260735483, 2, 0, 0, 1] 0.00039024373534
[650.2898328018427, 2, 0, 0, 1] 0.59179796492608
[773.3134914742152, 2, 0, 0, 1] 0.57706248628665
[858.648414907452, 2, 0, 0, 1] 0.57360843993184
[525.1468743227508, 2, 0, 0, 1] 0.62448770767679
[520.6443929999687, 2, 0, 0, 1] 0.62601836168136
[751.4526293801903, 2, 0, 0, 1] 0.57870268767947
[941.3630753779171, 2, 0, 0, 1] 0.5735740186829
[563.867117939319, 2, 0, 0, 1] 0.61224119231643
[786.7429869417224, 2, 0, 0, 1] 0.57622519402912
[542.9829554128742, 2, 0, 0, 1] 0.61862884758621
[106.47753751669082, 2, 0, 0, 1] 0.00199018279211
[624.7361032707577, 2, 0, 0, 1] 0.59684813054061
[618.7589026279379, 2, 0, 0, 1] 0.59814617026907
[444.63744575806095, 2, 0, 0, 1] 0.65264275405451
[62.64754938748225, 2, 0, 0, 1] 0.07153626327027
[690.5400235935505, 2, 0, 0, 1] 0.58537307099481
[904.680098334785, 2, 0, 0, 1] 0.57326963629332
[417.2460202639895, 2, 0, 0, 1] 0.66004755267782
[509.3817998747773, 2, 0, 0, 1] 0.62992389859363
[361.05826534859966, 2, 0, 0, 1] 0.65882620738853
[389.72092450580817, 2, 0, 0, 1] 0.66356081422708
[972.1285828110219, 2, 0, 0, 1] 0.57415227534565
[676.3445185012101, 2, 0, 0, 1] 0.58743747120152
[541.9697185128842, 2, 0, 0, 1] 0.61895222821876
[149.35244376361416, 2, 0, 0, 1] 0.05060408236537
[702.8199211089564, 2, 0, 0, 1] 0.5837531105967
[644.8437984939014, 2, 0, 0, 1] 0.5928079523696
[271.52067480043956, 2, 0, 0, 1] 0.52330955324038
[147.01904725217858, 2, 0, 0, 1] 0.04456510745904
[347.55951394238525, 2, 0, 0, 1] 0.65229042816948
[207.44926191589545, 2, 0, 0, 1] 0.27218832286497
[468.88334199984143, 2, 0, 0, 1] 0.64440519347715
[603.9830978414952, 2, 0, 0, 1] 0.60155161038187
[143.32328954302085, 2, 0, 0, 1] 0.03565725350823
[762.635841921151, 2, 0, 0, 1] 0.57781909200934
[403.1624819742353, 2, 0, 0, 1] 0.66260026234336
[91.76551322353481, 2, 0, 0, 1] 0.0124201427857
[62.10839995193745, 2, 0, 0, 1] 0.07219128028302
[63.72266412375456, 2, 0, 0, 1] 0.07006724743063
[924.1448593271963, 2, 0, 0, 1] 0.57337457629368
[697.2363004345076, 2, 0, 0, 1] 0.58447114565089
[418.87781233118164, 2, 0, 0, 1] 0.65978957448167
[638.6412354332462, 2, 0, 0, 1] 0.59400142104218
[635.1918357001466, 2, 0, 0, 1] 0.59468532747598
[720.4911180484837, 2, 0, 0, 1] 0.58167644906159
[846.19899528366, 2, 0, 0, 1] 0.57386163673279
[805.4739049880112, 2, 0, 0, 1] 0.57525624050807
[889.1545142836669, 2, 0, 0, 1] 0.57328619138255
[622.4904802352336, 2, 0, 0, 1] 0.59733049211594
[511.67481104875435, 2, 0, 0, 1] 0.62912068632322
[966.5771156068938, 2, 0, 0, 1] 0.57402840822253
[901.6526993973416, 2, 0, 0, 1] 0.57326561259969
[937.3212161036571, 2, 0, 0, 1] 0.57351870676096
[622.7483773277421, 2, 0, 0, 1] 0.5972747717516
[933.2257850554354, 2, 0, 0, 1] 0.57346789391915
[296.41115974517413, 2, 0, 0, 1] 0.58639635954622
[633.9554381159053, 2, 0, 0, 1] 0.59493401434788
[506.99629800236306, 2, 0, 0, 1] 0.63076337574723
[763.0965688069844, 2, 0, 0, 1] 0.57778472152884
[706.5352691178531, 2, 0, 0, 1] 0.58329210754343
[840.9175844413658, 2, 0, 0, 1] 0.57399212316271
[198.2871790810822, 2, 0, 0, 1] 0.23179454885165
[767.3915930312739, 2, 0, 0, 1] 0.57747185934646
[749.3611209757793, 2, 0, 0, 1] 0.57887867877353
[731.2418077903088, 2, 0, 0, 1] 0.580551874668
[422.64843387844803, 2, 0, 0, 1] 0.65890700787143
[149.3435533894033, 2, 0, 0, 1] 0.05058047966408
[767.8817587658231, 2, 0, 0, 1] 0.57743701410722
[487.72256797883483, 2, 0, 0, 1] 0.63764960717889
[855.63020184733, 2, 0, 0, 1] 0.57366298134484
[551.2988380498215, 2, 0, 0, 1] 0.61602084812018
[820.2293234962968, 2, 0, 0, 1] 0.57464430199965
[153.67185926901135, 2, 0, 0, 1] 0.06259279677229
[416.2720990249522, 2, 0, 0, 1] 0.66025621017257
[500.65347967501503, 2, 0, 0, 1] 0.6330123387058
[722.9999738525731, 2, 0, 0, 1] 0.58140488583749
[670.3312378791027, 2, 0, 0, 1] 0.58837658165681
[231.0954814513086, 2, 0, 0, 1] 0.37534753128926
[769.1482197651992, 2, 0, 0, 1] 0.57734779101659
[789.2395569940081, 2, 0, 0, 1] 0.5760830030455
[201.5767383676827, 2, 0, 0, 1] 0.24623227192313
[918.2211334719881, 2, 0, 0, 1] 0.57332855884968
[575.4253456528689, 2, 0, 0, 1] 0.60894417923638
[275.9812946915211, 2, 0, 0, 1] 0.53629156106025
[215.97042197219548, 2, 0, 0, 1] 0.30990414785225
[583.0040919534338, 2, 0, 0, 1] 0.60687737743016
[479.6207390318986, 2, 0, 0, 1] 0.64056665723988
[784.4844499966149, 2, 0, 0, 1] 0.57635740053587
[420.86959918568454, 2, 0, 0, 1] 0.65922782474715
[619.3500257356865, 2, 0, 0, 1] 0.59801577711764
[762.2086065761995, 2, 0, 0, 1] 0.57785110533835
[682.7930418369735, 2, 0, 0, 1] 0.58647353405708
[438.28039184950916, 2, 0, 0, 1] 0.6546153698053
[721.0868736127704, 2, 0, 0, 1] 0.58161145302667
[418.4144890883684, 2, 0, 0, 1] 0.65989315206089
[704.3376385303432, 2, 0, 0, 1] 0.58356318703378
[732.4653376573787, 2, 0, 0, 1] 0.58043026466419
[274.8646360439066, 2, 0, 0, 1] 0.53311041355185
[610.5196587323178, 2, 0, 0, 1] 0.60001026804358
[837.5001239584798, 2, 0, 0, 1] 0.5740841392258
[804.4638931011762, 2, 0, 0, 1] 0.57530286688956
[666.101453968264, 2, 0, 0, 1] 0.58906089782384
[497.97261040431044, 2, 0, 0, 1] 0.63396913100698
[644.1579589918788, 2, 0, 0, 1] 0.59293764356749
[153.83512984416242, 2, 0, 0, 1] 0.06306593922424
[398.2775705954227, 2, 0, 0, 1] 0.66312761982347
[804.806539649118, 2, 0, 0, 1] 0.57528697911645
[158.08296578257608, 2, 0, 0, 1] 0.07586541212146
[727.663092484631, 2, 0, 0, 1] 0.58091497564473
[838.1827256379854, 2, 0, 0, 1] 0.57406527805769
[633.3994327836385, 2, 0, 0, 1] 0.59504646153664
[338.07299756732, 2, 0, 0, 1] 0.64541287043462
[655.1616942375582, 2, 0, 0, 1] 0.59092400350309
[698.1150141081936, 2, 0, 0, 1] 0.58435611521875
[191.80112716502765, 2, 0, 0, 1] 0.20371097759632
[63.34753417886156, 2, 0, 0, 1] 0.07060338049259
[290.653352273305, 2, 0, 0, 1] 0.57381532586908
[582.4262232696032, 2, 0, 0, 1] 0.60703229941222
[922.417905987655, 2, 0, 0, 1] 0.57335992683272
[250.75420943925158, 2, 0, 0, 1] 0.45355522546026
[763.5405468659687, 2, 0, 0, 1] 0.57775174983354
[233.27281648939095, 2, 0, 0, 1] 0.38447021381225
[232.25008037073601, 2, 0, 0, 1] 0.38019699063856
[899.2835875820364, 2, 0, 0, 1] 0.57326487208916
[280.0855793161393, 2, 0, 0, 1] 0.5475880040914
[506.4342304450991, 2, 0, 0, 1] 0.63096171413048
[246.98566676527815, 2, 0, 0, 1] 0.43937052825388
[95.78964113291408, 2, 0, 0, 1] 0.00675645497414
[825.8348402997213, 2, 0, 0, 1] 0.57444465054235
[694.3252386214019, 2, 0, 0, 1] 0.58485770785943
[898.0073552651041, 2, 0, 0, 1] 0.57326535949284
[257.53892792868805, 2, 0, 0, 1] 0.47796736291304
[761.7875999627533, 2, 0, 0, 1] 0.57788278524068
[338.65969062559503, 2, 0, 0, 1] 0.64589746195751
[106.46324461186634, 2, 0, 0, 1] 0.00198470676686
[930.4160576134867, 2, 0, 0, 1] 0.57343613683882
[486.2260347767594, 2, 0, 0, 1] 0.63818858921722
[384.86408373631565, 2, 0, 0, 1] 0.66349084789412
[204.2696673323025, 2, 0, 0, 1] 0.25811451108041
[248.9433990502029, 2, 0, 0, 1] 0.44679290523008
[140.43770592691186, 2, 0, 0, 1] 0.02928271911598
[324.956966021256, 2, 0, 0, 1] 0.63232694203
[63.369209530661266, 2, 0, 0, 1] 0.07057307152462
[125.12417210710008, 2, 0, 0, 1] 0.00467105111811
[508.0149656507621, 2, 0, 0, 1] 0.63040443448588
[134.8513845256661, 2, 0, 0, 1] 0.01845629207981
[422.8712755705493, 2, 0, 0, 1] 0.65885272376825
[106.74837874382922, 2, 0, 0, 1] 0.00209080395778
[979.9596714528259, 2, 0, 0, 1] 0.57434066719319
[382.004485719173, 2, 0, 0, 1] 0.66324598701214
[124.23777666717777, 2, 0, 0, 1] 0.0037508703794
[421.55357822187773, 2, 0, 0, 1] 0.65906576075868
[837.7277359419819, 2, 0, 0, 1] 0.57407782362296
[898.6885732061058, 2, 0, 0, 1] 0.57326502170914
[957.932769565846, 2, 0, 0, 1] 0.5738521444582
[350.8835068509029, 2, 0, 0, 1] 0.65415424591729
[813.9354897056072, 2, 0, 0, 1] 0.57488971269894
[615.070288530681, 2, 0, 0, 1] 0.59896991593114
[374.8777893985724, 2, 0, 0, 1] 0.6624237683007
[407.5091729012575, 2, 0, 0, 1] 0.66188494566752
[367.58484312045255, 2, 0, 0, 1] 0.66088355690159
[455.6801096470374, 2, 0, 0, 1] 0.64900013566478
[895.2364956562252, 2, 0, 0, 1] 0.57326857755756
[249.44138517715353, 2, 0, 0, 1] 0.44866258812872
[671.587365236118, 2, 0, 0, 1] 0.58817715622569
[265.2169643628183, 2, 0, 0, 1] 0.50372544403232
[270.34830251429617, 2, 0, 0, 1] 0.51977637855976
[212.3193928014494, 2, 0, 0, 1] 0.29376771494209
[160.0375594373627, 2, 0, 0, 1] 0.08206116289608
[995.0674455116655, 2, 0, 0, 1] 0.5747470640207
