[11.867131305712558, 3, 0, 0, 1] 0.09673862788717
[1.6332540586018907, 3, 0, 0, 1] 0.00020965761245
[10.081551723520976, 3, 0, 0, 1] 0.07494236595503
[42.68656798015521, 3, 0, 0, 1] 0.27750281645609
[29.364111848191083, 3, 0, 0, 1] 0.07679002331569
[2.3925227103438584, 3, 0, 0, 1] 0.01487042591089
[1.2645747395716223, 3, 0, 0, 1] 0.03672015425089
[4.517172050855428, 3, 0, 0, 1] 0.0294280396138
[12.669430157513423, 3, 0, 0, 1] 0.09821246385186
[40.28894249224001, 3, 0, 0, 1] 0.23303161068876
[0.4739367190946586, 3, 0, 0, 1] 1e+100
[22.46223822471688, 3, 0, 0, 1] 0.04859720188745
[45.557048819307504, 3, 0, 0, 1] 0.33179371106247
[22.70552956621565, 3, 0, 0, 1] 0.04842683667532
[24.43559983132506, 3, 0, 0, 1] 0.0497191812547
[17.593569637084112, 3, 0, 0, 1] 0.06882214384118
[21.408614244876382, 3, 0, 0, 1] 0.05032627660043
[25.25163097122626, 3, 0, 0, 1] 0.05184831595935
[37.03812212423804, 3, 0, 0, 1] 0.17648961324072
[32.913537495246224, 3, 0, 0, 1] 0.1155289854091
[46.025757323109886, 3, 0, 0, 1] 0.34062853073503
[28.84926437870724, 3, 0, 0, 1] 0.07242569214093
[48.891260828693426, 3, 0, 0, 1] 0.39360772129494
[20.023971373838105, 3, 0, 0, 1] 0.05497433267056
[7.898385087088094, 3, 0, 0, 1] 0.00797505739583
[38.43157034359155, 3, 0, 0, 1] 0.20002286718929
[15.360509417808732, 3, 0, 0, 1] 0.08515278132265
[49.72680069232339, 3, 0, 0, 1] 0.40855375109853
[42.001690013902554, 3, 0, 0, 1] 0.26465252269951
[40.068166584294815, 3, 0, 0, 1] 0.22902704074928
[6.1949030959738804, 3, 0, 0, 1] 0.0420379512148
[43.005612062997606, 3, 0, 0, 1] 0.28351533506397
[3.668574444297085, 3, 0, 0, 1] 0.00814926729746
[38.12430750576194, 3, 0, 0, 1] 0.19473175010583
[12.524169289621213, 3, 0, 0, 1] 0.09822753082484
[44.67585152613575, 3, 0, 0, 1] 0.3151253777604
[36.43623442153989, 3, 0, 0, 1] 0.16672213270987
[44.9691096113917, 3, 0, 0, 1] 0.32067830192775
[39.955642181953635, 3, 0, 0, 1] 0.22699350396248
[25.405432936760885, 3, 0, 0, 1] 0.05235761005825
[46.34243949072337, 3, 0, 0, 1] 0.34657954892938
[22.983681218706643, 3, 0, 0, 1] 0.0483382105914
[42.44837879569164, 3, 0, 0, 1] 0.27302401266227
[24.342834645355904, 3, 0, 0, 1] 0.04953851660072
[17.08483220824006, 3, 0, 0, 1] 0.07241163028097
[6.975399398154108, 3, 0, 0, 1] 0.02355053311161
[31.002771608931457, 3, 0, 0, 1] 0.09286810037949
[14.000640458301822, 3, 0, 0, 1] 0.09394997467742
[4.884792322295556, 3, 0, 0, 1] 0.03850517695295
[21.83947545482, 3, 0, 0, 1] 0.04942581805154
[42.48278993232389, 3, 0, 0, 1] 0.27367047965352
[43.27696390602019, 3, 0, 0, 1] 0.28863901492265
[38.869570574422944, 3, 0, 0, 1] 0.20765575131851
[4.18069684500626, 3, 0, 0, 1] 0.0200422155599
[15.749167917571654, 3, 0, 0, 1] 0.08230078717496
[38.04954175283087, 3, 0, 0, 1] 0.19345254932588
[39.60896206580096, 3, 0, 0, 1] 0.22076187470106
[22.896756042000664, 3, 0, 0, 1] 0.0483537241223
[38.304242922552845, 3, 0, 0, 1] 0.19782371829208
[24.460794537933477, 3, 0, 0, 1] 0.04977042015193
[18.837721584582308, 3, 0, 0, 1] 0.0609345446381
[26.702686212977177, 3, 0, 0, 1] 0.05799581230409
[48.22371270312467, 3, 0, 0, 1] 0.3814765196753
[41.347070816625006, 3, 0, 0, 1] 0.25246516093004
[19.39615968054067, 3, 0, 0, 1] 0.05791701816356
[25.045539081021438, 3, 0, 0, 1] 0.05121939342312
[23.839521757025437, 3, 0, 0, 1] 0.04877788623921
[23.380774069661737, 3, 0, 0, 1] 0.04840841185486
[25.13624214374443, 3, 0, 0, 1] 0.0514886236206
[11.11031076097545, 3, 0, 0, 1] 0.09111795873468
[29.757041641598033, 3, 0, 0, 1] 0.08034634310158
[20.60273314908073, 3, 0, 0, 1] 0.05271324564317
[9.789060495487501, 3, 0, 0, 1] 0.06833968205068
[4.683398296292146, 3, 0, 0, 1] 0.03381164860764
[43.49619357444857, 3, 0, 0, 1] 0.29278382814094
[47.67527871785855, 3, 0, 0, 1] 0.37139996675564
[35.80994040112267, 3, 0, 0, 1] 0.15684326451403
[49.669680730219746, 3, 0, 0, 1] 0.40754116327707
[10.495585756397846, 3, 0, 0, 1] 0.08274718562989
[30.932321293068522, 3, 0, 0, 1] 0.09211071631832
[43.613816496552936, 3, 0, 0, 1] 0.29500921630318
[11.171418957640128, 3, 0, 0, 1] 0.09175246987059
[27.313795991824552, 3, 0, 0, 1] 0.06146927816117
[49.0610710778615, 3, 0, 0, 1] 0.39666779576797
[12.556444322608746, 3, 0, 0, 1] 0.09823386509993
[18.119911059512766, 3, 0, 0, 1] 0.06530960007592
[35.42657265131929, 3, 0, 0, 1] 0.1509485240346
[23.16891144593527, 3, 0, 0, 1] 0.04834214131865
[31.739603520676134, 3, 0, 0, 1] 0.10113044280029
[26.3240261211126, 3, 0, 0, 1] 0.05610406586166
[35.188609942353004, 3, 0, 0, 1] 0.14735037860495
[37.07563396628778, 3, 0, 0, 1] 0.17710678720977
[30.371312301579916, 3, 0, 0, 1] 0.08628788613214
[47.85892481676908, 3, 0, 0, 1] 0.37478434277826
[43.58475135094733, 3, 0, 0, 1] 0.29445922281333
[12.852292240005786, 3, 0, 0, 1] 0.09804154601809
[2.288568203108815, 3, 0, 0, 1] 0.01792565236786
[40.46442955288368, 3, 0, 0, 1] 0.23622804613692
[18.46996578711979, 3, 0, 0, 1] 0.06311086037272
[49.859934059391364, 3, 0, 0, 1] 0.41090836453385
[17.240251481697683, 3, 0, 0, 1] 0.07129788752458
[22.95375561350726, 3, 0, 0, 1] 0.04834230039718
[4.044581085849874, 3, 0, 0, 1] 0.01640843863562
[42.79054403569722, 3, 0, 0, 1] 0.27946072957644
[17.281175505644676, 3, 0, 0, 1] 0.07100695506875
[22.632850914527236, 3, 0, 0, 1] 0.04846866674374
[18.921025858927003, 3, 0, 0, 1] 0.06046180027202
[6.66247693278092, 3, 0, 0, 1] 0.03229917428795
[4.124065263783239, 3, 0, 0, 1] 0.01850326217641
[47.66117433436514, 3, 0, 0, 1] 0.3711396361168
[40.08217959685206, 3, 0, 0, 1] 0.22928064384223
[49.839638441831845, 3, 0, 0, 1] 0.4105499146544
[33.616763989355064, 3, 0, 0, 1] 0.12483961160339
[41.26300009131523, 3, 0, 0, 1] 0.25090812781867
[20.454107605184372, 3, 0, 0, 1] 0.05325119661384
[27.458367720872367, 3, 0, 0, 1] 0.06236606983403
[49.52499734713243, 3, 0, 0, 1] 0.40497007882662
[19.883700142637167, 3, 0, 0, 1] 0.05558862698418
[6.774093287796795, 3, 0, 0, 1] 0.02935155457679
[21.159157981503725, 3, 0, 0, 1] 0.05096826408343
[24.353121666084338, 3, 0, 0, 1] 0.04955793103471
[2.3522269726864167, 3, 0, 0, 1] 0.0161077326213
[33.51067260176235, 3, 0, 0, 1] 0.12340347741487
[11.072548951263016, 3, 0, 0, 1] 0.090708759725
[28.19713807563128, 3, 0, 0, 1] 0.06738970971851
[26.931724714484602, 3, 0, 0, 1] 0.05923717610482
[31.605786311394162, 3, 0, 0, 1] 0.09958426175222
[12.796326035391898, 3, 0, 0, 1] 0.09811105165342
[19.422236161478505, 3, 0, 0, 1] 0.05778506152165
[5.1003566607132065, 3, 0, 0, 1] 0.04249202572932
[14.877664748571368, 3, 0, 0, 1] 0.08855486137769
[23.00507437563067, 3, 0, 0, 1] 0.04833609226865
[12.96766326344897, 3, 0, 0, 1] 0.09785275063839
[3.024430482751778, 3, 0, 0, 1] 0.00012358388951
[22.537145928575754, 3, 0, 0, 1] 0.04853553223995
[21.552881784290662, 3, 0, 0, 1] 0.04999523375166
[33.529961299283634, 3, 0, 0, 1] 0.12366376467939
[17.101725022882906, 3, 0, 0, 1] 0.07228992409621
[22.52825529340237, 3, 0, 0, 1] 0.04854242319903
[38.39967962367503, 3, 0, 0, 1] 0.19947120620586
[18.985582237628467, 3, 0, 0, 1] 0.06010077079754
[3.9967964584180002, 3, 0, 0, 1] 0.01519490409817
[39.89291274045328, 3, 0, 0, 1] 0.22586212777988
[30.01567989814359, 3, 0, 0, 1] 0.0827918465729
[17.038484657418955, 3, 0, 0, 1] 0.07274631488505
[3.884397502142795, 3, 0, 0, 1] 0.01250795638101
[32.889597740577024, 3, 0, 0, 1] 0.11522081826612
[10.853642848954493, 3, 0, 0, 1] 0.08807253257645
[7.77506452078911, 3, 0, 0, 1] 0.00351549342592
[10.4558973352813, 3, 0, 0, 1] 0.0820767019722
[27.900844687645943, 3, 0, 0, 1] 0.06528693351143
[22.03630683993676, 3, 0, 0, 1] 0.04910316978211
[45.85164771375698, 3, 0, 0, 1] 0.33735008569366
[12.799780773286267, 3, 0, 0, 1] 0.09810719086475
[0.16455600557134797, 3, 0, 0, 1] 1e+100
[9.759552028458435, 3, 0, 0, 1] 0.06762373381048
[35.90783114035098, 3, 0, 0, 1] 0.15836734968685
[9.835959795424726, 3, 0, 0, 1] 0.06945890393588
[5.2297112808778685, 3, 0, 0, 1] 0.04427804400759
[33.37765835086552, 3, 0, 0, 1] 0.12161852085938
[9.054704685082527, 3, 0, 0, 1] 0.04795538241954
[36.480477289449965, 3, 0, 0, 1] 0.16743122136178
[28.412047866979883, 3, 0, 0, 1] 0.06898777620046
[47.70222489539262, 3, 0, 0, 1] 0.37189716609364
[13.957417325027798, 3, 0, 0, 1] 0.0941773898431
[0.3766155610194555, 3, 0, 0, 1] 1e+100
[25.99344755771104, 3, 0, 0, 1] 0.05461752920289
[2.307029253403159, 3, 0, 0, 1] 0.0174212355117
[15.00540866626795, 3, 0, 0, 1] 0.08767557766017
[9.626300798707238, 3, 0, 0, 1] 0.0642787031094
[27.520308770853454, 3, 0, 0, 1] 0.06275900747419
[1.0985530092455675, 3, 0, 0, 1] 0.04670849285388
[26.467937315707157, 3, 0, 0, 1] 0.05679935721129
[13.978603239002396, 3, 0, 0, 1] 0.09406647932067
[20.543617578541607, 3, 0, 0, 1] 0.05292363404944
[28.577307998188438, 3, 0, 0, 1] 0.07025795530847
[16.41153421151216, 3, 0, 0, 1] 0.07736021606645
[1.3312349438352133, 3, 0, 0, 1] 0.03065951502517
[43.9405466958044, 3, 0, 0, 1] 0.30119513404955
[25.920645021135723, 3, 0, 0, 1] 0.05431095937059
[5.11232314573652, 3, 0, 0, 1] 0.04267722997894
[11.83748465381942, 3, 0, 0, 1] 0.09660379997014
[24.930722530044285, 3, 0, 0, 1] 0.05089567528605
[38.18909219564629, 3, 0, 0, 1] 0.19584283445342
[16.369068202641245, 3, 0, 0, 1] 0.07767674728923
[0.012789901827370276, 3, 0, 0, 1] 1e+100
[29.558297379020004, 3, 0, 0, 1] 0.07852341895156
[14.52645138152231, 3, 0, 0, 1] 0.09086888126103
[45.58308528212319, 3, 0, 0, 1] 0.33228519829519
[35.95914851663512, 3, 0, 0, 1] 0.15916933566285
[13.258505532480564, 3, 0, 0, 1] 0.09712570544894
[2.50458414369748, 3, 0, 0, 1] 0.01132769904712
[5.187223055670409, 3, 0, 0, 1] 0.0437444231203
[20.665109184219578, 3, 0, 0, 1] 0.052496406596
[41.744384180634675, 3, 0, 0, 1] 0.25984950221347
[13.735939778084965, 3, 0, 0, 1] 0.09526867776058
[45.5563388251769, 3, 0, 0, 1] 0.33178030753222
[21.255769087563102, 3, 0, 0, 1] 0.05070921357859
[27.013740078011917, 3, 0, 0, 1] 0.05969937052819
[25.952572704220007, 3, 0, 0, 1] 0.05444447868775
[4.950368370842884, 3, 0, 0, 1] 0.0398430690863
[47.834331476726284, 3, 0, 0, 1] 0.37433169264219
[43.99418583125838, 3, 0, 0, 1] 0.3022111182498
[14.621463684772568, 3, 0, 0, 1] 0.0902597172462
[29.10903179665723, 3, 0, 0, 1] 0.07458543230773
[10.707572712571945, 3, 0, 0, 1] 0.08605538595058
[46.63130310951772, 3, 0, 0, 1] 0.35199233851496
[6.987392481701804, 3, 0, 0, 1] 0.02318730070608
[18.33214358602878, 3, 0, 0, 1] 0.06396237518784
[24.452052033222603, 3, 0, 0, 1] 0.04975253534716
[10.362020389201486, 3, 0, 0, 1] 0.08042570811539
[13.975271947345592, 3, 0, 0, 1] 0.09408399042895
[49.06159731248815, 3, 0, 0, 1] 0.39667726162364
[2.497103835896175, 3, 0, 0, 1] 0.01156233296155
[24.710539578828595, 3, 0, 0, 1] 0.05032841733856
[8.333295943775088, 3, 0, 0, 1] 0.0236659170335
[22.9498586785631, 3, 0, 0, 1] 0.04834292965363
[25.082683636533364, 3, 0, 0, 1] 0.05132820874966
[39.49834633866786, 3, 0, 0, 1] 0.21878466151043
[41.208783227111425, 3, 0, 0, 1] 0.24990508283523
[13.565879607264014, 3, 0, 0, 1] 0.09601408798266
[49.78207880702499, 3, 0, 0, 1] 0.40953234559706
[10.73033140945358, 3, 0, 0, 1] 0.08638356596372
[11.342920736422391, 3, 0, 0, 1] 0.09335480212643
[42.11676734995865, 3, 0, 0, 1] 0.2668053924798
[37.448095068227374, 3, 0, 0, 1] 0.18328615658
[6.042991384489705, 3, 0, 0, 1] 0.04412966764042
[26.107007094214545, 3, 0, 0, 1] 0.05511074687234
[28.88184655798308, 3, 0, 0, 1] 0.07269182694354
[28.07224643397765, 3, 0, 0, 1] 0.06648910317879
[18.36491662891281, 3, 0, 0, 1] 0.06375818609706
[40.50570797937187, 3, 0, 0, 1] 0.23698157256698
[12.721383454438955, 3, 0, 0, 1] 0.09818057696847
[17.597570407071107, 3, 0, 0, 1] 0.06879460662274
[40.62318447153734, 3, 0, 0, 1] 0.23912942248113
[12.30622941670248, 3, 0, 0, 1] 0.09803153579357
[34.26317056179972, 3, 0, 0, 1] 0.13382325332981
[0.9465206288047923, 3, 0, 0, 1] 0.04501807966938
[43.0542106955211, 3, 0, 0, 1] 0.28443236785401
[45.384168724914474, 3, 0, 0, 1] 0.32852844987507
[19.498590533709244, 3, 0, 0, 1] 0.05740342445581
[26.115738534406663, 3, 0, 0, 1] 0.05514942638897
[34.024434139348095, 3, 0, 0, 1] 0.13045929422686
[44.2031910335254, 3, 0, 0, 1] 0.3061706057818
[22.334445250144853, 3, 0, 0, 1] 0.04872130263935
[17.13001255868346, 3, 0, 0, 1] 0.07208646740111
[1.9225058211954194, 3, 0, 0, 1] 0.01888239282376
[40.50101342648731, 3, 0, 0, 1] 0.23689584361134
[9.538080100408857, 3, 0, 0, 1] 0.06196447059058
[34.086293856369956, 3, 0, 0, 1] 0.13132583128112
[47.149300706472175, 3, 0, 0, 1] 0.36165522253939
[48.411459361325925, 3, 0, 0, 1] 0.38490407108972
[43.90245593500322, 3, 0, 0, 1] 0.30047371382312
[18.561727841934495, 3, 0, 0, 1] 0.06255453774477
[11.560952561575993, 3, 0, 0, 1] 0.09502794562529
[19.40271237981783, 3, 0, 0, 1] 0.05788378181471
[46.100091401004306, 3, 0, 0, 1] 0.34202685715222
[7.9846883110592906, 3, 0, 0, 1] 0.01110431314697
[43.98302807175863, 3, 0, 0, 1] 0.30199977037597
[9.793706935834201, 3, 0, 0, 1] 0.06845159053502
[43.14383163796992, 3, 0, 0, 1] 0.28612419481253
[49.39620066326681, 3, 0, 0, 1] 0.4026739250298
[44.039534050925155, 3, 0, 0, 1] 0.30307013185185
[20.74164932856817, 3, 0, 0, 1] 0.05223759036859
[8.121447806612498, 3, 0, 0, 1] 0.01605809711229
[28.16682705516517, 3, 0, 0, 1] 0.06716923046025
[36.51814634623098, 3, 0, 0, 1] 0.16803608561282
[32.15553070555616, 3, 0, 0, 1] 0.10606256502519
[40.945739556449254, 3, 0, 0, 1] 0.24505116355261
[28.829720718762186, 3, 0, 0, 1] 0.07226671477017
[31.652088777336353, 3, 0, 0, 1] 0.1001169979263
[7.226688580126578, 3, 0, 0, 1] 0.0155917148958
[27.35046291466049, 3, 0, 0, 1] 0.06169402676744
[21.32477306602871, 3, 0, 0, 1] 0.05053224048923
[20.376234596261778, 3, 0, 0, 1] 0.05354494618554
[1.214191822683458, 3, 0, 0, 1] 0.04066659428152
[8.260934791572616, 3, 0, 0, 1] 0.02108076464172
[5.917035378484625, 3, 0, 0, 1] 0.0454070945739
[46.036934028624486, 3, 0, 0, 1] 0.34083883422019
[15.610448966034863, 3, 0, 0, 1] 0.08332638715286
[0.77065220455248, 3, 0, 0, 1] 0.02185543018332
[40.949134702048006, 3, 0, 0, 1] 0.24511367685974
[47.94018978900731, 3, 0, 0, 1] 0.37627876246658
[9.197647057595004, 3, 0, 0, 1] 0.05232131761686
[19.993956605333295, 3, 0, 0, 1] 0.05510364208772
[48.16942379289998, 3, 0, 0, 1] 0.38048323864547
[25.22961795733073, 3, 0, 0, 1] 0.05177821250679
[17.7679660662871, 3, 0, 0, 1] 0.06763309166496
[2.1459447790968422, 3, 0, 0, 1] 0.02078938710221
[43.28661406289966, 3, 0, 0, 1] 0.28882137239985
[16.22976383563366, 3, 0, 0, 1] 0.07871666189575
[49.61351396343904, 3, 0, 0, 1] 0.40654411024389
[3.2767001313183384, 3, 0, 0, 1] 0.00290578179958
[35.432603521234235, 3, 0, 0, 1] 0.15104032769528
[38.07374776332828, 3, 0, 0, 1] 0.19386633935055
[36.18656030400242, 3, 0, 0, 1] 0.16274791664165
[4.784998354514319, 3, 0, 0, 1] 0.03628100329674
[24.885191909195157, 3, 0, 0, 1] 0.05077259841969
[20.771063245447724, 3, 0, 0, 1] 0.05214026496899
[22.44892478476762, 3, 0, 0, 1] 0.04860901961951
[20.27535057127499, 3, 0, 0, 1] 0.05393755197016
[25.50461260489769, 3, 0, 0, 1] 0.05270408303053
[37.70938265667863, 3, 0, 0, 1] 0.18767509154172
[1.8820997553289587, 3, 0, 0, 1] 0.01739962880512
[16.193437821620588, 3, 0, 0, 1] 0.07898808593421
[37.18410611238532, 3, 0, 0, 1] 0.17889684324047
[12.665819169380644, 3, 0, 0, 1] 0.09821417302415
[36.1460083966687, 3, 0, 0, 1] 0.16210687213979
[11.647011726753798, 3, 0, 0, 1] 0.09558160773622
[28.56195958926594, 3, 0, 0, 1] 0.07013848290129
[27.820763941275878, 3, 0, 0, 1] 0.06473874356956
[6.73050715130235, 3, 0, 0, 1] 0.03052722861493
[13.105701102764316, 3, 0, 0, 1] 0.09755051156321
[41.653474404920765, 3, 0, 0, 1] 0.25815628449842
[33.04834128326703, 3, 0, 0, 1] 0.11727522267993
[45.56448006108254, 3, 0, 0, 1] 0.33193399743251
[39.50851284087296, 3, 0, 0, 1] 0.21896615201522
[4.347975243611763, 3, 0, 0, 1] 0.02471342356551
[14.650074904598288, 3, 0, 0, 1] 0.09007366092114
[2.203035646653395, 3, 0, 0, 1] 0.01990788818238
[27.959830805892, 3, 0, 0, 1] 0.06569621780759
[24.660833064173026, 3, 0, 0, 1] 0.05021011361772
[24.62902605391701, 3, 0, 0, 1] 0.05013629955444
[3.9917985194786842, 3, 0, 0, 1] 0.01507023616264
[28.91583269411637, 3, 0, 0, 1] 0.07297088755989
[12.735224442915927, 3, 0, 0, 1] 0.09816980620519
[13.17742371716254, 3, 0, 0, 1] 0.09736247889615
[18.343406744835306, 3, 0, 0, 1] 0.06389208257189
[39.30638265800992, 3, 0, 0, 1] 0.21536675395975
[5.594208644206389, 3, 0, 0, 1] 0.04663523427351
[35.02984723684543, 3, 0, 0, 1] 0.14497638625559
[5.240057081661415, 3, 0, 0, 1] 0.04439998179736
[32.00659658561696, 3, 0, 0, 1] 0.10427470067563
[28.863864857245186, 3, 0, 0, 1] 0.07254478111093
[20.78359568047029, 3, 0, 0, 1] 0.05209915857835
[3.296204946570225, 3, 0, 0, 1] 0.00311224557854
[12.920074718830582, 3, 0, 0, 1] 0.09793789602458
[7.566744976257822, 3, 0, 0, 1] 0.00393069057677
[40.607013401717715, 3, 0, 0, 1] 0.2388334726621
[2.4156929203389135, 3, 0, 0, 1] 0.01414210921549
[22.615575976083353, 3, 0, 0, 1] 0.04847974584227
[43.89503509318284, 3, 0, 0, 1] 0.30033317311803
[31.205308899145596, 3, 0, 0, 1] 0.09507752017715
[27.40160985900482, 3, 0, 0, 1] 0.06201059671574
[14.8121448048049, 3, 0, 0, 1] 0.08899877940506
[6.76158614038917, 3, 0, 0, 1] 0.02969204966315
[10.583494872686167, 3, 0, 0, 1] 0.08417456976742
[24.16404884978155, 3, 0, 0, 1] 0.04922582443785
[26.136532509639515, 3, 0, 0, 1] 0.05524197643801
[4.69333102258605, 3, 0, 0, 1] 0.03406116290926
[43.4404838565846, 3, 0, 0, 1] 0.2917301781506
[5.750353803378422, 3, 0, 0, 1] 0.04642013672147
[2.029663985981889, 3, 0, 0, 1] 0.02102745625617
[3.454857764632624, 3, 0, 0, 1] 0.00494072962187
[49.807276697463124, 3, 0, 0, 1] 0.4099779842011
[27.051867924755395, 3, 0, 0, 1] 0.0599174019639
[18.562309836056873, 3, 0, 0, 1] 0.06255103691648
[33.6859311333062, 3, 0, 0, 1] 0.12578181840543
[41.43668840680414, 3, 0, 0, 1] 0.25412710871254
[29.667269615142423, 3, 0, 0, 1] 0.07951684656011
[35.993005502295915, 3, 0, 0, 1] 0.1596995784886
[21.384153985004744, 3, 0, 0, 1] 0.05038533663981
[17.31600997286157, 3, 0, 0, 1] 0.07076012502055
[20.123316566203076, 3, 0, 0, 1] 0.05455469080206
[8.816759260298983, 3, 0, 0, 1] 0.04031765938922
[5.595361151795242, 3, 0, 0, 1] 0.04663631267334
[48.1845966776712, 3, 0, 0, 1] 0.38076094074221
[10.381030482262265, 3, 0, 0, 1] 0.08076744817001
[13.405091983102647, 3, 0, 0, 1] 0.09663599077822
[38.77871770135162, 3, 0, 0, 1] 0.20606407117478
[26.584216852059388, 3, 0, 0, 1] 0.05738237404292
[12.263796825458417, 3, 0, 0, 1] 0.09796093078978
[23.06996384268135, 3, 0, 0, 1] 0.04833377523839
[39.69628689878827, 3, 0, 0, 1] 0.22232664379245
[19.734020803647702, 3, 0, 0, 1] 0.05627187638358
[14.917127275655123, 3, 0, 0, 1] 0.08828510862551
[48.33734962857962, 3, 0, 0, 1] 0.38355251437135
[20.228281855608294, 3, 0, 0, 1] 0.05412535447282
[13.997390903187961, 3, 0, 0, 1] 0.09396722640692
[2.1850759655528904, 3, 0, 0, 1] 0.02022988665639
[11.057750002982347, 3, 0, 0, 1] 0.09054479620676
[15.863054889781786, 3, 0, 0, 1] 0.08145443705408
[26.41084756602612, 3, 0, 0, 1] 0.05652005154513
[25.348869185462647, 3, 0, 0, 1] 0.05216634548688
[15.021336055828428, 3, 0, 0, 1] 0.08756475970237
[38.59515389851849, 3, 0, 0, 1] 0.2028614740792
[42.83796911097897, 3, 0, 0, 1] 0.28035428336606
[8.195570197815488, 3, 0, 0, 1] 0.01873253051574
[30.96772191373744, 3, 0, 0, 1] 0.09249057288408
[6.587599667825195, 3, 0, 0, 1] 0.03415559568462
[42.32304564655937, 3, 0, 0, 1] 0.27067121855278
[24.7168002064934, 3, 0, 0, 1] 0.05034357296786
[22.30570898695111, 3, 0, 0, 1] 0.04875248505263
[25.21791417978655, 3, 0, 0, 1] 0.05174122499509
[6.148333062793254, 3, 0, 0, 1] 0.04274088230832
[0.2144078051767806, 3, 0, 0, 1] 1e+100
[21.975238585124817, 3, 0, 0, 1] 0.04919728737366
[4.746425978676683, 3, 0, 0, 1] 0.03536594586755
[1.3992019711167814, 3, 0, 0, 1] 0.02382291258491
[43.4987606648494, 3, 0, 0, 1] 0.29283238592599
[30.322181331414782, 3, 0, 0, 1] 0.0857957941691
[32.39182704888309, 3, 0, 0, 1] 0.10894832608386
[37.67604573180945, 3, 0, 0, 1] 0.18711271093754
[23.79071524039691, 3, 0, 0, 1] 0.04872388484249
[29.287213496695703, 3, 0, 0, 1] 0.07611672141508
[14.408779636162317, 3, 0, 0, 1] 0.09160347656399
[23.53806929971059, 3, 0, 0, 1] 0.0485002695697
[39.19891628100925, 3, 0, 0, 1] 0.21346093331954
[21.889501819934328, 3, 0, 0, 1] 0.0493385147924
[37.387832762254256, 3, 0, 0, 1] 0.18228013856436
[41.50311526322144, 3, 0, 0, 1] 0.25536040153852
[43.433456844107305, 3, 0, 0, 1] 0.2915972924164
[2.3421847462892775, 3, 0, 0, 1] 0.01640770356458
[7.076853187054044, 3, 0, 0, 1] 0.02042200877591
[40.572536958271414, 3, 0, 0, 1] 0.23820282039617
[40.216926166045894, 3, 0, 0, 1] 0.23172323616875
[22.490109134762726, 3, 0, 0, 1] 0.04857329959755
[16.375049238785337, 3, 0, 0, 1] 0.0776321492341
[24.299570734680252, 3, 0, 0, 1] 0.04945855961206
[12.192451178547902, 3, 0, 0, 1] 0.09781719425159
[35.77807686244764, 3, 0, 0, 1] 0.15634881084383
[37.14810216733528, 3, 0, 0, 1] 0.17830180651756
[24.910788134521596, 3, 0, 0, 1] 0.05084141903317
[29.41539873276893, 3, 0, 0, 1] 0.07724322794621
[27.001945893376494, 3, 0, 0, 1] 0.05963233261917
[29.016407211073847, 3, 0, 0, 1] 0.07380540797591
[1.3159886545734134, 3, 0, 0, 1] 0.03211424652193
[25.07311296443875, 3, 0, 0, 1] 0.05129998037346
[39.152007205440036, 3, 0, 0, 1] 0.21263079587823
[27.277170690569246, 3, 0, 0, 1] 0.06124661995163
[37.051239684411094, 3, 0, 0, 1] 0.17670532401456
[35.44527325022418, 3, 0, 0, 1] 0.15123328787088
[17.50559037372186, 3, 0, 0, 1] 0.06943065422755
[12.829837282194434, 3, 0, 0, 1] 0.09807120678142
[35.491403379495864, 3, 0, 0, 1] 0.1519369683873
[32.371835542936935, 3, 0, 0, 1] 0.10870186369964
[17.67310995734463, 3, 0, 0, 1] 0.06827692284994
[23.091235842278262, 3, 0, 0, 1] 0.04833436081174
[22.15291956055302, 3, 0, 0, 1] 0.04893844534634
[9.707148973678613, 3, 0, 0, 1] 0.06633005212141
[23.983463835850422, 3, 0, 0, 1] 0.04895750759507
[3.4483591379933234, 3, 0, 0, 1] 0.00485847764937
[3.506250088345997, 3, 0, 0, 1] 0.0056198039892
[10.222988223294333, 3, 0, 0, 1] 0.07781117868274
[10.847593214603535, 3, 0, 0, 1] 0.08799315405323
[0.8463087018066862, 3, 0, 0, 1] 0.03522677224697
[14.892749407450584, 3, 0, 0, 1] 0.08845195335946
[19.136136841333684, 3, 0, 0, 1] 0.05927718684863
[41.70553103329043, 3, 0, 0, 1] 0.25912560284481
[43.46311966794311, 3, 0, 0, 1] 0.29215826449022
[46.18702723875617, 3, 0, 0, 1] 0.34366113749046
[11.163118447132387, 3, 0, 0, 1] 0.09166827472199
[39.60370162567834, 3, 0, 0, 1] 0.22066772142647
[30.16153908633768, 3, 0, 0, 1] 0.08420715115687
[8.139025421495678, 3, 0, 0, 1] 0.01669324036636
[33.39640327419326, 3, 0, 0, 1] 0.12186900616456
[35.591615580664424, 3, 0, 0, 1] 0.15347164151208
[15.508450085441961, 3, 0, 0, 1] 0.0840755956848
[40.21094209297639, 3, 0, 0, 1] 0.23161460937165
[46.926257107667716, 3, 0, 0, 1] 0.35750186756828
[9.399495370594584, 3, 0, 0, 1] 0.058172675386
[45.577104617226425, 3, 0, 0, 1] 0.33217230868996
[7.371980549273266, 3, 0, 0, 1] 0.01070907105154
[21.20377055578469, 3, 0, 0, 1] 0.05084700948215
[11.359663357466909, 3, 0, 0, 1] 0.09349745292981
[39.14377897316424, 3, 0, 0, 1] 0.21248529404558
[28.002444160817348, 3, 0, 0, 1] 0.06599479196294
[2.458187343229712, 3, 0, 0, 1] 0.01279342255991
[28.245607087289454, 3, 0, 0, 1] 0.06774479768561
[31.508463749276235, 3, 0, 0, 1] 0.09847235099047
[0.4624482884435066, 3, 0, 0, 1] 1e+100
[46.49758831995214, 3, 0, 0, 1] 0.34948873297434
[20.695654614847236, 3, 0, 0, 1] 0.05239215748449
[48.89042339377969, 3, 0, 0, 1] 0.39359260316797
[0.6917860395963593, 3, 0, 0, 1] 0.00142943368702
[33.704316994352574, 3, 0, 0, 1] 0.1260330542224
[14.867897400155877, 3, 0, 0, 1] 0.08862135646029
[6.811623628956348, 3, 0, 0, 1] 0.02831507292559
[16.108476342190002, 3, 0, 0, 1] 0.07962301488328
[9.393898753584622, 3, 0, 0, 1] 0.05801560956889
[10.737604654012534, 3, 0, 0, 1] 0.08648735695381
[43.300671299994505, 3, 0, 0, 1] 0.28908702576696
[44.15674300280558, 3, 0, 0, 1] 0.30529060250772
[36.53217256562475, 3, 0, 0, 1] 0.1682615749276
[48.19341218582605, 3, 0, 0, 1] 0.3809222529384
[9.09515445264994, 3, 0, 0, 1] 0.04920873770356
[35.833088236577034, 3, 0, 0, 1] 0.15720297495346
[38.63742838389911, 3, 0, 0, 1] 0.20359742717401
[3.7156891892733745, 3, 0, 0, 1] 0.0090033590627
[32.40370896503847, 3, 0, 0, 1] 0.1090950123441
[15.494598029772261, 3, 0, 0, 1] 0.0841769634436
[7.869373789129347, 3, 0, 0, 1] 0.00692409609313
[29.504667995418387, 3, 0, 0, 1] 0.0780399643534
[29.296809895080195, 3, 0, 0, 1] 0.07620033654101
[0.36165330602518364, 3, 0, 0, 1] 1e+100
[7.859204506691025, 3, 0, 0, 1] 0.00655590984559
[38.21590352393668, 3, 0, 0, 1] 0.19630337450386
[12.257991003917967, 3, 0, 0, 1] 0.09795041514624
[26.54726530134594, 3, 0, 0, 1] 0.05719504955551
[27.106646410347018, 3, 0, 0, 1] 0.06023415712502
[9.721975072817967, 3, 0, 0, 1] 0.06669894635104
[29.351415014407305, 3, 0, 0, 1] 0.07667833807777
[33.801432271550674, 3, 0, 0, 1] 0.12736550898149
[16.380044626553254, 3, 0, 0, 1] 0.07759490480493
[11.029032666471245, 3, 0, 0, 1] 0.0902208072013
[11.259801465598079, 3, 0, 0, 1] 0.09261063575769
[45.43453354821792, 3, 0, 0, 1] 0.32948002601849
[17.784629764960968, 3, 0, 0, 1] 0.06752072467484
[44.41364035350424, 3, 0, 0, 1] 0.31015793586821
[12.334658573396773, 3, 0, 0, 1] 0.0980727570337
[27.877923440786724, 3, 0, 0, 1] 0.06512914809691
[12.34153655754972, 3, 0, 0, 1] 0.09808200490054
[1.02752725361272, 3, 0, 0, 1] 0.04757629051673
[7.027959396956296, 3, 0, 0, 1] 0.02194529306035
[5.232026271007362, 3, 0, 0, 1] 0.0443056023149
[1.4128733641822155, 3, 0, 0, 1] 0.02239814478789
[31.567809423908628, 3, 0, 0, 1] 0.09914910926024
[36.64643333212669, 3, 0, 0, 1] 0.17010379811879
[25.90053478748935, 3, 0, 0, 1] 0.05422760403828
[12.651560701957642, 3, 0, 0, 1] 0.09822027062046
[45.97037409233125, 3, 0, 0, 1] 0.3395861512937
[34.59745806340533, 3, 0, 0, 1] 0.13862172156203
[36.32895063744941, 3, 0, 0, 1] 0.16500870208264
[27.530306973301588, 3, 0, 0, 1] 0.06282292208452
[18.247078193335415, 3, 0, 0, 1] 0.06449723201577
[38.393574623417344, 3, 0, 0, 1] 0.19936566398042
[27.79227480696344, 3, 0, 0, 1] 0.06454579907686
[13.97486138446209, 3, 0, 0, 1] 0.09408614673629
[45.47786649580985, 3, 0, 0, 1] 0.33029854238644
[33.16048500409338, 3, 0, 0, 1] 0.11874201422623
[22.244209838065387, 3, 0, 0, 1] 0.04882325629058
[13.065033075550458, 3, 0, 0, 1] 0.09764787873109
[48.670804782300436, 3, 0, 0, 1] 0.38961888018493
[46.03326724108443, 3, 0, 0, 1] 0.34076984117905
[17.575776479414877, 3, 0, 0, 1] 0.06894475689514
[0.5897751863408907, 3, 0, 0, 1] 1e+100
[0.2462261613443706, 3, 0, 0, 1] 1e+100
[45.82608202291788, 3, 0, 0, 1] 0.33686833167315
[8.640529712301381, 3, 0, 0, 1] 0.03439918832205
[10.936421906231308, 3, 0, 0, 1] 0.08912309428253
[27.76681864908713, 3, 0, 0, 1] 0.06437431917328
[43.556630770824576, 3, 0, 0, 1] 0.29392715797897
[37.669020802128, 3, 0, 0, 1] 0.18699429211467
[31.79900995835705, 3, 0, 0, 1] 0.10182323908262
[11.365133825832501, 3, 0, 0, 1] 0.09354354131471
[15.920808547868958, 3, 0, 0, 1] 0.0810241874366
[15.140104551441597, 3, 0, 0, 1] 0.08673087126218
[45.57817715094345, 3, 0, 0, 1] 0.33219255387642
[42.866650912195325, 3, 0, 0, 1] 0.28089483978268
[9.619815540261417, 3, 0, 0, 1] 0.06411126015157
[22.84590666770904, 3, 0, 0, 1] 0.04836793593542
[9.954745263384352, 3, 0, 0, 1] 0.07219049544428
[21.39446576299193, 3, 0, 0, 1] 0.05036033508909
[19.662950618561492, 3, 0, 0, 1] 0.05660619737415
[21.86912190809678, 3, 0, 0, 1] 0.04937364666998
[15.196628175139242, 3, 0, 0, 1] 0.08632968014392
[26.489288029635, 3, 0, 0, 1] 0.05690498835858
[42.15036677335093, 3, 0, 0, 1] 0.26743449499879
[10.800946505713688, 3, 0, 0, 1] 0.08736908243629
[12.407952919204746, 3, 0, 0, 1] 0.09815699028787
[28.653407752992553, 3, 0, 0, 1] 0.07085485638128
[28.8540902635381, 3, 0, 0, 1] 0.07246502408921
[4.376418922591291, 3, 0, 0, 1] 0.02551367556329
[29.577830195246225, 3, 0, 0, 1] 0.07870039629464
[15.57332922254569, 3, 0, 0, 1] 0.08359958284363
[34.03958910655964, 3, 0, 0, 1] 0.13067125394006
[27.681860747736874, 3, 0, 0, 1] 0.06380833785934
[43.35628594720376, 3, 0, 0, 1] 0.29013821137502
[22.594032802632658, 3, 0, 0, 1] 0.04849417368936
[25.05959523252461, 3, 0, 0, 1] 0.05126033614762
[48.25657596740948, 3, 0, 0, 1] 0.38207732746695
[5.9320295352224885, 3, 0, 0, 1] 0.04527760879001
[18.54088460704596, 3, 0, 0, 1] 0.06268014529825
[7.413584547531804, 3, 0, 0, 1] 0.00928091207858
[11.597776222431587, 3, 0, 0, 1] 0.09527204136589
[42.96063215185589, 3, 0, 0, 1] 0.28266684357591
[43.55095564077176, 3, 0, 0, 1] 0.29381978651303
[41.134818083195505, 3, 0, 0, 1] 0.24853807962319
[31.84614493976643, 3, 0, 0, 1] 0.10237570717154
[11.899860093498454, 3, 0, 0, 1] 0.09688011370051
[19.8286405761806, 3, 0, 0, 1] 0.05583665162853
[23.986964501470116, 3, 0, 0, 1] 0.04896225457564
[26.17909474626945, 3, 0, 0, 1] 0.05543332039794
[8.290197994181952, 3, 0, 0, 1] 0.02212821843812
[32.919161090781365, 3, 0, 0, 1] 0.11560146118599
[48.80362201731973, 3, 0, 0, 1] 0.39202416145402
[34.43033156391934, 3, 0, 0, 1] 0.13621003401843
[7.104846201917536, 3, 0, 0, 1] 0.01953753795111
[42.43642956469743, 3, 0, 0, 1] 0.2727995760726
[25.93619343998571, 3, 0, 0, 1] 0.05437580069457
[6.574494990135565, 3, 0, 0, 1] 0.03446993465727
[8.438162458726078, 3, 0, 0, 1] 0.02737879856971
[21.465332987326335, 3, 0, 0, 1] 0.05019259532588
[40.12861456954654, 3, 0, 0, 1] 0.23012157222858
[0.15637336356603693, 3, 0, 0, 1] 1e+100
[16.124946168841543, 3, 0, 0, 1] 0.07949993530903
[12.74791924286357, 3, 0, 0, 1] 0.09815909635221
[31.846455312070194, 3, 0, 0, 1] 0.10237935317575
[4.3734489283754785, 3, 0, 0, 1] 0.02543016611441
[33.84951146825847, 3, 0, 0, 1] 0.12802852484363
[20.150556724737527, 3, 0, 0, 1] 0.05444187934244
[28.482133508548895, 3, 0, 0, 1] 0.06952208099131
[38.59620583679613, 3, 0, 0, 1] 0.20287977544424
[11.308026120409863, 3, 0, 0, 1] 0.09304972014182
[42.84043466978508, 3, 0, 0, 1] 0.28040074649452
[11.794681381730681, 3, 0, 0, 1] 0.09639781079797
[26.268415190383422, 3, 0, 0, 1] 0.05584319382446
[42.75664600619709, 3, 0, 0, 1] 0.27882224039679
[46.21562738486921, 3, 0, 0, 1] 0.34419851365427
[11.854721611923374, 3, 0, 0, 1] 0.09668296619692
[34.698282759947396, 3, 0, 0, 1] 0.14008877685818
[18.14387715902011, 3, 0, 0, 1] 0.06515534990313
[17.542475256158006, 3, 0, 0, 1] 0.06917485847451
[15.142913007101832, 3, 0, 0, 1] 0.08671100028269
[38.85826785813573, 3, 0, 0, 1] 0.20745750150236
[17.676599972164738, 3, 0, 0, 1] 0.06825311009574
[45.688040381096926, 3, 0, 0, 1] 0.33426563326091
[31.575485569869134, 3, 0, 0, 1] 0.09923693471853
[8.446548245181074, 3, 0, 0, 1] 0.02767373990553
[32.61353667541654, 3, 0, 0, 1] 0.11171005656399
[38.21535905119837, 3, 0, 0, 1] 0.19629401791619
[13.990417431322872, 3, 0, 0, 1] 0.09400416410819
[12.1591251635769, 3, 0, 0, 1] 0.0977390731614
[26.11221751107746, 3, 0, 0, 1] 0.05513381557547
[33.21166818600556, 3, 0, 0, 1] 0.11941569043918
[6.537605002965846, 3, 0, 0, 1] 0.03533733662989
[37.4163672837905, 3, 0, 0, 1] 0.18275619841772
[37.50225619169367, 3, 0, 0, 1] 0.18419233293126
[8.47860230138639, 3, 0, 0, 1] 0.02879819337952
[10.534069862898804, 3, 0, 0, 1] 0.08338181060384
[24.977752307478507, 3, 0, 0, 1] 0.05102596229201
[2.8840416198819216, 3, 0, 0, 1] 0.00193873740449
[6.835622514487872, 3, 0, 0, 1] 0.02764096265411
[34.39232755400635, 3, 0, 0, 1] 0.13566515494344
[3.7581411449393585, 3, 0, 0, 1] 0.00982038142239
[0.9883096274068637, 3, 0, 0, 1] 0.0468633438158
[6.593469601987073, 3, 0, 0, 1] 0.03401375533243
[10.333529536589586, 3, 0, 0, 1] 0.07990645950541
[48.466537394907085, 3, 0, 0, 1] 0.38590733313709
[2.0036699089162835, 3, 0, 0, 1] 0.0207349143955
[47.403411222584744, 3, 0, 0, 1] 0.3663722421935
[47.278056793273635, 3, 0, 0, 1] 0.36404735591474
[19.80406800685396, 3, 0, 0, 1] 0.05594858862869
[15.818788056983896, 3, 0, 0, 1] 0.0817837850939
[42.7007099955693, 3, 0, 0, 1] 0.27776902190769
[43.16327953952088, 3, 0, 0, 1] 0.28649144276687
[13.903280697745185, 3, 0, 0, 1] 0.09445582181441
[31.808244585154366, 3, 0, 0, 1] 0.10193128438445
[4.357525317855765, 3, 0, 0, 1] 0.02498220535847
[24.22047119708182, 3, 0, 0, 1] 0.04931945365688
[28.326206823951516, 3, 0, 0, 1] 0.068342154918
[47.85454070707939, 3, 0, 0, 1] 0.37470366474569
[20.95058521991836, 3, 0, 0, 1] 0.05157211597919
[41.892220180629316, 3, 0, 0, 1] 0.26260723599001
[3.7789468215928492, 3, 0, 0, 1] 0.01023708534449
[2.5379174606290134, 3, 0, 0, 1] 0.01029472030786
[17.271101435007918, 3, 0, 0, 1] 0.07107847797003
[31.668778042980954, 3, 0, 0, 1] 0.10030960517689
[48.87023672117719, 3, 0, 0, 1] 0.39322809520543
[4.701460084916875, 3, 0, 0, 1] 0.03426413873373
[45.09627251734439, 3, 0, 0, 1] 0.32308473892913
[1.288454232514552, 3, 0, 0, 1] 0.03464385316216
[7.469941927507301, 3, 0, 0, 1] 0.00732799860327
[10.565639699311014, 3, 0, 0, 1] 0.08389106193238
[47.59123617992357, 3, 0, 0, 1] 0.36984792487592
[17.471230539462518, 3, 0, 0, 1] 0.06966980393477
[18.3079749482485, 3, 0, 0, 1] 0.06411362724042
[5.50444035488184, 3, 0, 0, 1] 0.04642795783123
[28.212033795940712, 3, 0, 0, 1] 0.06749850591183
[28.14272327166263, 3, 0, 0, 1] 0.06699477279194
[39.342288076182854, 3, 0, 0, 1] 0.21600473553323
[43.88094542843682, 3, 0, 0, 1] 0.3000663399319
[19.097716429098327, 3, 0, 0, 1] 0.05948488797241
[32.778023648373825, 3, 0, 0, 1] 0.1137923634224
[27.08569683194879, 3, 0, 0, 1] 0.0601125285698
[19.12242086898854, 3, 0, 0, 1] 0.05935113965161
[11.845383544587978, 3, 0, 0, 1] 0.09664034628118
[31.195366289267763, 3, 0, 0, 1] 0.09496795575166
[23.56424335824733, 3, 0, 0, 1] 0.04851908258499
[34.951431366383275, 3, 0, 0, 1] 0.14381180455569
[45.87101934780764, 3, 0, 0, 1] 0.33771506124705
[5.088554050710975, 3, 0, 0, 1] 0.04230546117921
[39.486961794817994, 3, 0, 0, 1] 0.21858148291171
[27.074526146294325, 3, 0, 0, 1] 0.06004792116618
[45.11581097998986, 3, 0, 0, 1] 0.32345439036856
[7.87529089199312, 3, 0, 0, 1] 0.00713838227091
[47.61095804355017, 3, 0, 0, 1] 0.37021231422337
[27.421812689868023, 3, 0, 0, 1] 0.06213662353515
[38.60466767544957, 3, 0, 0, 1] 0.20302701428732
[0.634914607078646, 3, 0, 0, 1] 0.01720687575297
[40.113064758109374, 3, 0, 0, 1] 0.22983987218603
[8.794511161432993, 3, 0, 0, 1] 0.03958188543185
[2.4634085953941396, 3, 0, 0, 1] 0.0126275859006
[49.584046330424535, 3, 0, 0, 1] 0.40602047437426
[38.22068790830612, 3, 0, 0, 1] 0.19638559997028
[26.059081580365646, 3, 0, 0, 1] 0.05490036418537
[27.96089662554232, 3, 0, 0, 1] 0.0657036559787
[40.01969922387182, 3, 0, 0, 1] 0.22815050620981
[19.186853219363165, 3, 0, 0, 1] 0.05900563613997
[39.059438982665675, 3, 0, 0, 1] 0.21099581689642
[5.187122127306642, 3, 0, 0, 1] 0.04374309302146
[13.172390122134736, 3, 0, 0, 1] 0.09737634150973
[6.097517944657149, 3, 0, 0, 1] 0.04344623329278
[32.35091121360783, 3, 0, 0, 1] 0.10844435782565
[23.925815024168053, 3, 0, 0, 1] 0.04888191981626
[6.737546621842927, 3, 0, 0, 1] 0.03033943765386
[0.6668937657846874, 3, 0, 0, 1] 0.00640721626676
[45.279440342002694, 3, 0, 0, 1] 0.32654898647236
[23.172333571254583, 3, 0, 0, 1] 0.04834268786768
[11.146825023840472, 3, 0, 0, 1] 0.0915011888299
[27.185494163966727, 3, 0, 0, 1] 0.0606973420566
[29.02327016931739, 3, 0, 0, 1] 0.07386282673939
[6.521171621697652, 3, 0, 0, 1] 0.03571529315292
[16.46564144279832, 3, 0, 0, 1] 0.07695736642264
[3.1248305993419487, 3, 0, 0, 1] 0.00130332560057
[32.71739774956422, 3, 0, 0, 1] 0.11302159289128
[32.78758977672629, 3, 0, 0, 1] 0.11391433153837
[25.734320040972907, 3, 0, 0, 1] 0.0535607205597
[3.6500102650378063, 3, 0, 0, 1] 0.00782794973523
[49.78061262318143, 3, 0, 0, 1] 0.40950640657894
[11.52643315467014, 3, 0, 0, 1] 0.09478922459406
[29.418417515083384, 3, 0, 0, 1] 0.07727000717285
[30.27865524855275, 3, 0, 0, 1] 0.085362269366
[29.976545542674693, 3, 0, 0, 1] 0.0824165382954
[1.624833319065211, 3, 0, 0, 1] 0.00057912619489
[23.94825920163474, 3, 0, 0, 1] 0.04891076858214
[34.85696447846409, 3, 0, 0, 1] 0.14241592374803
[32.669111864757255, 3, 0, 0, 1] 0.11241044599116
[27.42873611333776, 3, 0, 0, 1] 0.06217994034797
[19.643457565443523, 3, 0, 0, 1] 0.05669899872601
[24.890933817203383, 3, 0, 0, 1] 0.05078795395578
[7.603559158121831, 3, 0, 0, 1] 0.00262647943491
[10.28326312082346, 3, 0, 0, 1] 0.07896960076263
[24.898120323075197, 3, 0, 0, 1] 0.05080724020559
[22.789849098166155, 3, 0, 0, 1] 0.04838799520782
[17.725920416260344, 3, 0, 0, 1] 0.06791760138362
[36.69982611321734, 3, 0, 0, 1] 0.17096788374848
[40.83520820045235, 3, 0, 0, 1] 0.24301803083626
[9.64376405371367, 3, 0, 0, 1] 0.06472745819437
[32.1040708143111, 3, 0, 0, 1] 0.1054420937149
[40.95241737107991, 3, 0, 0, 1] 0.2451741226821
[35.08925386385122, 3, 0, 0, 1] 0.14586217820039
[0.592454039945145, 3, 0, 0, 1] 1e+100
[0.15899955188202752, 3, 0, 0, 1] 1e+100
[8.845371253525741, 3, 0, 0, 1] 0.04125874248617
[46.1794351497954, 3, 0, 0, 1] 0.34351846490654
[9.757721391296254, 3, 0, 0, 1] 0.06757901997513
[27.43089317201774, 3, 0, 0, 1] 0.06219344945592
[16.781679785216514, 3, 0, 0, 1] 0.07461918260098
[4.649112888256396, 3, 0, 0, 1] 0.03293821169624
[11.643314955689565, 3, 0, 0, 1] 0.0955590258833
[16.19744268659582, 3, 0, 0, 1] 0.07895815939726
[29.289240127957356, 3, 0, 0, 1] 0.07613437010118
[34.660857773624855, 3, 0, 0, 1] 0.13954316520226
[17.061964868656343, 3, 0, 0, 1] 0.07257662062672
[22.905710812879963, 3, 0, 0, 1] 0.04835161395045
[5.767348047965726, 3, 0, 0, 1] 0.04635331922498
[41.027995791638766, 3, 0, 0, 1] 0.2465667378147
[2.2715778298565636, 3, 0, 0, 1] 0.0183694440821
[15.784751215602238, 3, 0, 0, 1] 0.08203670565182
[22.73670120442748, 3, 0, 0, 1] 0.04841126463717
[43.24404797960085, 3, 0, 0, 1] 0.28801707640231
[28.249647198523498, 3, 0, 0, 1] 0.06777453624972
[47.972415771928425, 3, 0, 0, 1] 0.37687082667585
[32.17109172303594, 3, 0, 0, 1] 0.10625075490365
[44.97981329704564, 3, 0, 0, 1] 0.32088089795279
[22.456003927726098, 3, 0, 0, 1] 0.04860270359465
[7.811210561881077, 3, 0, 0, 1] 0.0048201497042
[4.558327799751771, 3, 0, 0, 1] 0.03054489080466
[19.59036737320098, 3, 0, 0, 1] 0.05695414372877
[12.208126553520964, 3, 0, 0, 1] 0.09785150260327
[10.252711842476813, 3, 0, 0, 1] 0.07838721761844
[7.141371916684369, 3, 0, 0, 1] 0.0183705864084
[14.820392388153786, 3, 0, 0, 1] 0.0889431798958
[1.68536053266371, 3, 0, 0, 1] 0.00484207878244
[5.616865802849108, 3, 0, 0, 1] 0.04664910713666
[29.88161365956925, 3, 0, 0, 1] 0.08151392621477
[19.331841584367293, 3, 0, 0, 1] 0.05824599129378
[12.344498850789648, 3, 0, 0, 1] 0.09808590135199
[28.28052296532151, 3, 0, 0, 1] 0.06800252005579
[28.08623455817137, 3, 0, 0, 1] 0.06658894216567
[21.97550828320582, 3, 0, 0, 1] 0.04919685986653
[6.053120079909674, 3, 0, 0, 1] 0.0440085534792
[20.66054214246807, 3, 0, 0, 1] 0.05251210309479
[14.603244456741171, 3, 0, 0, 1] 0.0903775779861
[14.866850036131286, 3, 0, 0, 1] 0.08862848030506
[4.851978913035865, 3, 0, 0, 1] 0.03779787013519
[21.54475509036249, 3, 0, 0, 1] 0.05001309393701
[39.632247365561206, 3, 0, 0, 1] 0.22117879192918
[25.475459794531492, 3, 0, 0, 1] 0.05260077427219
[36.0907788356968, 3, 0, 0, 1] 0.16123582786526
[37.32079543597894, 3, 0, 0, 1] 0.18116381164962
[18.230599244977586, 3, 0, 0, 1] 0.06460164688189
[47.27210403016529, 3, 0, 0, 1] 0.36393685236304
[12.599470161032256, 3, 0, 0, 1] 0.098233612062
[12.426523711114179, 3, 0, 0, 1] 0.09817337896949
[21.337072531505097, 3, 0, 0, 1] 0.0505014027342
[24.524132273475306, 3, 0, 0, 1] 0.04990332454596
[5.638399666901722, 3, 0, 0, 1] 0.04664801142955
[19.81224142722623, 3, 0, 0, 1] 0.05591127059691
[2.371992049780075, 3, 0, 0, 1] 0.01550671986437
[17.748662831174023, 3, 0, 0, 1] 0.0677635360447
[23.800717402258325, 3, 0, 0, 1] 0.04873466672951
[27.611070728579275, 3, 0, 0, 1] 0.06334418472803
[31.994500401257287, 3, 0, 0, 1] 0.10413055449291
[47.74951525401946, 3, 0, 0, 1] 0.37276924247593
[7.026255116317348, 3, 0, 0, 1] 0.02199787872672
[24.43390412518756, 3, 0, 0, 1] 0.04971576596655
[10.533382654105022, 3, 0, 0, 1] 0.08337061166131
[47.36634741710575, 3, 0, 0, 1] 0.36568526351947
[14.050049830089634, 3, 0, 0, 1] 0.09368463468731
[0.15511214380896643, 3, 0, 0, 1] 1e+100
[2.9562015727559787, 3, 0, 0, 1] 0.00080336884765
[22.930325122037992, 3, 0, 0, 1] 0.0483464194982
[47.15056677907514, 3, 0, 0, 1] 0.36167876461867
[17.53906287033096, 3, 0, 0, 1] 0.06919848242451
[12.959059098982506, 3, 0, 0, 1] 0.09786888736318
[13.672312415000116, 3, 0, 0, 1] 0.09555757262055
[35.279121407115746, 3, 0, 0, 1] 0.14871337908608
[39.203119377584464, 3, 0, 0, 1] 0.21353536676576
[34.31033715469691, 3, 0, 0, 1] 0.13449411876139
[23.218271267172273, 3, 0, 0, 1] 0.04835168969481
[15.539665885745196, 3, 0, 0, 1] 0.08384681500142
[44.852425338868436, 3, 0, 0, 1] 0.31846932785086
[8.602483674406486, 3, 0, 0, 1] 0.03309603133501
[47.42577148445265, 3, 0, 0, 1] 0.36678651499902
[9.852599811909247, 3, 0, 0, 1] 0.06985048133722
[6.889956991715623, 3, 0, 0, 1] 0.02608331971884
[31.62587375853642, 3, 0, 0, 1] 0.09981508456886
[30.069648955126183, 3, 0, 0, 1] 0.08331249661189
[39.98774138574223, 3, 0, 0, 1] 0.22757307089744
[47.12207915083278, 3, 0, 0, 1] 0.36114895542957
[34.40974818645219, 3, 0, 0, 1] 0.1359147583906
[30.90570703566996, 3, 0, 0, 1] 0.09182610126915
[24.24558683902965, 3, 0, 0, 1] 0.04936263045857
[18.045628141815172, 3, 0, 0, 1] 0.06579101992636
[32.547082510493986, 3, 0, 0, 1] 0.11087681984074
[36.752572191206596, 3, 0, 0, 1] 0.17182350841444
[42.81412913039606, 3, 0, 0, 1] 0.27990506571768
[13.720501831713284, 3, 0, 0, 1] 0.09533983421595
[31.11281290139284, 3, 0, 0, 1] 0.09406263416517
[42.459688800196396, 3, 0, 0, 1] 0.27323646604851
[27.621182911803583, 3, 0, 0, 1] 0.06341007295228
[6.062522403011316, 3, 0, 0, 1] 0.04389372747047
[25.603141772431698, 3, 0, 0, 1] 0.05306226687878
[12.986205665284384, 3, 0, 0, 1] 0.09781687425679
[1.9687874519011883, 3, 0, 0, 1] 0.02011801401253
[5.093417080576357, 3, 0, 0, 1] 0.04238279846003
[28.104788794505907, 3, 0, 0, 1] 0.06672177308995
[18.3712861640739, 3, 0, 0, 1] 0.06371862378217
[42.00876805499138, 3, 0, 0, 1] 0.26478485702225
[24.586299063163818, 3, 0, 0, 1] 0.05003946401023
[21.993863581566885, 3, 0, 0, 1] 0.04916801130658
[31.14579586582746, 3, 0, 0, 1] 0.09442340057678
[10.696933439423468, 3, 0, 0, 1] 0.08590019203627
[29.837916813647407, 3, 0, 0, 1] 0.08110218407806
[25.195887140604757, 3, 0, 0, 1] 0.05167214917577
[16.036006165252765, 3, 0, 0, 1] 0.08016446033216
[33.14693103167032, 3, 0, 0, 1] 0.11856405809178
[44.92509670623669, 3, 0, 0, 1] 0.3198451702538
[20.66548871212789, 3, 0, 0, 1] 0.05249510347548
[6.683252884238822, 3, 0, 0, 1] 0.03176641208499
[43.7058837788738, 3, 0, 0, 1] 0.29675174016553
[26.098533162139535, 3, 0, 0, 1] 0.05507331132274
[23.005901621696793, 3, 0, 0, 1] 0.04833602384203
[37.67445633464447, 3, 0, 0, 1] 0.18708591584945
[23.372672161589943, 3, 0, 0, 1] 0.04840466493337
[3.888691918071119, 3, 0, 0, 1] 0.01260582824064
[24.54194308347097, 3, 0, 0, 1] 0.04994175238967
[14.714045877955673, 3, 0, 0, 1] 0.08965356273593
[31.087248364103726, 3, 0, 0, 1] 0.09378387364638
[8.219477774598333, 3, 0, 0, 1] 0.01959267647194
[16.718772523027624, 3, 0, 0, 1] 0.07508211485393
[38.2307828754462, 3, 0, 0, 1] 0.19655913765162
[46.42456164413355, 3, 0, 0, 1] 0.34811996618229
[25.80064865658777, 3, 0, 0, 1] 0.05382211938266
[3.9041780905961665, 3, 0, 0, 1] 0.01296208855174
[47.47542549877109, 3, 0, 0, 1] 0.36770598995116
[42.21689060265269, 3, 0, 0, 1] 0.26868073663173
[18.152672003350574, 3, 0, 0, 1] 0.06509887734744
[19.31929117996381, 3, 0, 0, 1] 0.05831076178725
[30.829487013285384, 3, 0, 0, 1] 0.09101557777263
[8.457592544287213, 3, 0, 0, 1] 0.02806170482056
[43.86339280543884, 3, 0, 0, 1] 0.29973393581331
[16.105576109847984, 3, 0, 0, 1] 0.07964468776814
[22.893912780156622, 3, 0, 0, 1] 0.0483544187246
[13.475500905600752, 3, 0, 0, 1] 0.09637411047971
[42.184563645561546, 3, 0, 0, 1] 0.26807502018921
[14.059207480517872, 3, 0, 0, 1] 0.09363484068213
[10.771966967625518, 3, 0, 0, 1] 0.08697060925855
[4.593455743215646, 3, 0, 0, 1] 0.03148355523928
[32.87839247625427, 3, 0, 0, 1] 0.11507677979904
[26.517649897699908, 3, 0, 0, 1] 0.05704629493314
[9.18894513353748, 3, 0, 0, 1] 0.05206064202569
[17.887532265714313, 3, 0, 0, 1] 0.06683186152795
[20.58247211560598, 3, 0, 0, 1] 0.0527848190027
[15.515495706279653, 3, 0, 0, 1] 0.08402399979172
[4.15397704091699, 3, 0, 0, 1] 0.01931204673489
[27.19630983603937, 3, 0, 0, 1] 0.06076154414765
[12.976749825374684, 3, 0, 0, 1] 0.09783535703444
[36.85239941039653, 3, 0, 0, 1] 0.17344827177003
[42.473768366086745, 3, 0, 0, 1] 0.27350097555606
[39.420609029620195, 3, 0, 0, 1] 0.21739848084202
[2.6912665376638056, 3, 0, 0, 1] 0.00598235062947
[3.7420114913698397, 3, 0, 0, 1] 0.00950467603711
[19.901988437951466, 3, 0, 0, 1] 0.05550710150124
[8.852196914649646, 3, 0, 0, 1] 0.04148237638086
[2.551052684268762, 3, 0, 0, 1] 0.00989458872496
[9.823051446891611, 3, 0, 0, 1] 0.06915314553382
[8.40136467570623, 3, 0, 0, 1] 0.02608096699496
[12.245380310394637, 3, 0, 0, 1] 0.0979268589622
[44.012886855716275, 3, 0, 0, 1] 0.30256535740159
[25.35347434687365, 3, 0, 0, 1] 0.05218174514542
[39.274488637956225, 3, 0, 0, 1] 0.21480056295928
[45.00607295833016, 3, 0, 0, 1] 0.32137790360169
[14.397163750392073, 3, 0, 0, 1] 0.09167472477321
[5.425955010327549, 3, 0, 0, 1] 0.04604648259812
[2.4239227151303555, 3, 0, 0, 1] 0.01388168474954
[13.732467786732332, 3, 0, 0, 1] 0.09528473937131
[30.297157684755692, 3, 0, 0, 1] 0.0855462765466
[41.78976812461635, 3, 0, 0, 1] 0.26069554477306
[24.80101154134879, 3, 0, 0, 1] 0.05055297268465
[12.414195780333536, 3, 0, 0, 1] 0.09816272040983
[31.578045561618172, 3, 0, 0, 1] 0.09926623918756
[8.98702033607695, 3, 0, 0, 1] 0.04582790370827
[19.86187974131845, 3, 0, 0, 1] 0.05568645771666
[4.7395006312249075, 3, 0, 0, 1] 0.03519864075455
[5.885900674196826, 3, 0, 0, 1] 0.04565606238722
[21.01610846521383, 3, 0, 0, 1] 0.05137587532089
[4.400561040742956, 3, 0, 0, 1] 0.02619175713832
[22.890713648289037, 3, 0, 0, 1] 0.04835521443689
[4.2519987194908735, 3, 0, 0, 1] 0.02201826371932
[2.6124942347590387, 3, 0, 0, 1] 0.00809101856219
[44.16883850708134, 3, 0, 0, 1] 0.30551976083957
[1.9185079124428517, 3, 0, 0, 1] 0.01875266232344
[31.545931515640873, 3, 0, 0, 1] 0.09889915974833
[0.47362025680215414, 3, 0, 0, 1] 1e+100
[39.41517876200267, 3, 0, 0, 1] 0.21730175499228
[13.217593687845735, 3, 0, 0, 1] 0.09724831982067
[7.850098816639234, 3, 0, 0, 1] 0.00622633805121
[29.20555504095758, 3, 0, 0, 1] 0.07540994038858
[12.755660253068235, 3, 0, 0, 1] 0.09815217766654
[40.6848741921859, 3, 0, 0, 1] 0.24025925547152
[3.7573440251690737, 3, 0, 0, 1] 0.00980462822293
[33.083506700111506, 3, 0, 0, 1] 0.1177337995862
[31.496558121361158, 3, 0, 0, 1] 0.09833706088069
[41.4788501715923, 3, 0, 0, 1] 0.25490975408048
[14.504515533573947, 3, 0, 0, 1] 0.09100754146208
[31.566289618525662, 3, 0, 0, 1] 0.09913172848635
[6.584453395336137, 3, 0, 0, 1] 0.03423135775587
[44.615606148953155, 3, 0, 0, 1] 0.31398419894305
[30.656744750940874, 3, 0, 0, 1] 0.08920389394322
[21.766192879316588, 3, 0, 0, 1] 0.04956020699322
[42.54467151112814, 3, 0, 0, 1] 0.27483353214807
[38.240127389191045, 3, 0, 0, 1] 0.19671982705696
[24.678018363635378, 3, 0, 0, 1] 0.05025060849792
[46.22401353445248, 3, 0, 0, 1] 0.34435605755646
[34.23665466841272, 3, 0, 0, 1] 0.13344701021179
[45.476235233939306, 3, 0, 0, 1] 0.33026773294261
[43.738879765644214, 3, 0, 0, 1] 0.29737636447548
[45.36698157237863, 3, 0, 0, 1] 0.32820366571838
[3.298586400325526, 3, 0, 0, 1] 0.00313761475225
[1.2397104690839766, 3, 0, 0, 1] 0.03874776272478
[44.38976953053872, 3, 0, 0, 1] 0.30970566387411
[17.550638394720625, 3, 0, 0, 1] 0.06911837913384
[47.2970861119491, 3, 0, 0, 1] 0.36440054433723
[43.320097943419064, 3, 0, 0, 1] 0.28945418084591
[47.151420287502305, 3, 0, 0, 1] 0.36169463502253
[45.470055986508825, 3, 0, 0, 1] 0.33015102376108
[30.300006308514423, 3, 0, 0, 1] 0.08557464287249
[35.16397065154365, 3, 0, 0, 1] 0.14698053743982
[44.25325391424801, 3, 0, 0, 1] 0.30711912225535
[40.03802264527662, 3, 0, 0, 1] 0.22848177405927
[21.02902051269292, 3, 0, 0, 1] 0.05133790913609
[43.17718353335565, 3, 0, 0, 1] 0.28675402636063
[41.02457538561773, 3, 0, 0, 1] 0.24650367434787
[0.4023856229370182, 3, 0, 0, 1] 1e+100
[46.80408636044602, 3, 0, 0, 1] 0.35522207069608
[0.8324152923181227, 3, 0, 0, 1] 0.03319100110866
[4.309762706796999, 3, 0, 0, 1] 0.02363809000349
[11.170323189972587, 3, 0, 0, 1] 0.09174139079128
[27.691630432670994, 3, 0, 0, 1] 0.06387292712561
[28.593146710172697, 3, 0, 0, 1] 0.07038156666349
[48.744935473522915, 3, 0, 0, 1] 0.39096216057533
[46.47644646224827, 3, 0, 0, 1] 0.34909256654231
[5.374094446592875, 3, 0, 0, 1] 0.04569181674089
[18.35681671753647, 3, 0, 0, 1] 0.06380855376432
[30.08748044390892, 3, 0, 0, 1] 0.0834853021036
[35.150680276431295, 3, 0, 0, 1] 0.14678125987891
[46.05164766324142, 3, 0, 0, 1] 0.34111566045113
[49.84440540093864, 3, 0, 0, 1] 0.41063412225155
[3.4850575610059167, 3, 0, 0, 1] 0.00533342166472
[13.316989646253703, 3, 0, 0, 1] 0.09693959085526
[31.266706159621865, 3, 0, 0, 1] 0.09575660974375
[18.30792728278501, 3, 0, 0, 1] 0.06411392610069
[5.270505886205151, 3, 0, 0, 1] 0.04474052628361
[9.349251661028369, 3, 0, 0, 1] 0.0567518652088
[2.1679524167701247, 3, 0, 0, 1] 0.02049988606416
[14.67742763674303, 3, 0, 0, 1] 0.08989470492008
[39.49706265323682, 3, 0, 0, 1] 0.21876174875909
[898.5393230336003, 3, 0, 0, 1] 0.57395227174497
[676.3802000829478, 3, 0, 0, 1] 0.58812635032597
[106.078596811207, 3, 0, 0, 1] 0.00662477564024
[890.2446818862793, 3, 0, 0, 1] 0.5739712792544
[560.0589568416412, 3, 0, 0, 1] 0.61392853577879
[217.37117249848845, 3, 0, 0, 1] 0.31696666460108
[757.1123131523633, 3, 0, 0, 1] 0.57895321888995
[241.91453967732738, 3, 0, 0, 1] 0.41923122958909
[437.6924398241446, 3, 0, 0, 1] 0.65479181639325
[308.1884782747825, 3, 0, 0, 1] 0.60712449111036
[590.5881603956087, 3, 0, 0, 1] 0.60550345062532
[217.79555782024104, 3, 0, 0, 1] 0.31880657130388
[705.9749365529445, 3, 0, 0, 1] 0.58406484632117
[365.37361916185085, 3, 0, 0, 1] 0.6595623481714
[841.8973162485817, 3, 0, 0, 1] 0.57466716935637
[448.83868653739086, 3, 0, 0, 1] 0.65137065955737
[945.2209922534274, 3, 0, 0, 1] 0.5743057476088
[768.8013960618661, 3, 0, 0, 1] 0.57808158053785
[677.5085150122617, 3, 0, 0, 1] 0.58795501929492
[914.1412500475786, 3, 0, 0, 1] 0.57398693919928
[114.50742862618824, 3, 0, 0, 1] 0.00571426907314
[516.7091538418699, 3, 0, 0, 1] 0.62781278970876
[90.16876378415614, 3, 0, 0, 1] 0.02340962406523
[291.1459439443769, 3, 0, 0, 1] 0.5735137591348
[741.9722573161383, 3, 0, 0, 1] 0.58023755762023
[922.570230856026, 3, 0, 0, 1] 0.57404188140184
[939.3703174649644, 3, 0, 0, 1] 0.57422205681763
[90.62293830127686, 3, 0, 0, 1] 0.02267229369477
[965.169974042726, 3, 0, 0, 1] 0.57466667547351
[915.6091882529971, 3, 0, 0, 1] 0.57399473363184
[499.3265429117445, 3, 0, 0, 1] 0.63385889998688
[906.477911082894, 3, 0, 0, 1] 0.5739587349094
[143.9507985463414, 3, 0, 0, 1] 0.04354359292978
[151.13312164866988, 3, 0, 0, 1] 0.06132840088979
[663.6265804012647, 3, 0, 0, 1] 0.59015868896465
[812.9262279462384, 3, 0, 0, 1] 0.57563651096512
[300.1729643347405, 3, 0, 0, 1] 0.59255248661848
[907.6997208131504, 3, 0, 0, 1] 0.57396180828313
[262.5568582855031, 3, 0, 0, 1] 0.49396367211676
[457.7725094526788, 3, 0, 0, 1] 0.64843387767333
[955.374641548618, 3, 0, 0, 1] 0.57447525303225
[137.7985851003331, 3, 0, 0, 1] 0.03077253902446
[51.73852054420037, 3, 0, 0, 1] 0.06988509374852
[773.0827268839338, 3, 0, 0, 1] 0.57778726290602
[277.48331573754433, 3, 0, 0, 1] 0.53916995945805
[575.1660078333089, 3, 0, 0, 1] 0.60960930259752
[530.9532625934446, 3, 0, 0, 1] 0.62303138917802
[499.13151342185125, 3, 0, 0, 1] 0.63392767273818
[614.5997381794573, 3, 0, 0, 1] 0.59972551279762
[998.4935713367455, 3, 0, 0, 1] 0.57550494469992
[667.5162506522722, 3, 0, 0, 1] 0.58951998848726
[621.9181118259687, 3, 0, 0, 1] 0.59811135761733
[120.81275237353486, 3, 0, 0, 1] 0.00862097492567
[573.1190764581819, 3, 0, 0, 1] 0.61017744979895
[108.32998864780778, 3, 0, 0, 1] 0.00583580337085
[230.83146696672256, 3, 0, 0, 1] 0.37435307195495
[547.2939600446801, 3, 0, 0, 1] 0.61779994302238
[509.8126598639068, 3, 0, 0, 1] 0.63018876139156
[444.5978566297015, 3, 0, 0, 1] 0.65270927812181
[285.2139282918298, 3, 0, 0, 1] 0.55943094396943
[433.5744910394454, 3, 0, 0, 1] 0.65596602556401
[442.35964582656646, 3, 0, 0, 1] 0.65339843919813
[911.9676824977496, 3, 0, 0, 1] 0.57397679715175
[529.5021405868783, 3, 0, 0, 1] 0.62350975296538
[925.249476565843, 3, 0, 0, 1] 0.57406442773212
[730.717853051155, 3, 0, 0, 1] 0.58131258388461
[949.9253275619964, 3, 0, 0, 1] 0.57438052419195
[941.0094027537341, 3, 0, 0, 1] 0.57424444654007
[536.7342485067657, 3, 0, 0, 1] 0.62114722864206
[826.4059144531057, 3, 0, 0, 1] 0.57512845928383
[762.1587785717875, 3, 0, 0, 1] 0.57856448005275
[697.4400721419861, 3, 0, 0, 1] 0.58514624552856
[367.0277334388126, 3, 0, 0, 1] 0.66005524921211
[858.3896935144586, 3, 0, 0, 1] 0.57430983429521
[738.5000112678134, 3, 0, 0, 1] 0.58055798047374
[226.86223739913086, 3, 0, 0, 1] 0.35768695264487
[557.3039422675172, 3, 0, 0, 1] 0.61474725869578
[514.7291463296531, 3, 0, 0, 1] 0.6284913322111
[855.8355636559936, 3, 0, 0, 1] 0.57435657656089
[351.89118036641526, 3, 0, 0, 1] 0.65383451372187
[82.30905209509453, 3, 0, 0, 1] 0.03809875090769
[872.0517226122159, 3, 0, 0, 1] 0.57411070308131
[968.011523363705, 3, 0, 0, 1] 0.57472713196275
[752.0090537840974, 3, 0, 0, 1] 0.5793660390424
[568.7410775832301, 3, 0, 0, 1] 0.61141069792223
[646.5314493831488, 3, 0, 0, 1] 0.59316882356025
[188.727590177888, 3, 0, 0, 1] 0.19359184544523
[408.6629220954796, 3, 0, 0, 1] 0.66152549093659
[326.8041921470946, 3, 0, 0, 1] 0.63318855577592
[405.49196377511765, 3, 0, 0, 1] 0.66198253531499
[250.27917122202604, 3, 0, 0, 1] 0.45107245602563
[240.1415331925817, 3, 0, 0, 1] 0.41224106158717
[817.6295129643607, 3, 0, 0, 1] 0.57544751914325
[96.45257303435162, 3, 0, 0, 1] 0.01449233827742
[132.07224902115854, 3, 0, 0, 1] 0.02107497919612
[580.853577082498, 3, 0, 0, 1] 0.60805911181679
[162.52560912200028, 3, 0, 0, 1] 0.0952441191023
[842.4703536376824, 3, 0, 0, 1] 0.57465250132867
[357.8760825307541, 3, 0, 0, 1] 0.65677204299787
[764.8487022988479, 3, 0, 0, 1] 0.57836503394754
[104.39386290743998, 3, 0, 0, 1] 0.00747701034657
[380.3732580691001, 3, 0, 0, 1] 0.66260386063363
[730.7204319380581, 3, 0, 0, 1] 0.58131232533111
[820.6741673235264, 3, 0, 0, 1] 0.57533193825544
[136.72589964705327, 3, 0, 0, 1] 0.0287913392173
[738.6992396861614, 3, 0, 0, 1] 0.58053932719996
[403.7874245282332, 3, 0, 0, 1] 0.66219885972593
[401.1073567754853, 3, 0, 0, 1] 0.66249505889941
[511.2329700794801, 3, 0, 0, 1] 0.62969664614218
[642.7498229167952, 3, 0, 0, 1] 0.59388057078718
[889.7484828062989, 3, 0, 0, 1] 0.57397327471798
[251.78515665781683, 3, 0, 0, 1] 0.45659102536905
[936.781493989598, 3, 0, 0, 1] 0.57418839355798
[97.75485197188672, 3, 0, 0, 1] 0.01300709908417
[828.0612250351872, 3, 0, 0, 1] 0.57507306714301
[87.40690922022534, 3, 0, 0, 1] 0.02817827221957
[238.69782926513446, 3, 0, 0, 1] 0.4064920350903
[485.4748599939532, 3, 0, 0, 1] 0.63876812176673
[530.2327108573991, 3, 0, 0, 1] 0.62326865541289
[109.13902740917717, 3, 0, 0, 1] 0.00564989044901
[138.04323479550186, 3, 0, 0, 1] 0.03123481692926
[689.8572081643387, 3, 0, 0, 1] 0.58616707550309
[840.485172239531, 3, 0, 0, 1] 0.57470402868971
[370.91200015661406, 3, 0, 0, 1] 0.66105071176347
[926.240865833659, 3, 0, 0, 1] 0.57407337909293
[956.7050772377148, 3, 0, 0, 1] 0.57449967687087
[991.9310075810215, 3, 0, 0, 1] 0.57531843424609
[285.76051179706565, 3, 0, 0, 1] 0.5607815053178
[913.1450618946352, 3, 0, 0, 1] 0.57398208270053
[717.8279965136915, 3, 0, 0, 1] 0.58267735864443
[779.3849676339905, 3, 0, 0, 1] 0.57737751889327
[581.6937742216744, 3, 0, 0, 1] 0.60783366788108
[831.746558473181, 3, 0, 0, 1] 0.5749550742756
[804.1058268185142, 3, 0, 0, 1] 0.57602606277465
[887.7070479894353, 3, 0, 0, 1] 0.5739825225621
[81.05021044784704, 3, 0, 0, 1] 0.04072439496654
[403.48178353308504, 3, 0, 0, 1] 0.66223539251204
[175.09390268253577, 3, 0, 0, 1] 0.13949933314012
[934.6799679181956, 3, 0, 0, 1] 0.57416261434442
[382.5077523013893, 3, 0, 0, 1] 0.6627987189109
[334.99648097366946, 3, 0, 0, 1] 0.64157043871486
[623.0153710152545, 3, 0, 0, 1] 0.59787515769526
[444.49110901081445, 3, 0, 0, 1] 0.65274243220139
[707.5583973584677, 3, 0, 0, 1] 0.5838719032575
[667.2943946692895, 3, 0, 0, 1] 0.58955596818483
[654.0462158240315, 3, 0, 0, 1] 0.59180426706612
[589.1665551489536, 3, 0, 0, 1] 0.60586897445943
[976.1736708526435, 3, 0, 0, 1] 0.57491266963029
[323.66208167474787, 3, 0, 0, 1] 0.62950023328419
[62.00262605583524, 3, 0, 0, 1] 0.07598980681214
[301.62641582714167, 3, 0, 0, 1] 0.59535445215005
[687.5406540458102, 3, 0, 0, 1] 0.58649048207551
[395.64003632542557, 3, 0, 0, 1] 0.66292024953661
[329.83298415561586, 3, 0, 0, 1] 0.63649044357317
[827.8255937436705, 3, 0, 0, 1] 0.57508086096595
[633.3671920444052, 3, 0, 0, 1] 0.59572042551037
[973.6972146718437, 3, 0, 0, 1] 0.57485454128565
[218.69677041074732, 3, 0, 0, 1] 0.32270922967471
[946.9487346035156, 3, 0, 0, 1] 0.57433244559648
[887.2346753571048, 3, 0, 0, 1] 0.57398490163446
[591.0309198406477, 3, 0, 0, 1] 0.60539014576779
[812.4507174507999, 3, 0, 0, 1] 0.57565633372769
[604.760428888092, 3, 0, 0, 1] 0.6020031444979
[748.1905153881527, 3, 0, 0, 1] 0.57968817225547
[767.1940250074708, 3, 0, 0, 1] 0.57819547668137
[590.5453915005372, 3, 0, 0, 1] 0.60551440897359
[791.8491895831676, 3, 0, 0, 1] 0.57664665906081
[843.370260848424, 3, 0, 0, 1] 0.57462980181468
[805.0759855028724, 3, 0, 0, 1] 0.5759809277608
[722.3732147064055, 3, 0, 0, 1] 0.58217937395308
[808.0501439493362, 3, 0, 0, 1] 0.57584611202385
[719.1126159582593, 3, 0, 0, 1] 0.58253473350297
[889.2403922418437, 3, 0, 0, 1] 0.57397542000277
[867.2425977329312, 3, 0, 0, 1] 0.5741712028353
[611.6948712533581, 3, 0, 0, 1] 0.60038504631838
[818.164367164417, 3, 0, 0, 1] 0.57542683350478
[782.9425748164805, 3, 0, 0, 1] 0.57715830840965
[300.8299412473682, 3, 0, 0, 1] 0.59382790284627
[698.5323864164824, 3, 0, 0, 1] 0.5850038967694
[57.14435833946609, 3, 0, 0, 1] 0.07708480440964
[866.9926067769724, 3, 0, 0, 1] 0.57417462874453
[196.84954911283796, 3, 0, 0, 1] 0.22784209254214
[496.10662276053574, 3, 0, 0, 1] 0.63499613488786
[307.2425752430267, 3, 0, 0, 1] 0.60551537672434
[427.31677196202423, 3, 0, 0, 1] 0.65763507884358
[585.2966502922175, 3, 0, 0, 1] 0.60687734585038
[698.5892448490742, 3, 0, 0, 1] 0.58499651911349
[557.3374404914339, 3, 0, 0, 1] 0.61473724740043
[181.19529658848214, 3, 0, 0, 1] 0.16306076158053
[702.9696850677688, 3, 0, 0, 1] 0.58443759984842
[267.47114446322644, 3, 0, 0, 1] 0.50971901064242
[213.79342192831368, 3, 0, 0, 1] 0.30141194654234
[530.3135358455795, 3, 0, 0, 1] 0.62324201496762
[108.82537002565505, 3, 0, 0, 1] 0.00571585212712
[347.6656592307629, 3, 0, 0, 1] 0.6513444153266
[786.6930882063871, 3, 0, 0, 1] 0.57693645874195
[804.2865784081853, 3, 0, 0, 1] 0.57601761014811
[592.1837585629946, 3, 0, 0, 1] 0.60509632523237
[919.8424751916491, 3, 0, 0, 1] 0.57402142090556
[258.316024089567, 3, 0, 0, 1] 0.47970299838613
