[1, 1, 21.678937876802895, 33.81930514341598, 1] 17599.07273801138
[1, 1, 31.63692325880932, 17.703642273618463, 1] 0.385190325397257
[1, 1, 40.00782336689208, 22.445789404083587, 1] 3.024758172926555
[1, 1, 29.751535870557316, 1.4827806934903442, 1] 0.108245599268802
[1, 1, 47.727379893846475, 25.85753029174688, 1] 4.01319544130662e+25
[1, 1, 13.953116820958169, 9.859577187666897, 1] 0.089299940292675
[1, 1, 37.17692136710777, 48.786252928919076, 1] 1.6164151079127e+25
[1, 1, 25.510756765895554, 20.538248544135328, 1] 0.575409682958395
[1, 1, 27.271842970362833, 48.01451541370319, 1] 5327.031138192673
[1, 1, 9.3424742436102, 22.060103137042294, 1] 0.331613944514581
[1, 1, 47.38843835783651, 24.80304923231213, 1] 2.709130881863449
[1, 1, -0.633295970542346, -0.08526740734218685, 1] 0.034867435840981
[1, 1, 6.850946695622751, 43.956602876546775, 1] 904.7699984746782
[1, 1, 43.05414751692474, 28.82651184787214, 1] 0.105176541635861
[1, 1, 15.74065700076315, 34.988428698878586, 1] 9327.670583146024
[1, 1, 14.771201983298882, 47.942111869926784, 1] 981.6186962737295
[1, 1, 23.204204574159732, 43.75799683496226, 1] 21823.091975612235
[1, 1, 30.601966270266598, 13.738060161776367, 1] 2.784595053593694
[1, 1, 27.037254765529777, 18.668353909659018, 1] 0.106228261388597
[1, 1, 33.318000937819164, 37.3017859010414, 1] 26543.496254707083
[1, 1, 5.135475824015513, 21.7711412035369, 1] 0.220518518294151
[1, 1, 8.051205765149417, 21.618974850664525, 1] 547.7029965339169
[1, 1, 48.266745002379004, 27.77577203759147, 1] 0.088042052511738
[1, 1, 36.58770924159323, 7.7241684555853904, 1] 0.098018438846438
[1, 1, 25.150921640206086, 5.07867060804127, 1] 0.087104301016651
[1, 1, 44.06416956997688, 29.208150718453563, 1] 0.103191625912474
[1, 1, 11.205998957665953, 3.595631636270358, 1] 0.047923640806053
[1, 1, 8.342669207397103, 41.355287593587924, 1] 562.8324628335334
[1, 1, 0.6635436458768804, 32.92537383085241, 1] 21.652189241642656
[1, 1, 17.780493872054034, 0.5155514361432476, 1] 0.087275960181573
[1, 1, 19.643289321430025, 24.731833209896397, 1] 664.7670512179216
[1, 1, 21.236635146054397, 6.042334523525135, 1] 11.646796294838213
[1, 1, 4.796911147954026, 22.629528261002402, 1] 0.212339560676684
[1, 1, 42.07928061785468, 12.457497470624508, 1] 5.919870899761079
[1, 1, 41.127684796856, 24.38040912925343, 1] 0.098973095540248
[1, 1, 18.828825906890597, 22.454555406891163, 1] 0.604537937852875
[1, 1, 17.91964234975853, 25.13333287455554, 1] 8059.620535877516
[1, 1, 38.66287766276187, 21.28923743500767, 1] 0.083174898894685
[1, 1, 21.201491747265468, 4.696167637091887, 1] 0.079289360883108
[1, 1, 8.887765218779554, 28.81329239541885, 1] 5189.802452427408
[1, 1, 32.779269469363854, 17.153413119269267, 1] 0.079162943904274
[1, 1, 0.258216534698825, 33.94457688149203, 1] 22.173238072801933
[1, 1, 32.328866826276624, 21.66742662621246, 1] 0.101360139687104
[1, 1, 1.154376150058984, 21.74281483449811, 1] 0.181410822403333
[1, 1, 6.544430944006969, 15.800843853334811, 1] 0.432209852989941
[1, 1, 16.351091248620705, 16.544075579176603, 1] 0.378141470929895
[1, 1, 28.662673241759297, 17.928043197469556, 1] 0.08712116191393
[1, 1, 21.079353701956038, 1.573951679229375, 1] 0.091320235401327
[1, 1, 18.192662141201893, 30.59908760134037, 1] 18006.975209256005
[1, 1, 25.892883940194757, 35.531876453666214, 1] 25330.954785831214
[1, 1, 46.926714095909844, 33.818402412160246, 1] 0.131962255588975
[1, 1, 9.472408597842609, 26.262514667689512, 1] 1286.9014304209918
[1, 1, 37.82023780027509, 7.775806854415563, 1] 0.099457225444854
[1, 1, 39.11013820596629, 25.361400811831913, 1] 0.097439899559269
[1, 1, 11.368849176191986, 0.44092267664491236, 1] 0.061816689956156
[1, 1, 11.260972566731743, 41.09996559334028, 1] 77.21155086783804
[1, 1, 47.06474457036145, 2.8514661088375926, 1] 0.121880298236112
[1, 1, 17.789629126689334, 34.565159644499076, 1] 1.319019187081952
[1, 1, 45.5619744662077, 16.279019149729507, 1] 9.313330312516825
[1, 1, 0.10306234432910322, 0.8659174628254949, 1] 0.034739141109552
[1, 1, 9.037019475769243, 17.69918481285806, 1] 0.427720555213201
[1, 1, 36.13784780571487, 18.70025322120634, 1] 0.080786654793995
[1, 1, 0.9203551985674028, 47.62808388766035, 1] 27.450634682499736
[1, 1, 7.623268638794013, 46.8613377137271, 1] 3783.5309024384787
[1, 1, 3.424557110107469, 43.25598390012792, 1] 0.845292145084582
[1, 1, 37.35746894238396, 34.64927432516008, 1] 5.24668309574767
[1, 1, 41.75503054423254, 17.31944737210986, 1] 7.750881303328432
[1, 1, 8.350179475591801, 31.40500692516548, 1] 12.817534905074432
[1, 1, 30.15234700496593, 22.030016548586552, 1] 0.13316832172819
[1, 1, 48.10078828361016, 11.313012261269735, 1] 0.10233869812765
[1, 1, 18.097555124330047, 44.053471039770194, 1] 2107.588692158727
[1, 1, 28.445444121581392, 23.76667432217232, 1] 0.268820303534459
[1, 1, 34.45015720216653, 21.12177317930351, 1] 0.370154848845619
[1, 1, 0.8338576300188703, 9.292130583526971, 1] 0.156952325917244
[1, 1, 16.569422661165902, 47.28114361390835, 1] 7.012007941050282
[1, 1, 18.014473307216832, 21.217976138023744, 1] 0.403822349244854
[1, 1, 35.954678184060896, 33.14172060568891, 1] 794.9665054449583
[1, 1, 4.14944203702275, 32.61772878291809, 1] 0.241733700189556
[1, 1, 45.45307234751385, 15.12186325069058, 1] 0.092320135181525
[1, 1, 48.43607583480972, 2.569804510342162, 1] 0.123645012654787
[1, 1, 37.67047878964447, 19.244811849157802, 1] 0.002502722736963
[1, 1, 32.90496045724578, 8.374128725471904, 1] 0.091122804718145
[1, 1, 48.641387870512304, 8.459567238333566, 1] 0.109088514487043
[1, 1, 12.516730626356605, 47.25445278997552, 1] 295.8176376902937
[1, 1, 27.375637576407325, 37.933173994056425, 1] 0.416539098162314
[1, 1, 17.96457053939511, 28.247245065700273, 1] 14295.35617803135
[1, 1, 31.50878344932253, 12.374146975196954, 1] 0.080387665399361
[1, 1, 13.953508155711482, 4.20157555331775, 1] 0.057981102661604
[1, 1, 8.780794410833876, 28.791321187524066, 1] 5372.910238972775
[1, 1, 12.247680750029838, 7.434947253392771, 1] 0.059404104399084
[1, 1, 34.92224371625079, 20.305822368201362, 1] 0.083985642630022
[1, 1, 17.552746204437902, 47.96439715816498, 1] 6.081036500837524
[1, 1, 17.778927748763646, 25.168739418654113, 1] 1.822598412107716
[1, 1, 37.319435303778505, 5.675245136541208, 1] 0.104572525728188
[1, 1, 21.389196317719872, 27.265506300297165, 1] 30.333246182637968
[1, 1, 28.14300180626667, 36.84247945502271, 1] 25074.587842790534
[1, 1, 22.928239712272926, -0.593148056283004, 1] 0.10551512954573
[1, 1, 0.2971304560645325, 30.00253762980614, 1] 21.277288236739963
[1, 1, 22.19862744734834, 37.91237244611743, 1] 0.464242701542582
[1, 1, 3.8062416921220095, 38.63914623862318, 1] 7.116801595772566
[1, 1, 47.63124869504155, 16.97499422432783, 1] 0.09140724055986
[1, 1, 24.149014889608, 2.5466475238590145, 1] 0.094235224939554
[1, 1, 47.1264584743318, 22.993470438023195, 1] 0.084983512782653
[1, 1, 0.5088670328567533, 46.3994585048717, 1] 23.955316629418046
[1, 1, 0.24533068476408992, 20.01504496134058, 1] 0.176391214092989
[1, 1, 5.567573484188355, 41.821798773637056, 1] 0.59068712467742
[1, 1, -0.19585919177297817, 29.75808347642076, 1] 0.384096102930042
[1, 1, 13.346582861233632, 24.122669272361765, 1] 0.666804922198178
[1, 1, 28.231774246947158, 36.15391607327954, 1] 4419.191794269797
[1, 1, 40.44318853233756, 37.71457459956382, 1] 0.349589841906267
[1, 1, 43.04825746036483, -0.9236458551893747, 1] 0.130372628065242
[1, 1, 26.631851734316104, 6.538286889050899, 1] 0.085480639114266
[1, 1, 21.10823002850403, 41.66484350469562, 1] 3066.056885165825
[1, 1, 19.192129387479916, 38.20480763790327, 1] 1418.8954466721214
[1, 1, 44.99169966600153, 28.926687676539977, 1] 0.097787251744943
[1, 1, 27.89095052940774, 36.27084544529032, 1] 6085.494077991741
[1, 1, 21.719711716808334, 22.957877486342294, 1] 0.138333030926521
[1, 1, 27.264683983509826, 25.22694219648324, 1] 0.405258522071573
[1, 1, 24.569897725620965, 2.1647158164700984, 1] 0.096624082902405
[1, 1, 36.47856728837207, 25.929899111153816, 1] 5.16123944948381
[1, 1, 11.914809976199908, 20.46809007210534, 1] 6.245622772574905
[1, 1, 38.4827872310939, 3.6548214683277074, 1] 0.111845580661727
[1, 1, 18.09436735273809, 5.254639481270708, 1] 0.068843337322743
[1, 1, 43.63776632653641, 41.23419132036052, 1] 0.356052039939594
[1, 1, 8.8383683646386, 27.925037326773516, 1] 0.261305157669861
[1, 1, 16.81289699761584, 40.30991686936223, 1] 5791.133110226642
[1, 1, 17.66380597903399, 43.88620451463772, 1] 9485.661707553143
[1, 1, 2.900207701812042, 43.14154297537987, 1] 1.131957568140078
[1, 1, 17.469075433988273, 47.93879401579756, 1] 4566.664319321321
[1, 1, 12.236155075520228, 33.3416312985167, 1] 5262.217426498002
[1, 1, 16.650286680743054, 40.59955955113336, 1] 8.42065663019312e+16
[1, 1, 1.8508536379682536, 14.148698918712261, 1] 0.170521629342733
[1, 1, 15.547832369486258, 13.74188689284901, 1] 0.319591083277621
[1, 1, 1.4597917922401793, 20.04274060985652, 1] 8.999753256756296
[1, 1, 0.9198823286583289, 27.542931839646613, 1] 5.980920296994578
[1, 1, 25.117657755631708, 6.166516372262343, 1] 0.083548018696631
[1, 1, 20.104145295977684, 11.894050512995998, 1] 0.073738494405415
[1, 1, 19.120426460607753, 16.75310430789399, 1] 0.000918552182589
[1, 1, 27.277531233390647, 5.632922364160948, 1] 0.089508903721305
[1, 1, 21.585177548292922, 41.89697229347725, 1] 3355.914505171047
[1, 1, 31.09020789353736, 13.740279866184242, 1] 4.490682150882492
[1, 1, 11.677261330305717, 0.29706371872597703, 1] 0.064227842470856
[1, 1, 19.63745583107816, 40.85654305340125, 1] 15435.240815430046
[1, 1, 20.112004372563366, 6.581967961535613, 1] 0.070712218171596
[1, 1, 3.375241057028906, 48.49003320956384, 1] 1.549381573937627
[1, 1, 11.846202074665003, 24.044810852542327, 1] 0.099939499020477
[1, 1, 8.24527670657872, 6.963732646570759, 1] 0.052868124747906
[1, 1, 41.46181654603075, 30.538326671738492, 1] 9.319146225616358
[1, 1, 39.070634220509795, 24.93222512429641, 1] 0.094838882960147
[1, 1, 27.277458249440635, 21.249952779311943, 1] 3.796891516560653
[1, 1, 22.251993824552304, 1.7585358246135563, 1] 0.093313447988473
[1, 1, 5.487662993274579, 28.60007467975917, 1] 0.216371569204738
[1, 1, 37.72297705900822, 6.775975122398393, 1] 16.18192992172405
[1, 1, 11.253122411517653, 21.662362881291852, 1] 0.426963943255581
[1, 1, 7.030055129575054, 42.665923872648314, 1] 54.362544969354346
[1, 1, 26.08267198907456, 6.642683560571917, 1] 0.084087447479828
[1, 1, 48.7523706068147, 5.716033828163442, 1] 0.115712532999484
[1, 1, -0.443151040191341, 25.86897532019345, 1] 0.398077806526332
[1, 1, 34.66891386234198, 32.79921740658987, 1] 0.153198261806012
[1, 1, 39.10427428510142, 11.763307432164467, 1] 0.091643939033295
[1, 1, 2.278915658533582, 17.913522183919575, 1] 0.173524161560622
[1, 1, 6.067627011263572, 24.11877098690947, 1] 0.229844757776123
[1, 1, 9.257437200356634, 39.50966166370349, 1] 7.69158149615614
[1, 1, 35.57236264172523, 12.092673776932017, 1] 0.086434662053194
[1, 1, 18.497636664867663, 9.709342064478012, 1] 0.065862531457767
[1, 1, 16.678673579567082, 38.57211361423845, 1] 0.917924910890589
[1, 1, 28.518387003844975, 0.2087257055495182, 1] 0.111483163817934
[1, 1, 11.037331484729513, 15.701922131338854, 1] 0.417179046047194
[1, 1, 22.8478932525884, 31.54588932708299, 1] 15978.550017411164
[1, 1, 26.438588897782797, 7.267871930981885, 1] 0.082996274004374
[1, 1, 3.4167777581716745, 38.965281792390925, 1] 1.628027990054713
[1, 1, 27.622361025836017, 24.16202607161618, 1] 0.072728178222818
[1, 1, 35.77989772069597, 5.98165356028152, 1] 0.101763939469083
[1, 1, 3.2394390419223775, 31.53051403531643, 1] 7.787915598845817
[1, 1, 42.047510428262925, 20.41226930398863, 1] 0.08320221741067
[1, 1, 46.589053801079814, 20.65347720633316, 1] 0.085957318330293
[1, 1, 27.945768704743287, 36.005122692879524, 1] 5094.202462345171
[1, 1, 7.571704766007043, 0.7878028778899491, 1] 0.035205948298979
[1, 1, 28.6927889355155, 20.52584941410448, 1] 0.121113408603515
[1, 1, 26.25097950089268, 16.861195911426563, 1] 0.08915664777434
[1, 1, 47.326400897444415, 29.47222979522871, 1] 2.43449497738767
[1, 1, 45.07783665987783, 16.299691547175467, 1] 0.089984981395714
[1, 1, 5.947603405263586, 43.65957519583954, 1] 74.1445616870962
[1, 1, 4.584947599003254, 4.487344090993535, 1] 0.354105055403173
[1, 1, 26.511570068879582, 15.546706279230044, 1] 0.079493125848207
[1, 1, 6.1776748106940955, 28.52475633447287, 1] 0.223253987109637
[1, 1, 43.40438599441568, 26.79987885673032, 1] 0.625874454403414
[1, 1, 15.529577025766894, 3.0907602534324905, 1] 0.067878495746283
[1, 1, 17.66619850691307, 6.0471595103073605, 1] 0.065463091696535
[1, 1, 29.803996316168053, -0.3571669709516492, 1] 0.115629099544675
[1, 1, 30.60340450909046, 0.7225865558008757, 1] 0.112370814119916
[1, 1, 17.250643606835254, 7.326212734307337, 1] 0.062336963680463
[1, 1, 42.339938817382205, 19.715109970857036, 1] 0.083649097978753
[1, 1, 33.13944619497044, 36.11121725864299, 1] 2748.471380769463
[1, 1, 40.26682967699378, 22.331514484580808, 1] 0.56019509484071
[1, 1, 3.0599193881941495, 8.898572107777115, 1] 0.202902558134415
[1, 1, 16.878651091079394, 39.01770545119747, 1] 7880.349148140303
[1, 1, 16.533887336844362, 37.58387940425539, 1] 0.339489248935496
[1, 1, 41.38711321213429, 6.019446810652708, 1] 0.108196091061228
[1, 1, 20.39308125173953, 16.757317567510594, 1] 0.252457709020958
[1, 1, 23.023934537159132, 37.264902658714554, 1] 13188.37437833546
[1, 1, 8.85793871366148, 35.04197791964594, 1] 201.4590249662658
[1, 1, 26.8398412673566, 2.1854067969712965, 1] 0.100838859935559
[1, 1, 24.684404813730755, 0.6460092749493116, 1] 0.103212492159082
[1, 1, 20.29951364351489, 3.226494489806992, 1] 0.082378479482627
[1, 1, 27.284499148525803, 45.08408732346009, 1] 7088.300093037578
[1, 1, 45.444637250816086, 27.375353203654264, 1] 3.42618931636692e+25
[1, 1, 45.8432282512131, 13.941894640566833, 1] 0.094858575019828
[1, 1, 29.28424066085073, 8.25049763816631, 1] 0.990966182293382
[1, 1, 18.493887150874727, 24.569495028580224, 1] 0.682159624694844
[1, 1, 15.73426712249297, -0.6407593009427717, 1] 0.086845683818609
[1, 1, 47.04683752105291, 3.9024241279207184, 1] 0.119018853976306
[1, 1, 47.6090509376483, 42.36282265577424, 1] 4.39770660701753e+24
[1, 1, 19.02627410531124, 26.52340327118275, 1] 8.442170116312825
[1, 1, 28.61028664451214, 39.03743612689546, 1] 0.128776778615388
[1, 1, 13.3680346790389, 19.356184167516822, 1] 0.15031062908201
[1, 1, 22.705428613122027, 25.854032222513823, 1] 679.5988118268552
[1, 1, 43.70375604080246, 14.090133268727584, 1] 17.070214095763266
[1, 1, 44.72409153160589, 10.701746778320338, 1] 52041.2406810002
[1, 1, 0.2485627987990522, 3.9367766666404638, 1] 0.067226323162331
[1, 1, 46.43620218212797, 35.61474733837225, 1] 0.808029993260116
[1, 1, 16.111248588922873, 17.5856214270513, 1] 0.031494321708734
[1, 1, 44.102818117082286, 1.6484640349676623, 1] 0.123065218188339
[1, 1, 38.9011050332545, 27.122979078407397, 1] 5.08538985566284e+23
[1, 1, 39.28296250585029, 26.993222161219556, 1] 0.274678036341285
[1, 1, -0.48972661077855606, 29.441968469151963, 1] 21.1700845711559
[1, 1, 32.714999279961575, 26.523352874199887, 1] 0.23509371518119
[1, 1, 36.321652101156126, 27.94195605794114, 1] 0.068741484537088
[1, 1, 33.28745245022704, 32.91985752850118, 1] 667.5203379198848
[1, 1, 45.848711515530994, 21.792945672115962, 1] 0.083916401924716
[1, 1, 43.088528072962596, 33.26210225737444, 1] 0.181530300491558
[1, 1, 25.701793079804325, 11.752066256796763, 1] 1.699462351820332
[1, 1, 6.230381979428291, 21.927533468727805, 1] 0.241172629230187
[1, 1, 21.31313637061688, 10.226727306394245, 1] 0.068525681611537
[1, 1, 6.230870168045089, 32.254860006428196, 1] 10.58568962835746
[1, 1, 28.614452576092827, 30.3399684260466, 1] 646.4340711415144
[1, 1, 32.186875398140664, 3.0823138318168803, 1] 0.105979882990923
[1, 1, 1.5513927421182525, 26.449878391525772, 1] 0.250652428548818
[1, 1, 1.2225358487428348, 33.194030015176565, 1] 0.75903387857365
[1, 1, 5.552321321908295, 9.68329363265489, 1] 0.120534590861212
[1, 1, 34.236948142530906, 46.754790270772915, 1] 13.649835089547615
[1, 1, 9.37321835027623, 25.39116348748798, 1] 1167.0629563281113
[1, 1, 11.905039522584266, 1.3979513466664546, 1] 0.059692178345931
[1, 1, 30.997545302569474, 2.443178349938758, 1] 0.106522250858042
[1, 1, 21.392285893273055, -0.6878198118115066, 1] 0.102766080548163
[1, 1, 46.38703996945844, 20.987041935113545, 1] 2.64829417371018
[1, 1, 10.02140883345829, 10.611028054103329, 1] 0.016324615014909
[1, 1, 42.39130008741447, 2.888277570460563, 1] 0.117963490993861
[1, 1, 9.043264368313626, 23.703742263262328, 1] 891.4248939710217
[1, 1, 41.31253793017353, 20.791518139406442, 1] 0.082867108894624
[1, 1, -0.03668009169231401, 18.217384990258076, 1] 0.155860434150589
[1, 1, 10.139097445191808, 25.03578415917597, 1] 1286.5390976857602
[1, 1, 4.067371698158402, 31.391802213945915, 1] 48.689797243652656
[1, 1, 19.772240735767124, 37.4489009485648, 1] 8253.879348004864
[1, 1, 37.84961906192555, 45.9094849131815, 1] 0.276363869087953
[1, 1, 17.63053912790413, 24.669381013067344, 1] 6501.896129419503
[1, 1, 31.965145543126, 39.151294355612336, 1] 4908.554607518385
[1, 1, 24.96044940929848, 47.70153468583646, 1] 14617.599025510524
[1, 1, 14.990423834769734, 48.75256798164234, 1] 3.87342147017639e+20
[1, 1, 24.741026285537966, 14.980049606788688, 1] 0.080630823438064
[1, 1, 44.31916433299537, 14.331591194962812, 1] 0.092553219031157
[1, 1, 7.474299367002375, 20.225487558289014, 1] 0.287225505185458
[1, 1, 37.956288576102146, 27.086909447484132, 1] 0.146053206265981
[1, 1, 3.3730077924560966, 2.768366592811334, 1] 0.010268418357874
[1, 1, 13.66667512737918, 17.450001558002434, 1] 0.079703438620286
[1, 1, 21.900038342039508, 28.960958602631376, 1] 0.225241310153883
[1, 1, 31.482172428033678, 30.0041774942561, 1] 22769.630749862332
[1, 1, 45.24168679409657, 27.749948486253917, 1] 0.091865641174382
[1, 1, 9.76368961702881, 37.69573758553168, 1] 1895.309288197753
[1, 1, 41.075628558251225, 46.303766350737114, 1] 9.97623110497609e+24
[1, 1, 16.60927326992947, 23.881154377600474, 1] 0.138215566635207
[1, 1, 38.648523641673414, 28.37028136609157, 1] 0.182729991020529
[1, 1, 11.444670857428285, 14.307453558889488, 1] 0.064145471808839
[1, 1, 25.605777251414754, 37.7570064706103, 1] 0.486457817293756
[1, 1, 18.671911358529353, 14.835304454464655, 1] 0.207874124227777
[1, 1, 24.987791086422853, 46.490601654334924, 1] 4611.203561217725
[1, 1, 2.5313914817050653, 19.258854129856495, 1] 0.177490550111051
[1, 1, 38.811124450834164, 30.533863300232195, 1] 189.14099189630912
[1, 1, 34.203616725048356, 7.757994838274207, 1] 0.094666427508872
[1, 1, 24.753166148703226, 10.226009736392928, 1] 0.073412591469942
[1, 1, 12.264289561453168, 13.332020851291617, 1] 0.39109746456802
[1, 1, 18.73302477072569, 6.437819307221988, 1] 0.067480588438555
[1, 1, 13.835543486748787, 25.509524236758303, 1] 0.425904393287504
[1, 1, 42.091255206041765, 13.105763525527076, 1] 0.092437962321577
[1, 1, 47.025767516086326, 26.342897823181705, 1] 0.086568962854283
[1, 1, 43.29473908490279, 29.59059425345099, 1] 98.01860603548059
[1, 1, 30.117793933637955, 16.808844403093826, 1] 0.079325441997088
[1, 1, 20.50030552712121, -0.7851387204395202, 1] 0.101239080964991
[1, 1, 37.55435763296886, 34.07156758511065, 1] 0.008201798571709
[1, 1, 0.1415237211723439, 0.11020765642125818, 1] 0.034778349179332
[1, 1, 22.947649141733674, 6.864800536293387, 1] 0.076765103115171
[1, 1, 44.1114761787585, 2.6333476936487696, 1] 0.120179456401977
[1, 1, 25.856393593512635, 33.79737600599123, 1] 11254.50948141998
[1, 1, 12.42189471273616, 15.453198756681026, 1] 0.066013690489341
[1, 1, 6.796652318640512, 21.68078335533464, 1] 0.254841708504099
[1, 1, 5.090700389561116, 24.061974104160683, 1] 0.214384084535658
[1, 1, 47.31114836144718, 32.71641582140489, 1] 2.833393219906692
[1, 1, 43.12898848161536, 15.25687006628133, 1] 0.089673622112696
[1, 1, 0.7855073831030244, 23.338706737973435, 1] 0.221255369049196
[1, 1, 11.523905697135918, 31.124169326889003, 1] 3271.200219240026
[1, 1, 11.078606179199575, 13.276025950936354, 1] 0.051043416490262
[1, 1, 25.963849363810038, 45.17279892150634, 1] 3321.3441010307183
[1, 1, 35.90313606840342, 5.24703301829595, 1] 0.104060617103311
[1, 1, 46.10098293606351, 13.69669423750214, 1] 0.00659690696743
[1, 1, 45.59294759078451, 27.513864247923888, 1] 828.1566308765345
[1, 1, 14.948321087292271, 21.169144816457393, 1] 35.19672097464179
[1, 1, 0.4701371234741467, 15.675094073454318, 1] 0.139513601354668
[1, 1, 2.2549484107300684, 42.83720549409263, 1] 0.364021893352442
[1, 1, 2.576597948637578, 33.842286398936885, 1] 0.424236547671831
[1, 1, 8.829632150657158, 47.93522535100705, 1] 130.35739986382393
[1, 1, 39.55739095957213, 9.309330781223103, 1] 0.097746477492923
[1, 1, 44.31429386556333, 31.78427796945062, 1] 0.067897685043099
[1, 1, 2.6530670284853572, 39.34691724461673, 1] 0.39006712959098
[1, 1, -0.635117879755658, 23.6181889115278, 1] 0.410664057657978
[1, 1, 22.638385145077823, 15.669306603434169, 1] 0.102698962071018
[1, 1, 27.193258154508662, 14.005430818779658, 1] 0.075124399509151
[1, 1, 14.991281334261554, 18.11764678915237, 1] 0.063445736475776
[1, 1, 9.156632984447644, 39.24450006617356, 1] 1373.2091121375609
[1, 1, 25.091030651442527, -0.27355656643506165, 1] 0.108057978362501
[1, 1, 12.713129304775096, 28.093079235233592, 1] 3990.930662204933
[1, 1, 4.699809294069469, 31.81997747977374, 1] 5.514412937173693
[1, 1, 41.329485989885704, -0.06908208784221959, 1] 0.126288774352462
[1, 1, 37.4313615433508, -0.7055927576443568, 1] 0.12525620506503
[1, 1, 16.571796765383112, 7.580685127301567, 1] 0.060891701171341
[1, 1, 5.750249132397757, 11.871837914783729, 1] 0.232334926067614
[1, 1, -0.9418807904265516, 40.447710410582864, 1] 6.17332456380478
[1, 1, -0.07204835838719359, 12.306386399001108, 1] 0.457336359862437
[1, 1, 1.113995264442059, 0.5490518512128904, 1] 0.032244474297703
[1, 1, 4.546146828273496, 35.21770017295451, 1] 0.441597146450978
[1, 1, -0.26178497699462144, 6.039456217785334, 1] 0.123823336028357
[1, 1, 29.006778923284806, 23.865298263981465, 1] 0.252249319435166
[1, 1, 38.38059811146963, 28.644420653487625, 1] 7.271597557136634
[1, 1, 24.294090955816078, 37.153485273801046, 1] 0.305374342291558
[1, 1, 37.872789069030574, 38.69225455558333, 1] 7608.128756258854
[1, 1, 6.227059215720827, 41.43916657765847, 1] 271.9851483118029
[1, 1, 8.12334316196754, 1.7574340519724294, 1] 0.035422064031748
[1, 1, 17.38493200910219, 7.537781164685432, 1] 0.062495231827997
[1, 1, 25.11048389366386, 5.363826861146621, 1] 0.086077379519533
[1, 1, 34.7261061998792, 12.72348456054161, 1] 0.084132262242494
[1, 1, 43.292877102557284, 40.79913545691159, 1] 4.39811526654177e+25
[1, 1, 8.32461147711755, 27.656041863024818, 1] 5.2620768955606
[1, 1, 29.798397752640888, 21.35045575297602, 1] 0.122616466985199
[1, 1, 26.69521980070711, 42.77256982997629, 1] 3937.711667512359
[1, 1, 27.614613000089456, 1.8194549162644131, 1] 0.103593724938622
[1, 1, 5.647918681371739, 26.8220358127704, 1] 353.5253954174006
[1, 1, 1.1694021816550446, 37.30956944197692, 1] 20.6897534980431
[1, 1, 4.173101270890851, 40.09759910114767, 1] 0.416713775303104
[1, 1, 44.582954932965386, 33.43670000666915, 1] 41.95563974078215
[1, 1, 25.57396553881744, 2.1274826474581796, 1] 0.098740545060276
[1, 1, 27.66810329083993, 26.820271329920114, 1] 474.6340558551435
[1, 1, 26.16819947515906, 47.19326043251657, 1] 30327.783679558524
[1, 1, 47.69020194921452, 1.2409587023353494, 1] 0.126847590045765
[1, 1, 16.943161390694428, 12.095890995320204, 1] 0.103195629370386
[1, 1, 17.649600107491988, 28.1181394274929, 1] 7830.05768546347
[1, 1, 13.122544966329631, 44.138348864282804, 1] 659.1163911560606
[1, 1, 43.70517630069133, 5.150823104205805, 1] 0.112814480579653
[1, 1, 35.86710766697068, 39.672897428779876, 1] 42909.238349558225
[1, 1, 20.059071871227896, 22.22446753730493, 1] 0.396270450753571
[1, 1, 33.3668012377939, 22.480592516460035, 1] 1.56438922448265e+24
[1, 1, -0.6123175005030004, 46.420737509654145, 1] 9.099383094395098
[1, 1, 12.353513089288803, 1.9126386517226486, 1] 0.059506564176152
[1, 1, 47.361053306676574, 45.970350590586705, 1] 77386.99048939954
[1, 1, 16.363112807830294, 23.554339742520586, 1] 16.098550418780068
[1, 1, 36.56034844252506, 2.963406706630562, 1] 0.111871055774207
[1, 1, 22.022399919416426, 30.418814684035485, 1] 10210.685136244152
[1, 1, 35.79129676538812, 40.46883743157768, 1] 26931.04165979354
[1, 1, 46.898065975217214, 15.301832924570931, 1] 2.107874711573662
[1, 1, 3.6894519346171286, -0.9533683997129663, 1] 0.000943072249064
[1, 1, 32.05530373508964, 36.49522144547621, 1] 778.846716836037
[1, 1, 14.332840242406542, 0.728484861558377, 1] 0.074071408224353
[1, 1, 2.7441269502600463, 34.18639914299532, 1] 0.388122196165358
[1, 1, 47.89506584098499, 30.093016927886612, 1] 0.095246472849914
[1, 1, 34.86530774995659, 32.82077581559254, 1] 0.385190305750621
[1, 1, 33.89361221040244, 33.61623838734062, 1] 15.73911215829289
[1, 1, 45.53432565953419, 13.421350846488673, 1] 0.095534182242815
[1, 1, 7.490794359379839, 48.005560878663736, 1] 16328.43793479375
[1, 1, 31.826883240101914, 47.82684545857308, 1] 25224.337177556423
[1, 1, 20.615314098615634, 11.132496004705429, 1] 0.069630577670807
[1, 1, 48.54878774715093, 22.91529159599782, 1] 0.085709101870896
[1, 1, 44.67623462923805, 4.707115535850338, 1] 0.114887945975466
[1, 1, 34.42133375676184, 37.56176279487981, 1] 1878.310307505513
[1, 1, 48.7954111002836, 24.488965600891067, 1] 0.085408851636737
[1, 1, 15.825227216745613, 5.5462657590724564, 1] 0.061116556752701
[1, 1, 11.530414549047231, 16.59039307699698, 1] 0.127537586618459
[1, 1, 43.856697926017965, 5.830293844646795, 1] 0.111157424785733
[1, 1, 5.159416500252296, 16.59784617152618, 1] 0.437081885316007
[1, 1, 25.953298010555255, 12.27106661968434, 1] 0.073538831300254
[1, 1, 15.500739960820898, 30.749835053530678, 1] 12507.901030186606
[1, 1, 23.97285078019733, 4.466351843627221, 1] 0.086680378072598
[1, 1, 28.536398996515743, 36.70273398290742, 1] 4657.303088323126
[1, 1, 9.90941603009682, 28.63414457214175, 1] 1649.8492110851664
[1, 1, 29.01375020370343, 16.0081495020661, 1] 0.078160725129573
[1, 1, 41.80672288230842, 47.342914910946, 1] 0.223478520543512
[1, 1, 37.179123180149446, 0.9376754247539429, 1] 0.119228895212437
[1, 1, 22.74393326411014, 40.92884070677676, 1] 15891.855199492773
[1, 1, 0.4239807763055279, 32.17671834504589, 1] 21.450057970688388
[1, 1, 3.0015450281193523, 30.2460257507808, 1] 0.248948191466032
[1, 1, 7.098832097110369, 0.3179828053426601, 1] 0.033550168708207
[1, 1, 30.304828208043823, 27.541161346739084, 1] 21.37608966617002
[1, 1, 4.853227527711502, 14.068224525575918, 1] 0.267616659103098
[1, 1, 24.287280593283562, 13.08420811783454, 1] 0.073572406428
[1, 1, 30.501054752522617, 22.885058522200666, 1] 0.151711193024873
[1, 1, 40.802203217550364, 25.341639244742915, 1] 0.130728412913988
[1, 1, 23.789460056820623, 43.03277815081497, 1] 19820.33669179975
[1, 1, 38.731110886977696, 32.96875837978247, 1] 0.285354302175337
[1, 1, 30.617106817590496, 29.290620120910095, 1] 867.1646078475417
[1, 1, 11.802033484871128, 30.33903268310847, 1] 11.560649146844714
[1, 1, 41.48201151166215, 45.222311981849415, 1] 54.89171774886958
[1, 1, 20.141778007500662, -0.12859498549272397, 1] 0.097011787971094
[1, 1, 28.48594601774258, 10.298280360796465, 1] 0.079479297142106
[1, 1, 11.483769363595542, 20.485622362063793, 1] 0.336725660713436
[1, 1, 30.956797026543587, 38.27006589989549, 1] 0.305066602331121
[1, 1, 46.15374439154968, 13.879828714162713, 1] 5.694087928005642
[1, 1, 3.5877564964975193, 9.930237454154229, 1] 0.228211480254066
[1, 1, 31.003599293004612, 47.38442806938401, 1] 6731.557323048543
[1, 1, 43.482505600018975, 8.697050806941753, 1] 3721.5091218268485
[1, 1, 31.637791287205395, 21.717297403547498, 1] 0.107437187943768
[1, 1, 17.041891673010106, 39.78796796303972, 1] 809.5099737779907
[1, 1, 26.63722903336846, 16.098684666656393, 1] 0.082003580135638
[1, 1, 35.98204556821727, 27.27566803170164, 1] 0.385190313667299
[1, 1, 16.563973679223754, 24.048994683017124, 1] 0.413845231255268
[1, 1, 12.15466479929291, 24.632455837342423, 1] 2.798397091486613
[1, 1, 41.894741233118694, 9.025245429109086, 1] 57.46553116398203
[1, 1, 10.130298027507562, 14.492169398965089, 1] 0.108985705117268
[1, 1, 32.17157918308339, 41.81714118841898, 1] 9396.899215516034
[1, 1, 4.251509140341226, 38.07777943409122, 1] 0.466926653379334
[1, 1, 43.80301837256892, 29.15470150088294, 1] 3.941600817654209
[1, 1, 25.294575912312755, 48.70682033616262, 1] 12407.887055240597
[1, 1, 15.605274532860925, 43.18239112932552, 1] 945.9386573394492
[1, 1, 9.680937971548365, 21.54008420006955, 1] 1.319956042418657
[1, 1, 4.584680219300125, 26.301428733416284, 1] 0.206740701898161
[1, 1, 21.654389204999404, 11.766470095638327, 1] 0.071092526689162
[1, 1, 18.216019221086455, -0.9859348554632377, 1] 0.096504693283751
[1, 1, 48.88129620638996, 26.820186567274853, 1] 3.184385953173512
[1, 1, 9.703065281524026, 37.785463609786646, 1] 228.16565757607177
[1, 1, 17.749964781357555, 35.04318986019511, 1] 7149.106020022402
[1, 1, 31.109004087841257, 9.284133636769399, 1] 0.086026733346288
[1, 1, 32.54960343769841, 24.40038883330078, 1] 0.26140905000599
[1, 1, 48.961508711373774, 11.698148129491793, 1] 41.479715180465824
[1, 1, 22.892337618394492, 17.54968986178963, 1] 0.165403247148924
[1, 1, 10.62428270240124, 2.571682565474943, 1] 0.047997651057462
[1, 1, 5.031689345167929, 32.15924857738674, 1] 0.224448154059202
[1, 1, 24.38795588087503, 24.71973474448634, 1] 1231.4992661562626
[1, 1, 25.009787108365696, 15.666507938201448, 1] 0.084578139268819
[1, 1, 2.4884628933974593, 16.313990635741554, 1] 0.180676495168545
[1, 1, 22.183363014064884, 30.24516400796517, 1] 25817.276953144225
[1, 1, 7.77008238507273, 21.593016324449966, 1] 6.573137452370581
[1, 1, 41.383674900459624, 6.31565909396778, 1] 0.107402501993787
[1, 1, 2.383389052616592, 5.705799940203944, 1] 0.079181860791783
[1, 1, 19.0492051701579, 0.11125755022408734, 1] 0.092963513702926
[1, 1, 41.53436537467922, 14.480898134064786, 1] 0.089267496254848
[1, 1, 20.594088666546995, 9.180359862467315, 1] 0.067578852914114
[1, 1, 17.256307388663945, 10.566501888874864, 1] 0.072458710514
[1, 1, 6.1065953318517785, 11.736734312861259, 1] 0.203117163269437
[1, 1, 17.238388360393355, 21.13637484252791, 1] 0.936092103285542
[1, 1, 44.49291990423368, 10.770383818742285, 1] 0.099919625342948
[1, 1, 1.9974825131294902, 34.25435530036381, 1] 0.560546804245263
[1, 1, 29.81177800426641, 13.503224649779456, 1] 1.664024527777217
[1, 1, 13.092336432980279, 9.192490722734965, 1] 0.083715224566936
[1, 1, 45.169785540399225, 31.18804764943787, 1] 0.114248406928817
[1, 1, 10.814084900106458, 18.846326982510305, 1] 0.287858939152214
[1, 1, 24.03493230415549, 37.24227303986831, 1] 21527.12304432747
[1, 1, 34.10975345728535, 26.71567201387679, 1] 2.097970805046148
[1, 1, 46.12967843486729, 9.338377643276475, 1] 0.104769080113873
[1, 1, 36.93970986951709, 17.896575285960587, 1] 75.72798062035284
[1, 1, 8.97359309940724, 31.58725344038057, 1] 8923.97194249369
[1, 1, 4.66174547871186, -0.2833147424093676, 1] 0.011194642429227
[1, 1, 1.1171829412294674, 9.6755943780111, 1] 0.450101336520996
[1, 1, 38.547166302817786, 30.16998067638254, 1] 0.385190313556367
[1, 1, 18.5819527207305, 11.254312553424235, 1] 0.073579093396977
[1, 1, 47.84135198500868, 1.3859673595680029, 1] 0.126534349083645
[1, 1, 35.24395713141335, 11.467988445203243, 1] 0.08725383687907
[1, 1, 3.4107044993184736, 21.33926311023558, 1] 0.191265349151226
[1, 1, 41.98221624615198, 14.72826545748237, 1] 0.089334014980596
[1, 1, 8.355819138841737, 13.835490831843362, 1] 0.174444432854035
[1, 1, 4.063018602759339, 27.84254357491722, 1] 0.207175864603152
[1, 1, 21.970719438978687, 45.45000581808401, 1] 0.90592677398278
[1, 1, 2.128822229588729, 30.948917482592876, 1] 0.339879042607647
[1, 1, 40.76607113715873, 10.042685787788836, 1] 47.634620096285595
[1, 1, -0.9101590136443285, 36.672428332888416, 1] 0.397999904209222
[1, 1, 10.83098650310882, 28.62752309695713, 1] 2.875766331858263
[1, 1, 0.806031432098798, 26.993579451481942, 1] 0.346589452689097
[1, 1, 41.791847283637814, 21.818291903364962, 1] 0.083298161598476
[1, 1, 48.08501801334366, 30.517508957557926, 1] 0.096669376626865
[1, 1, 13.996587325676114, 46.805239115892476, 1] 204.1790736729768
[1, 1, 26.206158988639007, 42.67499068026579, 1] 1159.1668468987746
[1, 1, 43.339754920082896, 13.628441588858454, 1] 0.092812428819063
[1, 1, 40.02595411686582, 2.8077834907552455, 1] 0.116001635341696
[1, 1, 38.48129208320465, 25.23323254767063, 1] 0.759530549140813
[1, 1, 44.53491203304924, 1.6560492318099929, 1] 0.123377705552693
[1, 1, 46.89875598314614, 0.11777564309592514, 1] 0.129628726154399
[1, 1, 44.29609193106812, 36.38710793973805, 1] 64240.45104205685
[1, 1, 42.80347476744866, 38.057987346191844, 1] 46.48052692669051
[1, 1, 26.406163635711323, 33.554438010633206, 1] 18173.015053556912
[1, 1, 26.300607078722912, 1.9981392736875332, 1] 0.100602010339986
[1, 1, 47.577411762151236, 16.67415207761732, 1] 467.2975767625855
[1, 1, 24.538541078757625, 22.901705253326355, 1] 2.68838621087384
[1, 1, 1.384531372222598, 45.4403136335893, 1] 22.293601877936712
[1, 1, 32.1144923481658, 13.030448166542087, 1] 0.080224543882515
[1, 1, 33.08021764047328, 31.146573370721356, 1] 768.1085277903866
[1, 1, 2.7449164681839617, 22.307655652844232, 1] 0.183302641809145
[1, 1, 30.169736982889525, 31.806785139934888, 1] 30667.02276495138
[1, 1, 6.879199422015937, 29.62705476504962, 1] 0.229946521803977
[1, 1, 30.902449016592644, 22.546073319478083, 1] 0.132809560525669
[1, 1, 5.149522921526179, 31.555994913321115, 1] 49.601620155724774
[1, 1, -0.08853072562061604, 1.9835018179800055, 1] 0.034973011332428
[1, 1, 6.845078209116912, 3.814345549096971, 1] 0.0271491108826
[1, 1, 30.355560181238555, 22.990260556674937, 1] 0.159530347994533
[1, 1, 15.487165097019801, 2.6186214847765905, 1] 0.06966389264983
[1, 1, 39.903164139713105, 48.51950929402725, 1] 0.28138520236532
[1, 1, 25.744411755664053, 23.83695113806149, 1] 0.346143286155083
[1, 1, 42.657908336526155, 44.97738822297389, 1] 2848.7298518903294
[1, 1, 32.41416548579181, 1.4223514683572036, 1] 0.11212646153402
[1, 1, 38.56331155266831, 47.53658485833678, 1] 0.409403593357243
[1, 1, 33.00770296144609, 28.970423112058043, 1] 2.099341374049846
[1, 1, 36.738964964088716, 36.858263739998335, 1] 2042.5296188031518
[1, 1, 39.04300939440962, 15.47495004699353, 1] 0.084937312725509
[1, 1, 40.732536939926526, 22.106634314458237, 1] 4.916486739992388
[1, 1, 33.97470883543843, 40.24824852413001, 1] 18458.25240738181
[1, 1, 12.428517156896497, 22.75257448028421, 1] 0.291954801120989
[1, 1, 46.048441990732734, 41.64892649266198, 1] 0.331866143270349
[1, 1, 26.051813503285654, 22.12852080434467, 1] 0.285418401371323
[1, 1, 43.7261368333669, 47.88989778473024, 1] 1.86116673351861
[1, 1, 5.04921221679443, 29.12077556889075, 1] 19.673280255741762
[1, 1, 48.3169344352523, 45.08808316595956, 1] 0.350102768454581
[1, 1, 11.322540817789063, 11.52880231804503, 1] 0.004773943093038
[1, 1, 17.632102207723513, 3.578020774027575, 1] 0.073180252211853
[1, 1, 0.7777884023788604, 33.672826067887144, 1] 0.379620431945586
[1, 1, 12.889750720737709, 0.4852238132068263, 1] 0.069120789801185
[1, 1, 0.444583717424025, 12.951641306235718, 1] 0.136652211527824
[1, 1, 47.05320372573015, -0.535179396808976, 1] 0.131713462637121
[1, 1, 48.12539937050767, 21.398293642434158, 1] 5.618745143594246
[1, 1, 1.1516572679347146, 36.947474160210945, 1] 20.81383341183668
[1, 1, 46.290132998968645, 12.509307981313523, 1] 0.098106745387106
[1, 1, 45.16499879065834, 10.768402351706674, 1] 0.100590353120125
[1, 1, 11.76042592088935, 22.398900539942186, 1] 0.406753840839428
[1, 1, 33.44015609820039, 19.001098915878273, 1] 0.082014441110683
[1, 1, 46.392943908963574, 6.462287805682532, 1] 0.111871928677073
[1, 1, 23.58339033488147, 1.2452218377019548, 1] 0.098429173478629
[1, 1, 16.91347618491023, 11.780991348675458, 1] 0.094673440371943
[1, 1, 40.92927964720668, 6.264337112355274, 1] 0.107056155447845
[1, 1, 26.966298797115346, 43.812983785582844, 1] 5.66136772916308e+23
[1, 1, 42.44877502544852, 43.50694037757209, 1] 1.64267314606635e+25
[1, 1, 11.671577151869862, 25.26514578555413, 1] 2861.116790175582
[1, 1, 48.38484585961105, 10.609933789874994, 1] 0.104094219728821
[1, 1, 0.6075655477979789, 29.934232468369576, 1] 19.348157239443918
[1, 1, 21.074595250189077, 44.0669739658585, 1] 17685.259060651082
[1, 1, 22.80404353261001, 2.60153672171864, 1] 0.091080293219997
[1, 1, 20.756342834116428, 41.720508122406116, 1] 0.693872942772888
[1, 1, 13.268664112475065, 32.80366105742233, 1] 7336.845248472211
[1, 1, 6.727596151740062, 45.22857558848765, 1] 2.049890342559289
[1, 1, 21.841151240102437, 18.370324505923957, 1] 0.277088427633593
[1, 1, 8.235877291718536, 36.40829266968083, 1] 237.57324703114836
[1, 1, 32.42097121760448, 12.739282545391507, 1] 2.945492685492194
[1, 1, 42.4292756757573, 22.723216191996116, 1] 0.1163213976587
[1, 1, 27.056318068929244, 41.93748621483608, 1] 0.347982962473735
[1, 1, 39.77461449742908, 29.84380651232746, 1] 0.357889983338958
[1, 1, 43.755125793756406, 33.83918507655153, 1] 0.385190434185921
[1, 1, 1.5843992470069632, 2.537966443036006, 1] 0.440367112654712
[1, 1, 30.327574095809634, 39.85026608080483, 1] 5128.866474574149
[1, 1, 33.018143784110215, 32.01660278956365, 1] 0.366800200358985
[1, 1, 17.650000937883988, 30.205896852720706, 1] 9822.39328678278
[1, 1, 46.90930348403212, 11.142691185402493, 1] 300.59640263082684
[1, 1, 12.955109017168443, 26.34952984150056, 1] 13.444825811575768
[1, 1, 32.072335046270865, 0.6085727427132435, 1] 0.114718665831093
[1, 1, 42.77308079419437, 7.609030929683486, 1] 0.105527923007567
[1, 1, 44.31310409831457, 18.07902467349347, 1] 0.086744772756561
[1, 1, 2.708500256964886, 35.34092752099957, 1] 0.452093848202725
[1, 1, 26.514942737164404, 29.309565576913933, 1] 1.961315694727214
[1, 1, 22.582428871281586, 45.483053716013394, 1] 9.26688579328479
[1, 1, 2.849101040006558, 25.357142305695525, 1] 0.196444533889079
[1, 1, 44.690184921722064, 31.52723671685807, 1] 2.95048732937507e+25
[1, 1, 25.976390442275676, 39.034235349402955, 1] 0.288370965851127
[1, 1, 34.05224128525101, 16.86123473120344, 1] 0.079410012200807
[1, 1, 27.430641886620023, 6.454959510012599, 1] 0.087259570044201
[1, 1, 5.665430346986195, 28.973185670115864, 1] 1.28507963027113
[1, 1, 21.378708759870108, 32.86911079100597, 1] 17873.352299198366
[1, 1, 3.2731371579877493, 16.804625059427277, 1] 0.197699113595109
[1, 1, 30.284184176030948, 4.392637507458126, 1] 0.098752629735966
[1, 1, 2.3574722655591414, 16.418773950825667, 1] 0.177403268292243
[1, 1, 35.61516342345673, 15.418324447067572, 1] 0.081381249714834
[1, 1, 34.51894506288329, 30.812971638158892, 1] 30971.63244928678
[1, 1, 14.336168571985803, 26.653367997498655, 1] 4831.9075810365875
[1, 1, 43.09849380117143, 3.5787370423530707, 1] 0.116599641650001
[1, 1, 15.3130789443364, 0.5449072769921135, 1] 0.078833742794226
[1, 1, 5.524617633755842, 27.696482160315384, 1] 67.60113238531336
[1, 1, 39.72399723638506, 36.42489425640695, 1] 0.061769648089258
[1, 1, 38.2620591441683, 15.01233132593542, 1] 54.840054107260634
[1, 1, 23.546860535899096, 40.63819438833287, 1] 1.55302989692425e+23
[1, 1, 6.614548881841854, 40.36699386211917, 1] 0.259038760997473
[1, 1, 37.02845114364079, 1.0403650460583345, 1] 0.118726782368497
[1, 1, 42.61732130725633, 28.269702009898946, 1] 3.66918494770322e+24
[1, 1, -0.24955735388595324, 32.103497252082576, 1] 1.852942237490348
[1, 1, 28.738410814609008, 17.23066831543493, 1] 0.088364873339786
[1, 1, 26.37105401627249, 13.981674942880597, 1] 0.0749990141497
[1, 1, 31.742518004156338, 15.81709814447786, 1] 1.343679928567401
[1, 1, 21.058737621452657, 6.961474659961343, 1] 0.072097788804643
[1, 1, 21.79830465444587, 29.038272838916352, 1] 0.133229313316948
[1, 1, -0.6067690730290278, 39.978307480102636, 1] 4.965034148261863
[1, 1, 28.94659040646824, 31.571008447304898, 1] 220.76546513723565
[1, 1, 22.394468741456908, 10.712775912980906, 1] 0.069836500620113
[1, 1, 9.174747942104572, 3.8583975037803757, 1] 0.038074668977705
[1, 1, 17.699780087385736, 5.151809830109645, 1] 0.06796853513195
[1, 1, 4.829683094739391, 31.66089576433273, 1] 0.223038123367021
[1, 1, 38.18004809669092, 3.8576659829659308, 1] 0.110903080788387
[1, 1, 48.37701670179215, 7.107139143211423, 1] 0.112021261851466
[1, 1, 21.932227526471483, 39.65781786693773, 1] 0.500400888646869
[1, 1, 19.844081636059624, 45.884521101239805, 1] 8.13855355647275
[1, 1, 34.682465236583774, 35.6529990284857, 1] 0.108972515680338
[1, 1, 5.4966719225659215, 38.884164155368836, 1] 15.354993299259114
[1, 1, 1.8285947685784238, 45.54904583883693, 1] 2.490627237057836
[1, 1, 4.5419405760777805, 11.536121267271694, 1] 0.261054622759502
[1, 1, 14.146710265320257, 47.845332414219115, 1] 530.2789019495063
[1, 1, 22.343244625569927, 5.629712009325894, 1] 0.079017505301253
[1, 1, 13.16268954895311, 28.31372957495303, 1] 2.91013483551239
[1, 1, 16.61146283931241, 32.8453465860589, 1] 14659.645477829028
[1, 1, 22.593472358449517, 41.70352725299017, 1] 1477.669233367488
[1, 1, 7.739395298950415, 5.6759094387552675, 1] 0.047302206946481
[1, 1, 10.545114600676365, 30.25289205840362, 1] 2155.4995106974625
[1, 1, 20.473544220981793, 40.39623670189941, 1] 10522.2601177741
[1, 1, 18.811686874671942, 27.0812696559231, 1] 7892.679638970815
[1, 1, 45.541204073115985, 39.54354500973794, 1] 0.073243935529892
[1, 1, 8.881228790686492, 39.02001695142386, 1] 1239.035484326256
[1, 1, 40.36671279438169, 32.351300548604236, 1] 0.221536600078112
[1, 1, 36.73633464196241, 48.66725550271866, 1] 13982.839997886816
[1, 1, 44.45709735215837, 32.019283987024, 1] 363.8416785844567
[1, 1, 23.41930775976736, 35.78256338057918, 1] 7429.327742779708
[1, 1, 30.46511962551913, 37.62390163145674, 1] 40695.53363977584
[1, 1, 33.63392685563641, 47.998306944622776, 1] 12.644140262875386
[1, 1, 43.69989862036645, 6.219342366273063, 1] 0.109994221910533
[1, 1, 25.938990992502056, 8.993580102651611, 1] 0.077706324908592
[1, 1, 37.79573845654754, 47.80936814536152, 1] 0.411356578745443
[1, 1, 44.05540273607338, 20.480005579329575, 1] 0.084337275208109
[1, 1, 8.670168788934536, 41.16989593808287, 1] 93.72166199122513
[1, 1, 22.152064297915437, 29.429234288921812, 1] 12835.946686728374
[1, 1, 17.34385536420431, 37.7794650555614, 1] 2848.8872096074515
[1, 1, 3.577097991970758, 27.941129594461064, 1] 0.209060183119783
[1, 1, 42.600638887156784, 29.522514345272135, 1] 0.159727536726443
[1, 1, 11.342279238983938, 27.397726402572705, 1] 3709.044962277672
[1, 1, 36.10303683666365, 11.235380025657605, 1] 0.09214675598679
[1, 1, 27.695433516768095, 8.198040280751885, 1] 0.082882926018309
[1, 1, 48.90380460722642, 34.2514106212281, 1] 28.391445553433943
[1, 1, 44.79621211204349, 33.62518700215159, 1] 15.216495376812086
[1, 1, 31.302799017890926, 9.258651715574974, 1] 0.086398392704327
[1, 1, 21.830646822176888, 32.261634561504415, 1] 12431.162676734955
[1, 1, 42.10899994220051, 26.289344614750494, 1] 0.092900625712506
[1, 1, 29.052507692540964, 2.341655893263651, 1] 0.103955384680333
[1, 1, 27.568734142063505, 42.450327249152316, 1] 32537.466959263078
[1, 1, 10.366998842217118, 25.33213837678469, 1] 1.347944117822079
[1, 1, 20.073881140911922, 46.54222307771358, 1] 10066.851322343586
[1, 1, 19.249472964599924, 24.331206919626485, 1] 8.411838090494689
[1, 1, 24.023813124518817, 8.835486106098374, 1] 0.0743755916
[1, 1, 3.2353130354161053, 33.57083057268877, 1] 0.437748724405047
[1, 1, 42.08367782901093, 22.031309979702762, 1] 0.083438565242781
[1, 1, 43.00297670287065, 38.633206813092485, 1] 0.327600302677246
[1, 1, 42.24035201797253, 18.894162138105692, 1] 8.762378059659284
[1, 1, 35.27093562958789, 29.21414135081684, 1] 24864.79458106969
[1, 1, -0.5190365178013736, 13.78464977024791, 1] 17.637443075736808
[1, 1, 38.13039081072604, 4.694038686885356, 1] 0.108360781888449
[1, 1, 37.26139264408581, 23.55986701147723, 1] 17.702543415340834
[1, 1, 9.561616818412539, 34.905428480311606, 1] 8171.496829511541
[1, 1, 14.164888429675983, 18.405805520598772, 1] 0.089153401185122
[1, 1, 27.411424536602336, 16.076489525011723, 1] 0.080176699439863
[1, 1, 42.47181529034925, 42.484528584879456, 1] 0.01225495820493
[1, 1, 45.453796584930714, 30.10900455930734, 1] 0.103463265850369
[1, 1, 6.330890768505838, 11.015778367872231, 1] 0.147669824542706
[1, 1, -0.6747248250083651, 38.24231226492456, 1] 4.327471646402977
[1, 1, 38.57911549522482, 13.72482922232467, 1] 46.96249165722614
[1, 1, 11.95113107525755, 33.6716801179481, 1] 4108.440268685263
[1, 1, 34.69026246532794, 34.24998336610432, 1] 26.099102321557925
[1, 1, 26.904760165888874, 1.7327055229514285, 1] 0.102722758841984
[1, 1, 32.44818072224811, 31.574438993057548, 1] 24232.380090411272
[1, 1, 38.579463358724034, 34.24234972431636, 1] 6.00810093148448e+24
[1, 1, 38.87189059239266, 30.901553180342653, 1] 1245.6914028502842
[1, 1, 25.9660280221497, 30.547226192205848, 1] 21386.69090616124
[1, 1, 0.04723727412104339, 39.98648272172882, 1] 22.894661888770525
[1, 1, -0.8911634141612825, 41.60067142426946, 1] 6.725287562093724
[1, 1, 14.763271817893242, 21.82086504772623, 1] 0.419263598629096
[1, 1, 34.453267179069336, 18.54944066097475, 1] 0.080635275530812
[1, 1, 35.3032675921924, 14.572122736189897, 1] 0.082014575281965
[1, 1, 14.292147093449554, 18.179926466243597, 1] 0.080484544485648
[1, 1, 25.25535587922063, 0.23936281227281508, 1] 0.106048634245022
[1, 1, 7.976966390115738, 26.623300395804524, 1] 0.252647571336765
[1, 1, 42.52112494474348, 26.700580146816257, 1] 0.342871572841686
[1, 1, 31.775806737565937, 25.347840293066465, 1] 0.216042616952478
[1, 1, 47.40134437890606, 34.933055261988414, 1] 0.34785122930329
[1, 1, 42.92656248608276, 28.724455154931473, 1] 1.436329793099237
[1, 1, 17.291263945128307, 22.324267151233443, 1] 0.411976228265368
[1, 1, 14.432638023944278, 3.7238822316824187, 1] 0.061350299556688
[1, 1, 46.353131027437705, 41.6730215621677, 1] 0.050831000865095
[1, 1, 20.04023046038473, 7.333032230720022, 1] 0.068825314356966
[1, 1, 20.591349911335417, 18.945842909437, 1] 0.72513335890159
[1, 1, -0.5551205627587199, 13.257314261330912, 1] 0.118865723925321
[1, 1, 45.146119814032524, 48.59786864857022, 1] 6.54946064260337e+25
[1, 1, 38.904770193457615, 24.96969815712012, 1] 13.715240469632365
[1, 1, 48.72089123550167, 41.9927506121237, 1] 0.295526050110001
[1, 1, 31.538527678183705, 25.051715449796486, 1] 0.124719204286084
[1, 1, 33.76009126309229, 47.4533731894388, 1] 0.158669449945722
[1, 1, 16.673385391639883, 0.22740462690659746, 1] 0.085255821418785
[1, 1, 1.9325071683857784, 46.332770940281506, 1] 13.932433100847906
[1, 1, 7.559125608182933, 26.299283594326724, 1] 5.269221112024077
[1, 1, 27.922838270167173, 4.167582246734409, 1] 0.095539051936056
[1, 1, 40.89247799334615, 15.76290655967031, 1] 3.83812854670703
[1, 1, 14.623181770831357, 17.411398483793377, 1] 0.057651934375337
[1, 1, 47.26617722148343, 38.52433857979575, 1] 0.240105633818112
[1, 1, 4.714522696525775, 16.98184293893334, 1] 0.233300956164296
[1, 1, 11.206010651680248, 10.602673524907232, 1] 0.026291491436384
[1, 1, 35.26415530068082, 25.01654266864922, 1] 0.285704349381972
[1, 1, 35.296728823851495, 9.908060870758336, 1] 0.090793712244447
[1, 1, 28.067479026827908, 8.727200777099032, 1] 8.620135259335623
[1, 1, 6.939021673300956, 6.54325093416362, 1] 0.349120396866505
[1, 1, 2.054592733844114, 38.320688655465, 1] 1.001251023731409
[1, 1, 10.59334233965898, 6.144730542393457, 1] 0.050297359174005
[1, 1, 14.740006508790227, 25.900373863723736, 1] 0.151648592089095
[1, 1, 48.24007101681631, 48.35876782723464, 1] 170.17342880262947
[1, 1, 2.7289421129526987, 37.412149665574866, 1] 0.403480679288022
[1, 1, 3.1981916360644354, 35.67100047254191, 1] 0.382684036989641
[1, 1, 31.688438434349827, 36.52588596483009, 1] 8250.883220080506
[1, 1, 46.81914944365214, 35.14252679041735, 1] 0.15744415710121
[1, 1, 12.731971348575927, 8.489658998569334, 1] 0.07179434381228
[1, 1, 18.855456026416583, -0.8259377040479956, 1] 0.097356326255723
[1, 1, 32.04408974013818, 27.442395143206095, 1] 3.218954826470523
[1, 1, 29.14600933072973, 9.314995562016339, 1] 0.082708083721939
[1, 1, 18.01972083871612, 32.3813166954393, 1] 18720.977580213137
[1, 1, 13.396204775695566, 14.149232509414674, 1] 0.018241858913213
[1, 1, 24.869734567150065, 18.120778366278724, 1] 0.127159299205057
[1, 1, 38.90235369718281, 17.464602648158486, 1] 0.082582514678675
[1, 1, 5.921370635188445, 26.0204166008839, 1] 3246.076292583334
[1, 1, 21.764930965566215, 41.24390698008925, 1] 11554.625978853317
[1, 1, 47.97992822527745, 36.2124904891879, 1] 4.671207972873513
[1, 1, 31.3480258698983, 38.971949397408025, 1] 0.227144816918605
[1, 1, 25.397973719205346, 0.9198558480269245, 1] 0.043968738439005
[1, 1, 27.130991048468758, 1.2663717005101338, 1] 0.104971495985442
[1, 1, 17.871784832628656, 13.663886804672998, 1] 0.152730712657354
[1, 1, 17.46932236521633, 9.459453771342304, 1] 0.065146510572767
[1, 1, 39.782579349101404, 30.195868339764164, 1] 50.00978112921242
[1, 1, 5.7580945369881515, 30.00538671313467, 1] 2.637263879360668
[1, 1, 44.583069657316635, 43.729079120302664, 1] 9.591425060906683
[1, 1, 26.84408055595695, 28.47743926107177, 1] 1.384329394569061
[1, 1, 5.335102831469685, 27.434115957702726, 1] 1.301192269653739
[1, 1, 42.91653188512625, 34.43481062300853, 1] 0.11766612229663
[1, 1, 31.681448371405374, 19.01258172101064, 1] 3.259521718948942
[1, 1, 32.66695426938399, -0.26334921633911956, 1] 0.118782537654019
[1, 1, 33.935932990341875, 36.1492872896716, 1] 789.4927727965792
[1, 1, 4.24659117812285, 21.698887227016733, 1] 0.204764223018835
[1, 1, 38.528572670904296, 41.13343965534997, 1] 0.391743547761864
[1, 1, 0.37457965766214496, 15.777422488964355, 1] 0.138514039329788
[1, 1, 37.376237546691996, 33.51101882719267, 1] 157.43477617901254
[1, 1, 8.148517078427703, 8.081594084515594, 1] 0.367795519066757
[1, 1, 30.59499320179885, 23.59480356679757, 1] 0.177177336027095
[1, 1, 37.457331869655675, 37.692030322038555, 1] 1.50808894385178e+23
[1, 1, 12.807941470232233, 40.817762700331386, 1] 2854.7487571997094
[1, 1, 40.3407694592841, 24.37164119997413, 1] 0.10790983448223
[1, 1, 45.82321447838175, 41.52532886615669, 1] 472.56043619986116
[1, 1, 24.882283305541538, 30.384739488534024, 1] 6256.365117625008
[1, 1, 23.862185030604074, 9.849485634010158, 1] 4.75010050164606
[1, 1, 47.276740878079785, 41.65734431165272, 1] 18.855429358888657
[1, 1, 32.488231057987306, 12.196578466322407, 1] 0.948873482806336
[1, 1, 46.71629201542461, 11.85207587940332, 1] 0.099877911129124
[1, 1, 47.046012274394975, 7.518346565424185, 1] 0.109878529834286
[1, 1, 1.0395184032424796, 17.491589938496446, 1] 0.1522962199238
[1, 1, 19.595527230083892, 25.875474208533856, 1] 8.636232850895423
[1, 1, 38.67879815853491, 39.27156127870992, 1] 1.06850104453208
[1, 1, 48.15534054501763, 5.189422862527061, 1] 0.116553711482202
[1, 1, 12.431102530769062, 10.074211239497073, 1] 0.233566341465937
[1, 1, 34.104492692378365, 24.622318014533196, 1] 0.008549952920564
[1, 1, 36.880801785813645, 46.3529634540657, 1] 1.47532073384074e+22
[1, 1, 17.117665084061368, 35.68573505102425, 1] 823.4958360416064
[1, 1, 47.99382700132046, 25.882226492641216, 1] 0.085803473239282
[1, 1, 19.783051704038773, -0.9733413074517518, 1] 0.100517510900277
[1, 1, 19.44109773359658, 41.691938026900786, 1] 11190.323108427274
[1, 1, 6.934926057785474, 37.68453245100768, 1] 75.84820428842768
[1, 1, 9.77345027457196, 16.42911777985448, 1] 1.8401227933275
[1, 1, 45.01613474474659, 14.70019481704904, 1] 39.772594432010436
[1, 1, 12.1043045753581, 3.204842517944635, 1] 0.053233945241221
[1, 1, 34.30274668226964, -0.687551217193221, 1] 0.122207566978774
[1, 1, 24.091948990834283, 0.06996048097159902, 1] 0.104657984745955
[1, 1, 23.31317395618318, 24.475503638822637, 1] 252.30405578393197
[1, 1, 35.69638350162211, 17.13898395476268, 1] 0.080340434892349
[1, 1, 19.170896394947764, 31.13288738135872, 1] 14855.22962930143
[1, 1, 3.7722532428699616, 23.188846284933614, 1] 0.19613459258752
[1, 1, 34.81731552997303, 9.829955507627126, 1] 0.090305565281584
[1, 1, 28.925924517582676, 4.684607279800213, 1] 0.095547840025247
[1, 1, 8.25059470654414, 8.874914823488751, 1] 0.018445464477512
[1, 1, 27.781330284460356, 34.828434170218884, 1] 2943.4815878436534
[1, 1, 43.14249773473466, 25.707000798920568, 1] 0.088747070790503
[1, 1, 30.75381991574202, 42.120121152652665, 1] 2501.2984823156494
[1, 1, 23.588144394655497, 34.177161834875676, 1] 5859.44705956382
[1, 1, 12.736974976014688, 27.60512916073762, 1] 3048.9931790446476
[1, 1, 43.65351634893254, 47.10024306593409, 1] 2.34103943548979e+25
[1, 1, 20.583560535770562, 46.310941127618165, 1] 15197.940476934511
[1, 1, 0.6687893136635101, 47.486712848926224, 1] 0.366464106767059
[1, 1, 48.80783919115196, 17.743954277769646, 1] 0.091330398301981
[1, 1, 36.988417211511276, 31.43607909275714, 1] 1147.3738936519699
[1, 1, 38.67226440377964, 16.337189992549423, 1] 0.083456580431165
[1, 1, 10.398571537389168, 27.345667159372812, 1] 4.43644183290327
[1, 1, 41.24882620029978, 3.5740273006981633, 1] 0.114899873369382
[1, 1, 28.255746282824607, 4.306645492476736, 1] 0.095652148903322
[1, 1, 27.12828521283035, 48.47215803139933, 1] 31424.613263383788
[1, 1, 17.769262740535385, 10.444608582136768, 1] 0.069864885125367
[1, 1, 2.959915049147061, 30.77121736805787, 1] 0.443909988090366
[1, 1, 46.341515207919244, 27.572360615537782, 1] 6.125825258663299
[1, 1, 26.125972147367683, 27.373693135184357, 1] 1694.99584786786
[1, 1, 22.658185622182433, 33.58877193265045, 1] 14574.996612392919
[1, 1, 17.468495754829206, 39.93605882407898, 1] 1.378701692863242
[1, 1, 24.540008942641585, 0.6726131443153158, 1] 0.102821455431647
[1, 1, 6.385222736122799, 22.276406887314682, 1] 0.24265660927599
[1, 1, 46.53727356357576, 26.450069659067882, 1] 3.504253417859656
[1, 1, 0.9689343900190615, 22.12362052907876, 1] 0.190632885411008
[1, 1, 42.99123028981019, 1.851676258569602, 1] 0.121562992744754
[1, 1, 34.72556605709162, 34.72416115844257, 1] 31618.8635104434
[1, 1, 16.061986025417, 25.89534429133656, 1] 2925.2006032156773
[1, 1, 47.06541967631816, 15.912360498143357, 1] 0.092578101235641
[1, 1, 33.8660910366514, 12.684290453426456, 1] 0.479907468529143
[1, 1, 6.19591332127712, 43.92293285482952, 1] 15044.208036399403
[1, 1, 30.493354621102892, 45.26847920735504, 1] 1872.9775808770114
[1, 1, 46.15151922691405, 5.286408435350877, 1] 0.114646115393721
[1, 1, 46.352192224427945, 36.05524311747935, 1] 1852.4131006573707
[1, 1, 43.140821148709655, 23.969418600390902, 1] 3.069964640165032
[1, 1, 10.8248648824544, 0.10239132230824377, 1] 0.060712468144449
[1, 1, 14.742256302137742, 14.578258901607295, 1] 0.007890769353465
[1, 1, 17.758635746758323, 19.353652749877238, 1] 0.393280674440051
[1, 1, 45.40830110124896, -0.7168402605719872, 1] 0.13125661466684
[1, 1, -0.7860583245914035, 28.550366979455163, 1] 0.393186036527657
[1, 1, 43.373832871738884, 28.736957471530108, 1] 0.10290293949136
[1, 1, 0.2439545965527099, 31.70927614690057, 1] 21.424628458097065
[1, 1, 19.65947546549227, 19.5607568195965, 1] 0.006193414956197
[1, 1, 16.282128808511516, 42.529505866062124, 1] 2647.945804352176
[1, 1, 32.363389602972944, 21.991686347110168, 1] 0.10490845982692
[1, 1, 26.00490060723122, 41.692969685556925, 1] 0.266298606006571
[1, 1, 39.19363041295193, 16.13302467200666, 1] 0.08422254322017
[1, 1, 19.48625673468348, 6.235118996583983, 1] 0.069986164201669
[1, 1, 15.177893373998565, 36.96403210030881, 1] 5.075061726998742
[1, 1, 41.79611639035204, 22.49064521392879, 1] 1.276394769641478
[1, 1, 19.779040087889243, 9.172100101046155, 1] 0.411131958856982
[1, 1, 4.068085751626167, 5.483052275361717, 1] 0.040402054443216
[1, 1, 30.24391337122068, 25.382572075166344, 1] 0.273003832429949
[1, 1, 13.550790786387724, 7.2471118458734285, 1] 0.056548085081535
[1, 1, 12.044060889943815, 38.431289280635426, 1] 3546.8880755095283
[1, 1, 29.234389161406195, 41.727063133155696, 1] 7860.338180687038
[1, 1, 5.588954641006229, 8.000888453985901, 1] 0.414562437792861
[1, 1, 6.450993947466489, 20.422911617799762, 1] 0.255074221596496
[1, 1, 37.440632698226935, 6.378514900620203, 1] 0.10274319934959
[1, 1, 38.56777440033488, 3.0467029316387517, 1] 0.113795856455183
[1, 1, 18.377517965524692, 14.504241465770917, 1] 0.197704660181384
[1, 1, 41.91525191826198, 23.834739548954314, 1] 0.085595684657588
[1, 1, 20.030442163206637, 17.935508837753527, 1] 0.327333504726235
[1, 1, 15.399689537898077, 46.01243996009297, 1] 44885860275.0933
[1, 1, 48.49181667689239, 39.64654578764848, 1] 0.24343900580956
[1, 1, 3.882870643130288, 3.132733643855879, 1] 0.003333891553564
[1, 1, 37.51112808714173, 42.45710684882268, 1] 25285.445371233087
[1, 1, 15.4830244460138, 5.628811063391405, 1] 0.059882607929825
[1, 1, 44.32057429812759, 10.80795552990933, 1] 4344.76659403767
[1, 1, 8.866991841197914, 42.2390665957741, 1] 126.71968013684075
[1, 1, 31.991501041364515, 10.920513083588336, 1] 0.083733322763116
[1, 1, 7.230500864750844, 10.572628569076038, 1] 0.083693849659628
[1, 1, 48.02639602624849, 17.145594658160626, 1] 0.091514890914202
[1, 1, 1.3157067241394436, 47.76487507198581, 1] 23.294506856584686
[1, 1, 26.628773226334012, 44.71570735823071, 1] 8783.44514713958
[1, 1, 9.277916053175856, 28.737705140627945, 1] 4.648159984073628
[1, 1, 3.110250858269443, 16.192438682973073, 1] 0.195964302838574
[1, 1, 7.811156543021914, 26.2580833174774, 1] 0.251370494084293
[1, 1, 11.661369362291957, 43.13661625885411, 1] 2055.7485627705564
[1, 1, 3.35707761344018, 19.928609353552147, 1] 0.191766142190954
[1, 1, 40.78092222634221, 37.25860879366574, 1] 2.175241772906174
[1, 1, 13.801289478489116, 46.934799705299056, 1] 30.452285945781956
[1, 1, 45.812850038850044, 15.650597710320802, 1] 106.04297689433307
[1, 1, 42.695680491458866, 25.94771254240121, 1] 1.333418796763848
[1, 1, 31.37130668602486, 32.78331346940821, 1] 36194.54180392565
[1, 1, 9.74021010395243, 35.2740193561872, 1] 8.051665039070961
[1, 1, -0.3284270437063965, 30.832747763168882, 1] 1.430157230601321
[1, 1, 36.75784149817267, 38.800258061164065, 1] 8.02143166795754e+24
[1, 1, 9.946547402648305, 41.365581783268205, 1] 234.52266014702496
[1, 1, 16.545632118298894, 38.18666785221293, 1] 7085.979655328537
[1, 1, 46.43807135342744, 2.738950167862176, 1] 0.121719969459624
[1, 1, 43.68174709619298, 23.047328836584647, 1] 0.084105253728898
[1, 1, 17.946339062919826, 22.24300653528597, 1] 0.408819187471022
[1, 1, 45.446924015405926, 0.3368805862978117, 1] 0.128003622819733
[1, 1, 8.312026490917802, 15.76608069103025, 1] 0.289960657911665
[1, 1, 21.89820965611547, 31.805693200065114, 1] 19598.72573720442
[1, 1, 39.31764665742102, 24.370196230471258, 1] 0.604715661989364
[1, 1, 44.08701116458718, 22.629632944105623, 1] 0.083973444930162
[1, 1, 22.03781157037213, 38.229198255049354, 1] 0.480957225255952
[1, 1, 29.47149544773457, 34.76384007861359, 1] 5335.615839493701
[1, 1, 38.392739693446075, 7.658987410407532, 1] 0.100467918043163
[1, 1, 8.231326313483851, 33.04780682877117, 1] 4.502576622681657
[1, 1, 31.560795648452242, 27.415813235865052, 1] 24921.34395930648
[1, 1, 47.52557638222071, 0.7315472673412491, 1] 0.128213508759027
[1, 1, 39.534674195491185, 30.301677008924926, 1] 0.824201096800661
[1, 1, 35.290021813603964, 17.274166530227255, 1] 0.080079179518779
[1, 1, 2.9284790459849006, 6.4975786756566905, 1] 0.089091532870385
[1, 1, 10.24525218684166, 14.029527811032345, 1] 0.089288045009363
[1, 1, 3.1757701377042933, 16.70986875873889, 1] 0.195714717667751
[1, 1, 2.4850687912974077, 4.815019095108381, 1] 0.474550931083137
[1, 1, 35.78497321310574, 19.589556640546558, 1] 4.869159159875554
[1, 1, 45.853013633874816, 47.39890831696533, 1] 0.385757679340915
[1, 1, 17.847699883794455, 25.06406437902895, 1] 8451.498686328587
[1, 1, 24.85853388625013, 23.855316902132053, 1] 0.32781591789519
[1, 1, 19.845071867231013, 0.730533265281986, 1] 0.092047245154253
[1, 1, 47.84609164722835, 23.649219560566603, 1] 0.085152666622398
[1, 1, 16.997373924894944, 44.74253918984276, 1] 1750.4982577850992
[1, 1, 37.255157292744805, 14.310577264156567, 1] 0.084645360556215
[1, 1, 23.85897421365515, 16.717108177812317, 1] 0.108239951866665
[1, 1, 42.231512263792496, 36.54793664569737, 1] 0.299548090581358
[1, 1, 14.080517361481615, -0.7120047535069554, 1] 0.081079224919559
[1, 1, 24.21710429172634, 5.61389323870718, 1] 0.08335706420294
[1, 1, 44.28909844927351, 30.088929887238205, 1] 0.109221027547504
[1, 1, 23.90241891401281, 44.03902501641955, 1] 6068.475707950799
[1, 1, 25.682545076271637, 47.73253996461596, 1] 20455.136667087758
[1, 1, 37.95058224795, 22.023278788297112, 1] 0.056513390077406
[1, 1, 18.680304035604856, 28.32486337014854, 1] 7141.271927862865
[1, 1, 4.219873970577899, 3.4644132965970638, 1] 0.001109322213306
[1, 1, 27.331919769795444, 22.1002242015035, 1] 1.25350658733714
[1, 1, 8.40495972593296, 5.396933968375801, 1] 0.04428503241241
[1, 1, 17.568324857296282, 8.342061082217384, 1] 0.062882321670469
[1, 1, 42.51215633992196, 29.624449662190223, 1] 0.356212378522852
[1, 1, 21.41371640245528, 18.117746182195887, 1] 0.282933433413073
[1, 1, 21.661785963207056, 3.968793086308626, 1] 0.08306399535304
[1, 1, 16.391088358124986, 22.73319747427245, 1] 48.317309468104845
[1, 1, 22.7374188798309, 11.40848465562594, 1] 2.057027739048454
[1, 1, 21.401175117215633, 23.27326514019399, 1] 0.385190308976891
[1, 1, 45.89516396017437, 40.8551072563309, 1] 0.223540711656183
[1, 1, 45.31927632991235, 30.06118778142179, 1] 1.443478579965066
[1, 1, 12.635208175701624, 13.103178282257256, 1] 0.382388805175485
[1, 1, 26.177355244041912, 32.68248282017683, 1] 2401.8119207516415
[1, 1, 46.673211682738234, 32.30811531199532, 1] 0.115435169026413
[1, 1, 18.230701741986195, 48.55031606972551, 1] 5783.788404495023
[1, 1, 18.948864584145575, 47.99518536414031, 1] 1.60144972937326e+20
[1, 1, 6.829343045472453, 37.187471069988135, 1] 575.8788920757928
[1, 1, 5.96064810140749, 26.346962590066592, 1] 495.00732446317016
[1, 1, 4.597376409246052, 28.20749166414398, 1] 0.209768113330552
[1, 1, 28.104158494530154, 31.58164120291618, 1] 30.8894743764988
[1, 1, 6.205223373884012, 48.04131864861173, 1] 13.047213450917557
[1, 1, 43.51091847724706, 22.17849196976901, 1] 0.083734710597375
[1, 1, 35.33259201113234, 5.9927732097455735, 1] 0.101145021039907
[1, 1, 44.091288201558704, 29.754845366184146, 1] 0.068413654168859
[1, 1, 26.853202721178818, 28.226279743049478, 1] 0.38812210149968
[1, 1, 34.10021193600232, 4.75709401603865, 1] 0.103180924000668
[1, 1, 24.611861780548374, 22.74423573737529, 1] 0.09739920304589
[1, 1, 7.943599373147693, 30.373140595895187, 1] 6.625348703160325
[1, 1, 43.392225896053226, 35.57466180463859, 1] 0.278107234119869
[1, 1, 11.040253185215944, 5.224429441618379, 1] 0.046484415033035
[1, 1, 40.60247050801291, 32.228529215650795, 1] 0.732255579355916
[1, 1, 10.752471738231158, 16.570260479060945, 1] 0.167124835917719
[1, 1, 16.890404273470583, 5.619302093516843, 1] 0.064221680070548
[1, 1, 3.0350359802267093, 20.54583191399388, 1] 0.185576189713219
[1, 1, 47.72963393758914, 38.64464426776825, 1] 0.232729661656065
[1, 1, 21.844497719324785, 14.363697964497463, 1] 0.089051419373694
[1, 1, 13.239689094673198, 31.720318004783536, 1] 7422.611435287047
[1, 1, 48.85472287870351, 7.961835584741056, 1] 0.110417996970846
[1, 1, 9.127314681987764, 26.01976176454818, 1] 212.6513729263259
[1, 1, 13.312337385131169, 18.885044000923934, 1] 0.1346938451137
[1, 1, 17.066301533317088, 5.796086880057844, 1] 0.064318927511704
[1, 1, 38.57069281972024, 28.22374107789264, 1] 0.138022373125767
[1, 1, 7.912287632151717, 21.16709345027454, 1] 489.19014689688123
[1, 1, 5.218284507234878, -0.5065808416397357, 1] 0.019081360541613
[1, 1, 19.485548691987837, 9.46109036667658, 1] 0.066104452746465
[1, 1, 14.536109234961632, 29.333460882707392, 1] 8301.128135144003
[1, 1, 37.29726668887734, 26.849272789859008, 1] 2.053685428475129
[1, 1, 22.40162500412712, 43.437673823077816, 1] 18867.963056557623
[1, 1, 20.46731061125816, -0.4052021595011992, 1] 0.09920401666945
[1, 1, 28.25208540331592, 26.30838470220272, 1] 435.65370311949664
[1, 1, 19.807279254040356, 22.97676777132183, 1] 0.547321842581143
[1, 1, -0.14648896077599693, 2.32465832025417, 1] 0.037970588520444
[1, 1, 4.091526931942231, 23.191363470243015, 1] 0.200534767288942
[1, 1, 46.73814286744164, 43.592203438298895, 1] 6857.15306693688
[1, 1, 45.84356934411191, 4.9481946971084945, 1] 0.115263885355717
[1, 1, 45.55225007397564, 38.52370868962255, 1] 5.542256880966402
[1, 1, 31.02230335929427, 41.68267863653701, 1] 27844.004566403375
[1, 1, 0.8858851098788654, 38.288384100753355, 1] 22.343682688229375
[1, 1, 38.68428562990169, 7.975247255423408, 1] 0.100006582731953
[1, 1, 41.405352439366666, 7.595010209146537, 1] 0.741088076480311
[1, 1, 5.899994298675627, 38.388625235450164, 1] 695.817673397248
[1, 1, 21.224810692847818, 6.032163551496917, 1] 0.075040027158092
[1, 1, 7.042833943898048, 19.025823219572885, 1] 0.287650571001668
[1, 1, 44.15928278051374, 48.50790724182041, 1] 13353.338554055324
[1, 1, 21.892242555003612, 12.177519712709584, 1] 0.072267861862608
[1, 1, 31.253613326359584, 29.408379604611742, 1] 18389.53315497917
[1, 1, 40.72644720280225, 13.707617131365907, 1] 0.089739969169174
[1, 1, 46.008139697466525, 24.04294546560746, 1] 0.084750275999127
[1, 1, 13.943302671926501, 23.783798330201357, 1] 0.784922186973632
[1, 1, 31.96537281188376, 12.89013258665382, 1] 0.080229093395031
[1, 1, 47.20279171288168, 47.123199620812876, 1] 1.49201070853786e+25
[1, 1, 6.514432284399852, 35.79902581728916, 1] 581.9629659582928
[1, 1, 42.543424698917676, 3.653687562894781, 1] 0.115883361150864
[1, 1, 32.85042300657939, 35.794499297140646, 1] 99.13660399357016
[1, 1, 16.372052006690026, 42.924128567119325, 1] 3.59570687841116e+18
[1, 1, 19.16329969973584, 35.83734137443277, 1] 14584.65297411574
[1, 1, 14.47360292654445, 18.978457566102808, 1] 0.412739422878865
[1, 1, 48.082235421356366, 22.282109032485188, 1] 0.085782410653692
[1, 1, 21.866231727371243, 32.73406741276957, 1] 14810.494891087601
[1, 1, 31.092312152375825, 7.041588596807275, 1] 0.091919485013166
[1, 1, 44.30005905981132, 3.9167379350826153, 1] 0.116711079617938
[1, 1, 5.155710514981622, 19.991982239296558, 1] 0.227506546700755
[1, 1, 19.218878729868088, 32.81586257078163, 1] 1618.5828774487293
[1, 1, 42.720666697169655, 20.93371650952663, 1] 0.083425797704846
[1, 1, 41.27390348183788, 45.14173112765737, 1] 7.07723620814761e+24
[1, 1, 9.260587767112423, 31.04540768096421, 1] 7644.922880729699
[1, 1, 19.651519819197105, 21.11118088899051, 1] 0.039369820228139
[1, 1, 11.988275761603624, 16.46452633946401, 1] 0.104002924494338
