[5, 2, 0, 0, 16.248767848109512] 0.423115849818198
[5, 2, 0, 0, 15.542967333697312] 0.422145759665673
[5, 2, 0, 0, 5.5875524581157565] 0.205020917252826
[5, 2, 0, 0, 17.652842823124402] 0.424279462703683
[5, 2, 0, 0, 16.39811665408922] 0.423282589339904
[5, 2, 0, 0, 10.308607440544527] 0.389816529847165
[5, 2, 0, 0, 13.93370218486471] 0.418340305170797
[5, 2, 0, 0, 5.953896134457201] 0.229907263149186
[5, 2, 0, 0, 7.6895502910749585] 0.321144776774399
[5, 2, 0, 0, 0.406409384552211] 19.27201863463009
[5, 2, 0, 0, 3.8928957133390862] 0.018030889410706
[5, 2, 0, 0, 10.377571393831976] 0.390853613546679
[5, 2, 0, 0, 10.923803090315849] 0.3981128036605
[5, 2, 0, 0, 19.598595699601702] 0.424879833118188
[5, 2, 0, 0, 16.56210094683903] 0.423452167869621
[5, 2, 0, 0, 13.733181393239997] 0.417648834056174
[5, 2, 0, 0, 18.117629323350698] 0.424504926408798
[5, 2, 0, 0, 2.8565830994358743] 0.075980435812351
[5, 2, 0, 0, 1.693983086869142] 0.410564053665187
[5, 2, 0, 0, 1.3129980422226373] 0.043589839338042
[5, 2, 0, 0, 1.0059178839082672] 0.194854637619341
[5, 2, 0, 0, 3.5156963273848563] 0.054798806238547
[5, 2, 0, 0, 9.551952646890399] 0.376341024884936
[5, 2, 0, 0, 14.723128167218892] 0.420543880760521
[5, 2, 0, 0, 2.629951364065688] 0.06458024347292
[5, 2, 0, 0, 12.286663113286787] 0.41042882461972
[5, 2, 0, 0, 14.97742090349494] 0.421105256369065
[5, 2, 0, 0, 6.202160554829064] 0.245695640431788
[5, 2, 0, 0, 15.935463251774573] 0.422724649558099
[5, 2, 0, 0, 14.25647160829141] 0.41933414608417
[5, 2, 0, 0, 3.184436874867842] 0.170578315675612
[5, 2, 0, 0, 14.604788700674455] 0.4202602754604
[5, 2, 0, 0, 4.967100377010727] 0.160313917396887
[5, 2, 0, 0, 5.825688850170112] 0.221403101767923
[5, 2, 0, 0, 16.999597990079913] 0.423841921482487
[5, 2, 0, 0, 17.62839498797168] 0.424265788872626
[5, 2, 0, 0, 16.05694032570701] 0.422883292745787
[5, 2, 0, 0, 13.855916303644886] 0.418079203046846
[5, 2, 0, 0, 7.3318320501947465] 0.305892832640607
[5, 2, 0, 0, 7.792706503919731] 0.325228022429714
[5, 2, 0, 0, 13.575695717695673] 0.417062086184977
[5, 2, 0, 0, 18.50665823954474] 0.424648594150998
[5, 2, 0, 0, 4.246788631161196] 0.000994663091283
[5, 2, 0, 0, 9.882863434065223] 0.382734962064553
[5, 2, 0, 0, 5.512777309843289] 0.199736390226444
[5, 2, 0, 0, 13.773514694683648] 0.417792783355721
[5, 2, 0, 0, 10.736102223823877] 0.395799594968216
[5, 2, 0, 0, 3.1600219991525957] 0.181716322685722
[5, 2, 0, 0, 2.662639295842064] 0.066238477596921
[5, 2, 0, 0, 14.979154080410238] 0.421108868205606
[5, 2, 0, 0, 3.0771035433358396] 0.220854922488625
[5, 2, 0, 0, 3.924235490727568] 0.017065353111173
[5, 2, 0, 0, 11.454806090764446] 0.403760495122348
[5, 2, 0, 0, 8.245923348767342] 0.341593494810121
[5, 2, 0, 0, 6.6373014793569896] 0.271131444200837
[5, 2, 0, 0, 18.224600765499297] 0.424548211560709
[5, 2, 0, 0, 14.824022335230413] 0.420774477214398
[5, 2, 0, 0, 9.137198152180297] 0.367075064613709
[5, 2, 0, 0, 1.306593678749286] 0.044498140354981
[5, 2, 0, 0, 8.946229053287855] 0.362292337830905
[5, 2, 0, 0, 5.804657549335097] 0.219985989224834
[5, 2, 0, 0, 9.233216423190223] 0.369352842004877
[5, 2, 0, 0, 17.386650422663234] 0.424119911114447
[5, 2, 0, 0, 9.860685018653344] 0.382332012042468
[5, 2, 0, 0, 5.04938065703022] 0.166199926897636
[5, 2, 0, 0, 2.1378520350876173] 0.043301212178317
[5, 2, 0, 0, 17.94783295182192] 0.424429888383384
[5, 2, 0, 0, 5.2947216947275555] 0.184037437714235
[5, 2, 0, 0, 9.545736690804008] 0.376212808913931
[5, 2, 0, 0, 19.52243033443726] 0.424870546241957
[5, 2, 0, 0, 15.609447388978275] 0.4222513756086
[5, 2, 0, 0, 0.9570044760169072] 0.271544309890489
[5, 2, 0, 0, 1.345753186945997] 0.039770606275693
[5, 2, 0, 0, 11.231419125384189] 0.401535753414249
[5, 2, 0, 0, 2.891132086105992] 0.077673012047197
[5, 2, 0, 0, 15.086603828212636] 0.421327380876609
[5, 2, 0, 0, 10.12996131842863] 0.386991610180455
[5, 2, 0, 0, 1.8758836062053308] 0.083149753870433
[5, 2, 0, 0, 19.865156388811794] 0.424905524481942
[5, 2, 0, 0, 0.19354768296070413] 174420760830732.0
[5, 2, 0, 0, 4.553159813754879] 0.133682516967274
[5, 2, 0, 0, 8.09390783553863] 0.336382085681998
[5, 2, 0, 0, 5.972574999411211] 0.231126688421777
[5, 2, 0, 0, 6.88681439262229] 0.28443039762055
[5, 2, 0, 0, 5.461471668953449] 0.196077221761884
[5, 2, 0, 0, 8.110239423682401] 0.336955092526216
[5, 2, 0, 0, 7.468593995138891] 0.311928042496027
[5, 2, 0, 0, 19.176682813328778] 0.424816555519743
[5, 2, 0, 0, 12.26699558860431] 0.410296710292817
[5, 2, 0, 0, 4.353064816661578] 0.007402705539191
[5, 2, 0, 0, 2.15235631240972] 0.043737632931162
[5, 2, 0, 0, 2.5412569384593] 0.060117208356147
[5, 2, 0, 0, 11.928020013635479] 0.407837828155531
[5, 2, 0, 0, 9.729305553493324] 0.379871153086333
[5, 2, 0, 0, 15.794018240432212] 0.422528116855807
[5, 2, 0, 0, 19.17208214310388] 0.424815699919555
[5, 2, 0, 0, 4.419985889395182] 0.126777777952482
[5, 2, 0, 0, 17.957731781363343] 0.424434483109597
[5, 2, 0, 0, 5.966187253640438] 0.230710245534261
[5, 2, 0, 0, 5.3562845088349516] 0.188504106967666
[5, 2, 0, 0, 15.881123926731105] 0.422650685401206
[5, 2, 0, 0, 5.287788663905562] 0.183533275729027
[5, 2, 0, 0, 1.2359232465945191] 0.266120936601275
[5, 2, 0, 0, 1.0823347780714432] 0.111683987244916
[5, 2, 0, 0, 7.123065612128081] 0.296177805213887
[5, 2, 0, 0, 10.076088949671401] 0.386099084067101
[5, 2, 0, 0, 2.2040923608898177] 0.045414138436702
[5, 2, 0, 0, 14.391373447530654] 0.419709765916928
[5, 2, 0, 0, 2.585024649561898] 0.062309515701694
[5, 2, 0, 0, 6.238801262171361] 0.247947926674603
[5, 2, 0, 0, 8.63336465742627] 0.353687017590516
[5, 2, 0, 0, 13.193924434797662] 0.415462894370833
[5, 2, 0, 0, 18.777808441190707] 0.424727600361754
[5, 2, 0, 0, 14.755701335516683] 0.420619374559107
[5, 2, 0, 0, 1.7329443295136215] 0.154522814427332
[5, 2, 0, 0, 18.16792652935836] 0.424525653769122
[5, 2, 0, 0, 5.095637116389675] 0.169545182567247
[5, 2, 0, 0, 1.6908381291654195] 0.410924380881457
[5, 2, 0, 0, 18.62770694981186] 0.424685823828829
[5, 2, 0, 0, 6.313133315607629] 0.252454770025624
[5, 2, 0, 0, 5.183730631297816] 0.17595307297068
[5, 2, 0, 0, 19.744176871377046] 0.424895104936738
[5, 2, 0, 0, 9.51454175723645] 0.37556465121011
[5, 2, 0, 0, 15.362402266708425] 0.421842096368715
[5, 2, 0, 0, 13.94566572678228] 0.418379692285584
[5, 2, 0, 0, 3.9189746736349207] 0.017228744834424
[5, 2, 0, 0, 15.648700247485932] 0.422312232796603
[5, 2, 0, 0, 1.48159485197354] 0.403192250752141
[5, 2, 0, 0, 9.903799821968724] 0.383112105559407
[5, 2, 0, 0, 9.186052378361824] 0.368244360581874
[5, 2, 0, 0, 15.559064345101792] 0.422171630099191
[5, 2, 0, 0, 18.16330992971807] 0.424523779224521
[5, 2, 0, 0, 12.037564162400201] 0.408671360847738
[5, 2, 0, 0, 9.900969473159169] 0.383061303409988
[5, 2, 0, 0, 0.12602518668864304] 1e+100
[5, 2, 0, 0, 1.4969922711974815] 0.406062499830659
[5, 2, 0, 0, 1.803020633355319] 0.116121868036085
[5, 2, 0, 0, 12.869910740815492] 0.41388412171582
[5, 2, 0, 0, 6.574685757438146] 0.267647750141065
[5, 2, 0, 0, 2.42258868005095] 0.054376106899502
[5, 2, 0, 0, 19.350018703911523] 0.424846116197631
[5, 2, 0, 0, 1.3590561750279062] 0.038525892800092
[5, 2, 0, 0, 13.110258645038147] 0.415076033595965
[5, 2, 0, 0, 16.714723851089765] 0.423598029770024
[5, 2, 0, 0, 6.212725785686657] 0.246347155463326
[5, 2, 0, 0, 2.7139221573782546] 0.068839716362165
[5, 2, 0, 0, 16.265757747806646] 0.423135432543276
[5, 2, 0, 0, 1.5905637878920253] 0.415197131781498
[5, 2, 0, 0, 4.460341703266013] 0.12874973407018
[5, 2, 0, 0, 8.890307644323094] 0.360826023391589
[5, 2, 0, 0, 8.121752068249393] 0.337357106404953
[5, 2, 0, 0, 7.983051097560468] 0.332407360180537
[5, 2, 0, 0, 16.482240856743807] 0.423371294646978
[5, 2, 0, 0, 18.74696115247935] 0.42471939474498
[5, 2, 0, 0, 9.310839944368098] 0.37113435148987
[5, 2, 0, 0, 17.600572718823738] 0.424249992720618
[5, 2, 0, 0, 7.6525281115429244] 0.319645607743948
[5, 2, 0, 0, 17.84726122497762] 0.424381570256081
[5, 2, 0, 0, 13.4077907090587] 0.416390857924786
[5, 2, 0, 0, 2.3259782271040175] 0.050081227709784
[5, 2, 0, 0, 7.165699204520333] 0.298211899493801
[5, 2, 0, 0, 16.437935786996626] 0.423325033591935
[5, 2, 0, 0, 16.17220691938537] 0.423025588082719
[5, 2, 0, 0, 16.741986335179295] 0.423622959269265
[5, 2, 0, 0, 6.04740642988242] 0.235961070757086
[5, 2, 0, 0, 10.62734883608984] 0.394375251149012
[5, 2, 0, 0, 2.093077212546781] 0.042041965736108
[5, 2, 0, 0, 10.059544285619236] 0.385821090722393
[5, 2, 0, 0, 14.999299677172411] 0.421150644839153
[5, 2, 0, 0, 13.076967648674525] 0.414918066224908
[5, 2, 0, 0, 13.410312692641353] 0.416401301654597
[5, 2, 0, 0, 6.85590964887107] 0.282833331490448
[5, 2, 0, 0, 4.231867082847125] 0.002109361317348
[5, 2, 0, 0, 11.461861240419209] 0.403827428135797
[5, 2, 0, 0, 14.137146383433038] 0.418982912557152
[5, 2, 0, 0, 11.297856120907454] 0.402219231270885
[5, 2, 0, 0, 0.750764841743985] 1.131814785796975
[5, 2, 0, 0, 9.139888130023124] 0.36714001136914
[5, 2, 0, 0, 6.3492186586421635] 0.254612499910035
[5, 2, 0, 0, 17.284308881128723] 0.424051886756513
[5, 2, 0, 0, 19.045798048242368] 0.424790697313378
[5, 2, 0, 0, 11.935879778732954] 0.407898965326012
[5, 2, 0, 0, 8.0897590312052] 0.336236012331257
[5, 2, 0, 0, 18.435282230485512] 0.424624966026351
[5, 2, 0, 0, 18.630689610327586] 0.424686700812456
[5, 2, 0, 0, 3.174949061217598] 0.174880108718241
[5, 2, 0, 0, 19.373467810455786] 0.424849730651239
[5, 2, 0, 0, 8.315004306903758] 0.343872645661935
[5, 2, 0, 0, 11.148600126334365] 0.400656807882241
[5, 2, 0, 0, 3.625781136052968] 0.03527294653714
[5, 2, 0, 0, 14.591942748368663] 0.420228592383899
[5, 2, 0, 0, 19.263768469761903] 0.424832045106016
[5, 2, 0, 0, 18.754033153600137] 0.424721301834019
[5, 2, 0, 0, 2.5745744266355564] 0.061783844888216
[5, 2, 0, 0, 0.5768695804761692] 3.783507984715862
[5, 2, 0, 0, 14.350679408297376] 0.419598766893147
[5, 2, 0, 0, 17.177344000229887] 0.423976724562032
[5, 2, 0, 0, 18.807456390020075] 0.424735289525328
[5, 2, 0, 0, 18.569459151556522] 0.424668303815523
[5, 2, 0, 0, 17.82356474198509] 0.424369735980042
[5, 2, 0, 0, 18.02922219753941] 0.424466846515051
[5, 2, 0, 0, 17.787124378389482] 0.42435121372715
[5, 2, 0, 0, 6.091489346353304] 0.238770385567403
[5, 2, 0, 0, 10.102493037109069] 0.386538939815549
[5, 2, 0, 0, 14.40427263589752] 0.419744534099371
[5, 2, 0, 0, 3.896249675483612] 0.017928299068647
[5, 2, 0, 0, 11.094182681091894] 0.400062563302499
[5, 2, 0, 0, 7.43058622196731] 0.310276512262147
[5, 2, 0, 0, 1.6839481563751013] 0.411663835881272
[5, 2, 0, 0, 9.45862451805245] 0.374382996940159
[5, 2, 0, 0, 19.738981554329502] 0.424894611175988
[5, 2, 0, 0, 11.200118783205028] 0.401207126569573
[5, 2, 0, 0, 6.770597274159824] 0.27835143240714
[5, 2, 0, 0, 19.357580792269587] 0.424847292636831
[5, 2, 0, 0, 2.313929191488595] 0.049578660386728
[5, 2, 0, 0, 11.743705204186012] 0.406345478414898
[5, 2, 0, 0, 6.520189663217701] 0.264567645100117
[5, 2, 0, 0, 14.867246667616179] 0.420869636601458
[5, 2, 0, 0, 16.142131157456266] 0.422989212038112
[5, 2, 0, 0, 18.4222057190428] 0.424620494065078
[5, 2, 0, 0, 13.680427087203812] 0.417456716705328
[5, 2, 0, 0, 13.27294567186489] 0.415815778286114
[5, 2, 0, 0, 10.389862530049644] 0.391035700642483
[5, 2, 0, 0, 19.54597463488909] 0.424873518035566
[5, 2, 0, 0, 3.551931350021993] 0.047309725433919
[5, 2, 0, 0, 6.456343695124538] 0.260901932358625
[5, 2, 0, 0, 10.951806252223122] 0.398442773106669
[5, 2, 0, 0, 1.4406700522097227] 0.393375383452667
[5, 2, 0, 0, 13.975920683015946] 0.418478370916615
[5, 2, 0, 0, 1.8820902896828873] 0.080568383298145
[5, 2, 0, 0, 12.276152626620213] 0.410358435456603
[5, 2, 0, 0, 4.475948607578069] 0.12954276592729
[5, 2, 0, 0, 15.203534792239788] 0.42155346983306
[5, 2, 0, 0, 1.9393613586794145] 0.057670843591
[5, 2, 0, 0, 13.908232869449293] 0.41825577692115
[5, 2, 0, 0, 4.89694315157537] 0.155394833690769
[5, 2, 0, 0, 14.195939155518822] 0.419158258065922
[5, 2, 0, 0, 7.9912261563099225] 0.332705592404565
[5, 2, 0, 0, 3.368578823991699] 0.096440781304266
[5, 2, 0, 0, 19.22193555185181] 0.424824769974428
[5, 2, 0, 0, 16.572682495669277] 0.423462645421993
[5, 2, 0, 0, 9.544624546274727] 0.376189836071487
[5, 2, 0, 0, 4.046156429301508] 0.012887942813348
[5, 2, 0, 0, 17.25354024792362] 0.424030739729845
[5, 2, 0, 0, 15.537927763769021] 0.422137620834507
[5, 2, 0, 0, 5.094482220732967] 0.169461439759294
[5, 2, 0, 0, 19.3826240818522] 0.424851115094802
[5, 2, 0, 0, 13.725521256857023] 0.417621206868931
[5, 2, 0, 0, 5.528563812031266] 0.200857041408921
[5, 2, 0, 0, 19.762232584333994] 0.424896791169105
[5, 2, 0, 0, 6.56300244053787] 0.266991193628586
[5, 2, 0, 0, 15.087004689965921] 0.421328176471607
[5, 2, 0, 0, 13.668236123697334] 0.417411685515174
[5, 2, 0, 0, 10.564755379035947] 0.393526159882416
[5, 2, 0, 0, 13.190955616365533] 0.415449400687488
[5, 2, 0, 0, 18.580685137930097] 0.424671730376809
[5, 2, 0, 0, 17.461060330637107] 0.424166922057562
[5, 2, 0, 0, 15.898041319780942] 0.42267391551678
[5, 2, 0, 0, 7.305478336582418] 0.304700255160592
[5, 2, 0, 0, 15.248400148888752] 0.421637097346821
[5, 2, 0, 0, 15.909053701168345] 0.422688938226028
[5, 2, 0, 0, 1.240030566004242] 0.261125526521194
[5, 2, 0, 0, 7.389217716688632] 0.308456513640952
[5, 2, 0, 0, 18.74559692037636] 0.424719025680178
[5, 2, 0, 0, 5.716142160840625] 0.213957252549331
[5, 2, 0, 0, 8.934056914459774] 0.361975759500311
[5, 2, 0, 0, 9.13414095437479] 0.367001171533248
[5, 2, 0, 0, 5.341144689705666] 0.187407565328431
[5, 2, 0, 0, 3.2308584270477825] 0.1500842193851
[5, 2, 0, 0, 17.214749758494538] 0.424003504286395
[5, 2, 0, 0, 9.412610144265749] 0.373391246196133
[5, 2, 0, 0, 2.193627066482775] 0.045059795052274
[5, 2, 0, 0, 15.075934505914743] 0.421306152546688
[5, 2, 0, 0, 16.484452981458148] 0.423373578094396
[5, 2, 0, 0, 13.67746269331681] 0.4174458041291
[5, 2, 0, 0, 15.042772887235545] 0.421239518103939
[5, 2, 0, 0, 10.440017222934525] 0.391767933088236
[5, 2, 0, 0, 19.645184515956117] 0.424885053862156
[5, 2, 0, 0, 3.0762172665517262] 0.221280934903096
[5, 2, 0, 0, 13.877022440510586] 0.418150907178429
[5, 2, 0, 0, 13.298787957298561] 0.415928594653004
[5, 2, 0, 0, 19.59468483017135] 0.424879379330147
[5, 2, 0, 0, 7.488053874834419] 0.312766017483796
[5, 2, 0, 0, 17.26929430508128] 0.424041594905713
[5, 2, 0, 0, 8.09884383062943] 0.336555605888371
[5, 2, 0, 0, 2.8937619246711743] 0.077801086586419
[5, 2, 0, 0, 17.589026517664465] 0.424243363275811
[5, 2, 0, 0, 11.992946658500575] 0.408336538968114
[5, 2, 0, 0, 0.1548653024244051] 1e+100
[5, 2, 0, 0, 9.279198406930501] 0.370414533467375
[5, 2, 0, 0, 8.755023033981278] 0.357150912404458
[5, 2, 0, 0, 8.980734485911121] 0.363182012625321
[5, 2, 0, 0, 16.285280812597907] 0.423157737298432
[5, 2, 0, 0, 4.127983586050689] 0.009025142320259
[5, 2, 0, 0, 4.088148115051668] 0.011080691048831
[5, 2, 0, 0, 16.761626734725592] 0.423640682163053
[5, 2, 0, 0, 9.497346681432266] 0.375204005321589
[5, 2, 0, 0, 12.258452294453077] 0.410238978313421
[5, 2, 0, 0, 6.775997885616416] 0.278638331148442
[5, 2, 0, 0, 2.3022032890563193] 0.049097566152861
[5, 2, 0, 0, 9.814664711956187] 0.381484506151518
[5, 2, 0, 0, 9.117574935279753] 0.366599280861746
[5, 2, 0, 0, 8.4808552528586] 0.349124078403471
[5, 2, 0, 0, 13.921809650331047] 0.418300950024907
[5, 2, 0, 0, 15.093838076637383] 0.421341716731489
[5, 2, 0, 0, 2.543536700844935] 0.060230714579572
[5, 2, 0, 0, 4.590865158043382] 0.135820763242994
[5, 2, 0, 0, 15.848685594489487] 0.422605623591793
[5, 2, 0, 0, 18.080435210230675] 0.424489163736444
[5, 2, 0, 0, 7.8288339530143425] 0.326625741554705
[5, 2, 0, 0, 14.760857864872536] 0.420631224830516
[5, 2, 0, 0, 15.181795904340769] 0.421512334755934
[5, 2, 0, 0, 3.7761189195643574] 0.021970541258007
[5, 2, 0, 0, 14.087920114691514] 0.418832599245105
[5, 2, 0, 0, 5.993246946774812] 0.232470301318775
[5, 2, 0, 0, 7.521101651983109] 0.314177387844552
[5, 2, 0, 0, 3.1611605146926602] 0.181192161163565
[5, 2, 0, 0, 4.398636018895596] 0.125785093824541
[5, 2, 0, 0, 1.5878164749181511] 0.415116914276463
[5, 2, 0, 0, 9.993116006835628] 0.384686207428057
[5, 2, 0, 0, 2.262182145691869] 0.047518575237365
[5, 2, 0, 0, 14.388763108360578] 0.419702706173727
[5, 2, 0, 0, 15.563601099492455] 0.422178886836805
[5, 2, 0, 0, 16.04927751914842] 0.422873553260863
[5, 2, 0, 0, 10.18530357995267] 0.387888634536549
[5, 2, 0, 0, 10.187767920017993] 0.412699318983584
[5, 2, 0, 0, 3.039947795228517] 0.084735317534711
[5, 2, 0, 0, 16.314912252233345] 0.423191190251405
[5, 2, 0, 0, 15.853553221088934] 0.422612429240482
[5, 2, 0, 0, 11.026706152921973] 0.399306814481466
[5, 2, 0, 0, 7.590044600126737] 0.317074533513709
[5, 2, 0, 0, 15.726001921105745] 0.422428889197316
[5, 2, 0, 0, 5.3146269743910395] 0.185483768418878
[5, 2, 0, 0, 15.002261275677126] 0.421156754593327
[5, 2, 0, 0, 0.21413748989610015] 172503466975801.0
[5, 2, 0, 0, 4.8514256386461385] 0.152270536288188
[5, 2, 0, 0, 5.509508418449743] 0.199504018361792
[5, 2, 0, 0, 7.789528044425024] 0.32510425524138
[5, 2, 0, 0, 13.210276100850617] 0.415536893646959
[5, 2, 0, 0, 6.355084679057715] 0.254961394820512
[5, 2, 0, 0, 15.265196445440717] 0.421667970599642
[5, 2, 0, 0, 2.2132239030852974] 0.045729577114657
[5, 2, 0, 0, 3.2327322326051977] 0.149278248640098
[5, 2, 0, 0, 19.50351177961386] 0.42486809552502
[5, 2, 0, 0, 6.566121869745711] 0.26716669488532
[5, 2, 0, 0, 10.434964665375432] 0.391694801543034
[5, 2, 0, 0, 3.622081067319105] 0.035778683935448
[5, 2, 0, 0, 15.383709917501116] 0.421879247482623
[5, 2, 0, 0, 6.463540258290323] 0.261318215544165
[5, 2, 0, 0, 2.505786075608596] 0.058363531590106
[5, 2, 0, 0, 19.92633517519326] 0.424910053668988
[5, 2, 0, 0, 13.115746784243985] 0.415101833566227
[5, 2, 0, 0, 15.21005332761106] 0.421565725837385
[5, 2, 0, 0, 17.17972694354986] 0.423978445891593
[5, 2, 0, 0, 17.70905339210975] 0.424310179920547
[5, 2, 0, 0, 8.099948404919495] 0.336594396154417
[5, 2, 0, 0, 12.224265252461313] 0.410005932303816
[5, 2, 0, 0, 9.818818903483493] 0.381561644758645
[5, 2, 0, 0, 17.48164668624702] 0.424179591228158
[5, 2, 0, 0, 4.375073103680867] 0.124732598415544
[5, 2, 0, 0, 17.374483471002918] 0.424112036831556
[5, 2, 0, 0, 5.963032664527466] 0.2305043654959
[5, 2, 0, 0, 16.084262655053514] 0.422917732046184
[5, 2, 0, 0, 17.114849947598888] 0.423930774813053
[5, 2, 0, 0, 3.261165960992447] 0.137274804464664
[5, 2, 0, 0, 18.316559349193568] 0.424583059739334
[5, 2, 0, 0, 9.240653859508052] 0.369525835167861
[5, 2, 0, 0, 10.66156954975764] 0.394830021937719
[5, 2, 0, 0, 8.576018717182183] 0.352000555617465
[5, 2, 0, 0, 3.0858847419020763] 0.216640227355086
[5, 2, 0, 0, 17.222982496268205] 0.424009334339285
[5, 2, 0, 0, 12.191147620679972] 0.409776797116611
[5, 2, 0, 0, 13.782980254528418] 0.417826203747672
[5, 2, 0, 0, 14.777529196382066] 0.420669359593407
[5, 2, 0, 0, 7.686315423924254] 0.321014499516532
[5, 2, 0, 0, 1.010224897696197] 0.189167877413016
[5, 2, 0, 0, 7.1685535926323585] 0.298347160109355
[5, 2, 0, 0, 8.116884613334545] 0.337187331163497
[5, 2, 0, 0, 13.99887694030187] 0.418552382157757
[5, 2, 0, 0, 1.0531784658189514] 0.139562007746921
[5, 2, 0, 0, 11.301547124521482] 0.402256650070039
[5, 2, 0, 0, 19.07954169073115] 0.42479764418809
[5, 2, 0, 0, 10.580741141760903] 0.393745074482876
[5, 2, 0, 0, 2.524074409869399] 0.059264619959878
[5, 2, 0, 0, 8.863950948188306] 0.360124318746941
[5, 2, 0, 0, 12.660918069657276] 0.412743435125159
[5, 2, 0, 0, 1.8027111972453214] 0.116274894412164
[5, 2, 0, 0, 11.015251116573875] 0.399176400792854
[5, 2, 0, 0, 16.990448005647615] 0.423834621315724
[5, 2, 0, 0, 11.208577493256907] 0.401296358869719
[5, 2, 0, 0, 15.881615134776649] 0.422651362508356
[5, 2, 0, 0, 5.727359761534421] 0.214727006974621
[5, 2, 0, 0, 8.287513402475376] 0.342972191086289
[5, 2, 0, 0, 0.4250904524564514] 19.511660065232086
[5, 2, 0, 0, 5.9427447563654106] 0.229176842611064
[5, 2, 0, 0, 13.520789929020005] 0.416847977367556
[5, 2, 0, 0, 9.616607868815239] 0.377656403674585
[5, 2, 0, 0, 10.385212281062813] 0.390966731364236
[5, 2, 0, 0, 4.593803179719456] 0.135990216993601
[5, 2, 0, 0, 10.319230123596752] 0.389978035865505
[5, 2, 0, 0, 4.057507636742647] 0.0124288584618
[5, 2, 0, 0, 7.705797986949181] 0.32179705414217
[5, 2, 0, 0, 16.50525997420916] 0.423394934418768
[5, 2, 0, 0, 16.894876552811322] 0.423756362778322
[5, 2, 0, 0, 13.487808135138337] 0.41671687621788
[5, 2, 0, 0, 8.603007476098217] 0.35279855545406
[5, 2, 0, 0, 15.455606766128543] 0.422001972410754
[5, 2, 0, 0, 15.50386904325164] 0.422082119548626
[5, 2, 0, 0, 2.1212746321367604] 0.042819869359227
[5, 2, 0, 0, 5.000580590432124] 0.162696602282292
[5, 2, 0, 0, 5.257593485225898] 0.181335751846788
[5, 2, 0, 0, 13.658725815030238] 0.41737642057716
[5, 2, 0, 0, 1.0716659873569556] 0.121449181672664
[5, 2, 0, 0, 17.170173480525264] 0.423971527844581
[5, 2, 0, 0, 10.009254595923615] 0.384964702038736
[5, 2, 0, 0, 8.799342938715228] 0.358375091275734
[5, 2, 0, 0, 1.6373370932939957] 0.414931700575651
[5, 2, 0, 0, 7.141310261684366] 0.297051459083392
[5, 2, 0, 0, 1.0505546062703464] 0.142270051395415
[5, 2, 0, 0, 19.03273547068813] 0.424787941837955
[5, 2, 0, 0, 13.924325008068841] 0.418309290645629
[5, 2, 0, 0, 6.130343316010691] 0.241222534394388
[5, 2, 0, 0, 10.825768780271886] 0.396926978709901
[5, 2, 0, 0, 17.21610843454211] 0.424004468718346
[5, 2, 0, 0, 7.1713209032778185] 0.298478183648204
[5, 2, 0, 0, 15.832924369633698] 0.422583480391122
[5, 2, 0, 0, 11.935086486027256] 0.407892809669583
[5, 2, 0, 0, 0.301810693747413] 1007.78197444062
[5, 2, 0, 0, 19.893474879387757] 0.424907631406848
[5, 2, 0, 0, 4.243007152829355] 0.001279013232198
[5, 2, 0, 0, 8.101642934054274] 0.336653875950095
[5, 2, 0, 0, 19.193640424530237] 0.424819676377461
[5, 2, 0, 0, 0.9067205536798695] 0.381450753624096
[5, 2, 0, 0, 8.848857010623412] 0.35971937873152
[5, 2, 0, 0, 8.420715939641642] 0.347255306076305
[5, 2, 0, 0, 0.9913763012917265] 0.215205365833857
[5, 2, 0, 0, 10.768704494768462] 0.396214317716213
[5, 2, 0, 0, 14.989657897018624] 0.421130697504054
[5, 2, 0, 0, 11.422512283021518] 0.403451598521391
[5, 2, 0, 0, 10.445853243779357] 0.391852208930109
[5, 2, 0, 0, 12.389960741202282] 0.411104896462938
[5, 2, 0, 0, 18.850052225254366] 0.424746017239431
[5, 2, 0, 0, 8.284772939835921] 0.34288195418948
[5, 2, 0, 0, 10.642037899263666] 0.394571388636793
[5, 2, 0, 0, 8.790823254909084] 0.358141307317722
[5, 2, 0, 0, 8.630275223888258] 0.353597043203414
[5, 2, 0, 0, 1.8404710297108862] 0.098483243924189
[5, 2, 0, 0, 6.655287306702434] 0.272121208774068
[5, 2, 0, 0, 6.254637421894158] 0.248915100612541
[5, 2, 0, 0, 10.146663626498524] 0.38726441359305
[5, 2, 0, 0, 4.504445220471065] 0.131030142295222
[5, 2, 0, 0, 4.614982778128285] 0.137224432096322
[5, 2, 0, 0, 15.621741294960694] 0.422270554767955
[5, 2, 0, 0, 1.5775847451065284] 0.414722650944116
[5, 2, 0, 0, 10.504852946167746] 0.392692979797554
[5, 2, 0, 0, 10.279155837568851] 0.389364701594575
[5, 2, 0, 0, 15.710530166850905] 0.422405875856449
[5, 2, 0, 0, 4.850972095080546] 0.152239710535539
[5, 2, 0, 0, 1.7632373305749516] 0.136941500413376
[5, 2, 0, 0, 15.414141781963108] 0.421931685459545
[5, 2, 0, 0, 9.593282585771528] 0.377185681661585
[5, 2, 0, 0, 1.9849153665836372] 0.038819728442115
[5, 2, 0, 0, 3.1719608753022466] 0.176242311029135
[5, 2, 0, 0, 2.0076484049317256] 0.039940840323644
[5, 2, 0, 0, 5.211755696109139] 0.17799573220965
[5, 2, 0, 0, 10.631256291703682] 0.394427363088469
[5, 2, 0, 0, 0.2486435817936683] 868454785936563.0
[5, 2, 0, 0, 16.77817134627849] 0.423655478343341
[5, 2, 0, 0, 9.169937066193972] 0.367861038767135
[5, 2, 0, 0, 10.137893607682571] 0.387121414010045
[5, 2, 0, 0, 16.221437767688695] 0.423084010055206
[5, 2, 0, 0, 6.674933332579595] 0.273196781910023
[5, 2, 0, 0, 19.02905937829358] 0.424787160099062
[5, 2, 0, 0, 0.017795446500796785] 1e+100
[5, 2, 0, 0, 18.10864776564998] 0.424501154153025
[5, 2, 0, 0, 10.418360437198919] 0.391453476318301
[5, 2, 0, 0, 3.2512115814898346] 0.141427394326586
[5, 2, 0, 0, 0.6095627799270287] 2.985753844646736
[5, 2, 0, 0, 14.35005297467196] 0.419597043099683
[5, 2, 0, 0, 7.731477557452808] 0.322820981001958
[5, 2, 0, 0, 11.0591072264641] 0.399672370115239
[5, 2, 0, 0, 10.430505242938997] 0.391630139274767
[5, 2, 0, 0, 19.881917794883982] 0.42490680332759
[5, 2, 0, 0, 6.012576596540862] 0.233721041623497
[5, 2, 0, 0, 5.061514940279674] 0.167075539832939
[5, 2, 0, 0, 3.630161521608699] 0.034686805625535
[5, 2, 0, 0, 3.639081978323244] 0.033534787405346
[5, 2, 0, 0, 0.9302097468597847] 0.325361222445112
[5, 2, 0, 0, 18.051247780573753] 0.424476532283981
[5, 2, 0, 0, 0.9362608575691089] 0.312332782333757
[5, 2, 0, 0, 16.354244797191782] 0.42323485844507
[5, 2, 0, 0, 14.693139799900681] 0.420473401120653
[5, 2, 0, 0, 8.967175563530446] 0.362833778214676
[5, 2, 0, 0, 4.888902581075099] 0.154838681504752
[5, 2, 0, 0, 6.900576653681895] 0.285137037942925
[5, 2, 0, 0, 17.658352663964397] 0.424282517929577
[5, 2, 0, 0, 10.23484078146085] 0.388674669377502
[5, 2, 0, 0, 2.172818833440786] 0.044378203511227
[5, 2, 0, 0, 11.390999734088094] 0.403146080411328
[5, 2, 0, 0, 3.5715254666664076] 0.043705113016176
[5, 2, 0, 0, 10.835224901965116] 0.39704349571865
[5, 2, 0, 0, 7.960471762573569] 0.33157937569622
[5, 2, 0, 0, 8.950675195765587] 0.36240761815381
[5, 2, 0, 0, 4.164346433453982] 0.006821517668962
[5, 2, 0, 0, 16.647724123959392] 0.423535381403504
[5, 2, 0, 0, 3.3043685916975374] 0.119929549196115
[5, 2, 0, 0, 4.732535974534335] 0.144431461355759
[5, 2, 0, 0, 11.255919599704276] 0.401790012249242
[5, 2, 0, 0, 5.06368528318635] 0.167232310275039
[5, 2, 0, 0, 3.5863917513221377] 0.041172648215696
[5, 2, 0, 0, 15.50978437652156] 0.422091821443822
[5, 2, 0, 0, 6.311913680927388] 0.252381497019416
[5, 2, 0, 0, 3.1161107311319824] 0.202237884445933
[5, 2, 0, 0, 1.1195948916523624] 0.080542952206119
[5, 2, 0, 0, 4.705025600257797] 0.142693137100095
[5, 2, 0, 0, 18.91559295552953] 0.424761818097274
[5, 2, 0, 0, 2.770571290302515] 0.071698728964128
[5, 2, 0, 0, 3.891692410183949] 0.018067665196947
[5, 2, 0, 0, 14.642874813527808] 0.420353164543581
[5, 2, 0, 0, 17.633351794298356] 0.424268576788533
[5, 2, 0, 0, 14.080743952891424] 0.418810415370292
[5, 2, 0, 0, 6.457609940190794] 0.260975233704305
[5, 2, 0, 0, 9.422474994969603] 0.373605364453491
[5, 2, 0, 0, 7.533303399199351] 0.314694769050241
[5, 2, 0, 0, 3.7768660657902764] 0.021934535966957
[5, 2, 0, 0, 0.7248684717157405] 1.364632799904911
[5, 2, 0, 0, 17.303688739369075] 0.424065064810301
[5, 2, 0, 0, 4.951709994328626] 0.159225538123193
[5, 2, 0, 0, 19.9196319036482] 0.424909553960554
[5, 2, 0, 0, 16.0261860741145] 0.42284398848187
[5, 2, 0, 0, 8.16925234208915] 0.338999083600357
[5, 2, 0, 0, 9.015229577229933] 0.364060044972527
[5, 2, 0, 0, 4.941131192266113] 0.158480234118618
[5, 2, 0, 0, 15.415058135403058] 0.421933253190666
[5, 2, 0, 0, 7.606860641930058] 0.317771571148327
[5, 2, 0, 0, 17.21372843239281] 0.424002778865929
[5, 2, 0, 0, 6.5370192975662995] 0.265523637246882
[5, 2, 0, 0, 13.431435740232669] 0.41648845816326
[5, 2, 0, 0, 16.580742391182856] 0.423470589196117
[5, 2, 0, 0, 9.445116129409623] 0.374093664165658
[5, 2, 0, 0, 16.361763480763102] 0.423243111181197
[5, 2, 0, 0, 13.951921883977098] 0.418400196688151
[5, 2, 0, 0, 15.163231362750002] 0.421476885001724
[5, 2, 0, 0, 17.394753683118807] 0.424125125353867
[5, 2, 0, 0, 14.828446102852052] 0.42078414397965
[5, 2, 0, 0, 5.01084860583342] 0.163431022009217
[5, 2, 0, 0, 9.10204913279355] 0.366220339042535
[5, 2, 0, 0, 3.6808996450892373] 0.02884537608597
[5, 2, 0, 0, 3.59117717981011] 0.04039384585586
[5, 2, 0, 0, 5.971082768124269] 0.231029457144722
[5, 2, 0, 0, 0.004007466023534523] 1e+100
[5, 2, 0, 0, 11.522393888014694] 0.404393628869336
[5, 2, 0, 0, 3.307180455393195] 0.118841175114829
[5, 2, 0, 0, 9.689017968648017] 0.3790906469385
[5, 2, 0, 0, 18.063164713273018] 0.424481717542127
[5, 2, 0, 0, 4.991038257909032] 0.162015563931782
[5, 2, 0, 0, 7.931707173473632] 0.330515382183523
[5, 2, 0, 0, 2.5463426235866016] 0.060370547219147
[5, 2, 0, 0, 16.687750245956412] 0.423573049502347
[5, 2, 0, 0, 14.731770625349338] 0.420564019609604
[5, 2, 0, 0, 15.959492467206864] 0.422756758158223
[5, 2, 0, 0, 4.468928387002045] 0.129184152325701
[5, 2, 0, 0, 14.660172830374679] 0.420394842484115
[5, 2, 0, 0, 9.457655390133574] 0.374362290643813
[5, 2, 0, 0, 12.824356805801944] 0.413644084163752
[5, 2, 0, 0, 18.75969745636842] 0.424722813701368
[5, 2, 0, 0, 4.192681884489056] 0.004923057894761
[5, 2, 0, 0, 11.307521256552622] 0.402317092771733
[5, 2, 0, 0, 6.0525961002658075] 0.23629329367869
[5, 2, 0, 0, 19.817222862905453] 0.424901642416182
[5, 2, 0, 0, 12.388038294075653] 0.411092581200025
[5, 2, 0, 0, 14.02109708600868] 0.418623317895332
[5, 2, 0, 0, 4.507319496630469] 0.131183128763337
[5, 2, 0, 0, 1.8088894913712705] 0.113243734314567
[5, 2, 0, 0, 2.1813600172019454] 0.044654276226614
[5, 2, 0, 0, 0.40638751862615674] 19.27242464452358
[5, 2, 0, 0, 12.398524715350145] 0.411159634181567
[5, 2, 0, 0, 18.97689413575779] 0.424775794517899
[5, 2, 0, 0, 15.352476413197337] 0.421824666632272
[5, 2, 0, 0, 8.188109604930862] 0.33964355188451
[5, 2, 0, 0, 14.804636718087211] 0.420730813578648
[5, 2, 0, 0, 0.8421893649958601] 0.593628892404287
[5, 2, 0, 0, 14.682018445551321] 0.420447026686268
[5, 2, 0, 0, 3.4892606126795567] 0.060952589820778
[5, 2, 0, 0, 6.157577323628544] 0.242927893304983
[5, 2, 0, 0, 16.42281195668033] 0.423309010153033
[5, 2, 0, 0, 19.483819145478463] 0.424865486026339
[5, 2, 0, 0, 5.77863686601241] 0.218224650633953
[5, 2, 0, 0, 8.280374812497824] 0.342736957145825
[5, 2, 0, 0, 17.278892970796132] 0.424048183164987
[5, 2, 0, 0, 12.90822691273802] 0.414082426838967
[5, 2, 0, 0, 6.252413112501296] 0.248779482235608
[5, 2, 0, 0, 13.898136116155236] 0.418222013283732
[5, 2, 0, 0, 12.077770051001329] 0.408967727967458
[5, 2, 0, 0, 18.258364526998868] 0.424561255658735
[5, 2, 0, 0, 7.817679164560561] 0.326195952928233
[5, 2, 0, 0, 1.8517806460936748] 0.093463034699038
[5, 2, 0, 0, 10.964177007180389] 0.398587336240045
[5, 2, 0, 0, 9.361179522574597] 0.372261756304956
[5, 2, 0, 0, 9.082778632379771] 0.365746905948962
[5, 2, 0, 0, 2.047122406659654] 0.040871845354145
[5, 2, 0, 0, 15.871602604119694] 0.422637529822508
[5, 2, 0, 0, 10.384982943742775] 0.390963341288116
[5, 2, 0, 0, 18.99566912361959] 0.424779942676279
[5, 2, 0, 0, 15.919229552493768] 0.422702750758297
[5, 2, 0, 0, 9.43212903845173] 0.373814091829782
[5, 2, 0, 0, 8.27445116293294] 0.342541351170618
[5, 2, 0, 0, 3.0293331588429284] 0.084245037193395
[5, 2, 0, 0, 8.432316769705645] 0.34761891457439
[5, 2, 0, 0, 2.927471771603125] 0.079433361161365
[5, 2, 0, 0, 1.3132507383319059] 0.043555298261951
[5, 2, 0, 0, 7.830515149943286] 0.326690380171051
[5, 2, 0, 0, 8.712316853319624] 0.355952384042553
[5, 2, 0, 0, 14.488612039380778] 0.419967068992477
[5, 2, 0, 0, 7.279729312971686] 0.303525654497949
[5, 2, 0, 0, 15.11905987863596] 0.421391334552723
[5, 2, 0, 0, 11.67032155405048] 0.405718270019424
[5, 2, 0, 0, 10.908841824985114] 0.397934920455359
[5, 2, 0, 0, 8.502820133289443] 0.349796733497241
[5, 2, 0, 0, 7.239716981075812] 0.301681983920374
[5, 2, 0, 0, 19.249004018241376] 0.424829511866006
[5, 2, 0, 0, 14.856684003135072] 0.420846507170439
[5, 2, 0, 0, 18.124072679539903] 0.424507619308194
[5, 2, 0, 0, 19.199381724630157] 0.424820721357586
[5, 2, 0, 0, 5.6999945822815] 0.212846340746653
[5, 2, 0, 0, 11.114608617734891] 0.400287196213871
[5, 2, 0, 0, 9.125937963078067] 0.366802481527337
[5, 2, 0, 0, 1.3705867769949576] 0.037561693694542
[5, 2, 0, 0, 11.893886210693145] 0.407570151212347
[5, 2, 0, 0, 12.396579551610941] 0.411147189038104
[5, 2, 0, 0, 0.9798406684878613] 0.232727849637795
[5, 2, 0, 0, 16.595268020206785] 0.423484825334579
[5, 2, 0, 0, 5.138684753144731] 0.172672481973037
[5, 2, 0, 0, 16.349776674796356] 0.423229939760858
[5, 2, 0, 0, 4.116413993002461] 0.009661418025474
[5, 2, 0, 0, 16.69794894619049] 0.423582532847235
[5, 2, 0, 0, 5.317845211684224] 0.185717482710587
[5, 2, 0, 0, 4.5861501539312455] 0.135549548671275
[5, 2, 0, 0, 3.5161240352692724] 0.054704064073894
[5, 2, 0, 0, 16.587206147582826] 0.423476936848661
[5, 2, 0, 0, 6.858762837702561] 0.282981362972878
[5, 2, 0, 0, 11.384802556307887] 0.403085528369849
[5, 2, 0, 0, 4.647494708642748] 0.139158613519432
[5, 2, 0, 0, 8.764690020452559] 0.357419625798075
[5, 2, 0, 0, 17.24473214129711] 0.424024614282299
[5, 2, 0, 0, 13.351809020019871] 0.416156236720656
[5, 2, 0, 0, 13.078265714441477] 0.414924278003519
[5, 2, 0, 0, 5.797323305265736] 0.219490454031919
[5, 2, 0, 0, 15.00205616897828] 0.421156331721907
[5, 2, 0, 0, 14.962844475589563] 0.421074768610957
[5, 2, 0, 0, 18.37584642507523] 0.424604419723302
[5, 2, 0, 0, 13.372993028861938] 0.416245727493143
[5, 2, 0, 0, 11.57636921166031] 0.404886522089798
[5, 2, 0, 0, 18.762436930450622] 0.424723542532467
[5, 2, 0, 0, 8.096719439212603] 0.336480960739973
[5, 2, 0, 0, 17.22601989149662] 0.424011477444867
[5, 2, 0, 0, 13.415112262739118] 0.416421189538307
[5, 2, 0, 0, 10.300312173107413] 0.389689805082836
[5, 2, 0, 0, 8.369648731226807] 0.345636910655693
[5, 2, 0, 0, 19.960865240071787] 0.424912337805342
[5, 2, 0, 0, 5.584245038668438] 0.204788475327036
[5, 2, 0, 0, 9.82884668436299] 0.381747327803728
[5, 2, 0, 0, 8.36182552513501] 0.345386400516242
[5, 2, 0, 0, 6.541354789271166] 0.265769228305799
[5, 2, 0, 0, 9.758944523251891] 0.380437449051617
[5, 2, 0, 0, 6.109488915590839] 0.239909168647434
[5, 2, 0, 0, 12.136356785215005] 0.409390621092577
[5, 2, 0, 0, 3.1621733804041674] 0.180726205914703
[5, 2, 0, 0, 19.303746628370114] 0.424838713173975
[5, 2, 0, 0, 18.744037334084037] 0.424718616456388
[5, 2, 0, 0, 8.419132288471596] 0.347205553838931
[5, 2, 0, 0, 14.583605865625152] 0.420207934138099
[5, 2, 0, 0, 1.1729535350503628] 0.340580508677476
[5, 2, 0, 0, 3.253101022445053] 0.140634965505807
[5, 2, 0, 0, 3.4628992212291654] 0.067675610217951
[5, 2, 0, 0, 16.04250440338714] 0.422864914992174
[5, 2, 0, 0, 18.924179560775137] 0.424763824463062
[5, 2, 0, 0, 5.58286392774246] 0.204691375461169
[5, 2, 0, 0, 4.796515457819255] 0.148587431674232
[5, 2, 0, 0, 0.08115811178489363] 1e+100
[5, 2, 0, 0, 3.000430210369649] 0.082899273480292
[5, 2, 0, 0, 3.3231251035783016] 0.112769118317725
[5, 2, 0, 0, 6.634140643568265] 0.270957002929443
[5, 2, 0, 0, 16.809211989024057] 0.423682903971149
[5, 2, 0, 0, 18.70544627868683] 0.424708063891302
[5, 2, 0, 0, 13.448718845559613] 0.416559087914414
[5, 2, 0, 0, 12.57700876219305] 0.412256054089691
[5, 2, 0, 0, 15.155195897677835] 0.421461448581077
[5, 2, 0, 0, 9.464262492480437] 0.374503303532879
[5, 2, 0, 0, 1.3657957009677912] 0.037950184540393
[5, 2, 0, 0, 9.349838203992478] 0.372009664637591
[5, 2, 0, 0, 1.1024468046446168] 0.094397919960043
[5, 2, 0, 0, 6.821486747853369] 0.28103791767565
[5, 2, 0, 0, 11.63284173131569] 0.405390393634364
[5, 2, 0, 0, 18.858356690824444] 0.42474806306981
[5, 2, 0, 0, 5.041425956834149] 0.165626803165741
[5, 2, 0, 0, 11.507054237579894] 0.404251500011568
[5, 2, 0, 0, 11.751497838873998] 0.406410949453776
[5, 2, 0, 0, 19.99295192924466] 0.424914346146228
[5, 2, 0, 0, 7.207928269159822] 0.300201179876621
[5, 2, 0, 0, 12.21138522721468] 0.409917153911773
[5, 2, 0, 0, 0.38676006564239085] 29.567505279101272
[5, 2, 0, 0, 7.518236370352424] 0.314055603295092
[5, 2, 0, 0, 8.122915998033065] 0.337397662038736
[5, 2, 0, 0, 4.109008755848096] 0.010051492706505
[5, 2, 0, 0, 0.4114888309204279] 19.408684499761918
[5, 2, 0, 0, 1.0765569072339432] 0.116915109217691
[5, 2, 0, 0, 11.572247808582157] 0.404849279092972
[5, 2, 0, 0, 3.6333422533882365] 0.03426966751466
[5, 2, 0, 0, 18.417679815658747] 0.424618921016563
[5, 2, 0, 0, 5.054570449245716] 0.166574236225992
[5, 2, 0, 0, 8.355509649349136] 0.3451837440916
[5, 2, 0, 0, 13.036843311144931] 0.414724831609914
[5, 2, 0, 0, 18.737288101271332] 0.42471676136728
[5, 2, 0, 0, 14.585871769082061] 0.420213556424144
[5, 2, 0, 0, 5.089724980307819] 0.169116591195971
[5, 2, 0, 0, 18.74488656461868] 0.424718841832427
[5, 2, 0, 0, 13.225247103682445] 0.415604304341892
[5, 2, 0, 0, 14.838001699608181] 0.420805342030216
[5, 2, 0, 0, 0.5370718387577278] 5.618078473437064
[5, 2, 0, 0, 6.520181109631515] 0.264567158130598
[5, 2, 0, 0, 17.017730564527305] 0.423856223923196
[5, 2, 0, 0, 10.169899644233682] 0.387640928123013
[5, 2, 0, 0, 6.3512316883842646] 0.254732288216252
[5, 2, 0, 0, 14.865811402523853] 0.420866498813133
[5, 2, 0, 0, 12.251799681170624] 0.410193890304809
[5, 2, 0, 0, 3.7633658281406612] 0.022624057095752
[5, 2, 0, 0, 13.474929791699804] 0.41666519258774
[5, 2, 0, 0, 10.384040580060896] 0.390949408243508
[5, 2, 0, 0, 6.1461758346293145] 0.242215296745635
[5, 2, 0, 0, 3.01415818925443] 0.083540465116831
[5, 2, 0, 0, 18.988332389074777] 0.42477832892195
[5, 2, 0, 0, 14.798583438629695] 0.420717150321032
[5, 2, 0, 0, 1.1736810314862711] 0.339705513312039
[5, 2, 0, 0, 11.800873638384896] 0.406820831141093
[5, 2, 0, 0, 3.0300884891103452] 0.084279463048105
[5, 2, 0, 0, 19.458419890443885] 0.424862032337846
[5, 2, 0, 0, 7.379124570980398] 0.3080089014714
[5, 2, 0, 0, 0.35037704013013204] 134.53697433413566
[5, 2, 0, 0, 8.689991367466245] 0.355318364244807
[5, 2, 0, 0, 5.297576003820648] 0.184244949529345
[5, 2, 0, 0, 3.0055789453927195] 0.083140222307419
[5, 2, 0, 0, 9.129196867133153] 0.366881491253163
[5, 2, 0, 0, 9.099972820065616] 0.36616949368384
[5, 2, 0, 0, 19.44957703097597] 0.424860806345101
[5, 2, 0, 0, 15.615797405139189] 0.422261295563884
[5, 2, 0, 0, 3.3344222449724703] 0.108572226569622
[5, 2, 0, 0, 4.576157367982772] 0.134978308682666
[5, 2, 0, 0, 19.37915151598529] 0.424850591800442
[5, 2, 0, 0, 19.792633058840753] 0.424899525899126
[5, 2, 0, 0, 10.002877205485635] 0.384854865421739
[5, 2, 0, 0, 16.141617367635646] 0.422988586055552
[5, 2, 0, 0, 18.248282177358995] 0.42455739104858
[5, 2, 0, 0, 3.3353355672699503] 0.108236831834051
[5, 2, 0, 0, 0.9566266474537177] 0.272237235858126
[5, 2, 0, 0, 11.16725783057815] 0.400857472849918
[5, 2, 0, 0, 5.95630896961657] 0.230065068042353
[5, 2, 0, 0, 16.8179514437811] 0.423690547539508
[5, 2, 0, 0, 14.911113849111256] 0.4209649540794
[5, 2, 0, 0, 11.674033704121971] 0.405750464019755
[5, 2, 0, 0, 16.768350016622687] 0.423646709992101
[5, 2, 0, 0, 1.344242161249929] 0.039921765353544
[5, 2, 0, 0, 16.582311114127776] 0.423472131618229
[5, 2, 0, 0, 7.297385552044622] 0.304332081674025
[5, 2, 0, 0, 3.8245751507735393] 0.020113992759407
[5, 2, 0, 0, 13.238801436176153] 0.415664862584787
[5, 2, 0, 0, 19.913974894937922] 0.424909154338222
[5, 2, 0, 0, 4.897589434153504] 0.155439611391612
[5, 2, 0, 0, 4.784838138570018] 0.147817536991413
[5, 2, 0, 0, 8.529868299521777] 0.350617769207095
[5, 2, 0, 0, 6.558058332995438] 0.266712733604307
[5, 2, 0, 0, 7.0073892066143895] 0.290527125654779
[5, 2, 0, 0, 6.927867930604464] 0.28653010447014
[5, 2, 0, 0, 4.638903958377647] 0.138642962428546
[5, 2, 0, 0, 1.8416486351933714] 0.097954497440804
[5, 2, 0, 0, 16.799662178472555] 0.423674512577269
[5, 2, 0, 0, 17.66929139941778] 0.424288554812887
[5, 2, 0, 0, 17.307092158261625] 0.424067367487392
[5, 2, 0, 0, 12.06607900723502] 0.408882096588681
[5, 2, 0, 0, 7.061392260696202] 0.29318913939814
[5, 2, 0, 0, 8.522118427528618] 0.350383321243516
[5, 2, 0, 0, 15.160762899711628] 0.421472148949347
[5, 2, 0, 0, 5.222627802217437] 0.178788175117287
[5, 2, 0, 0, 4.423659085333533] 0.126952128207742
[5, 2, 0, 0, 9.486750800775086] 0.374980568533246
[5, 2, 0, 0, 7.948379830429076] 0.331133376463079
[5, 2, 0, 0, 9.528165798946599] 0.375848694001095
[5, 2, 0, 0, 16.889207558568945] 0.423751604619828
[5, 2, 0, 0, 18.718824950654188] 0.424711675313486
[5, 2, 0, 0, 12.768889018862994] 0.413345496383796
[5, 2, 0, 0, 8.60565723665082] 0.352876491826964
[5, 2, 0, 0, 9.205561310666745] 0.36870527867026
[5, 2, 0, 0, 5.410392498362144] 0.192410454901213
[5, 2, 0, 0, 13.624725771779865] 0.417249041130377
[5, 2, 0, 0, 4.72826560700396] 0.1441596466746
[5, 2, 0, 0, 0.310018013531268] 709.1328063603424
[5, 2, 0, 0, 10.516978605832193] 0.392863298211193
[5, 2, 0, 0, 13.85364727171363] 0.418071439336388
[5, 2, 0, 0, 5.21182457666961] 0.178000752947473
[5, 2, 0, 0, 13.008417592837077] 0.414585880286083
[5, 2, 0, 0, 3.921472426244894] 0.017151250248747
[5, 2, 0, 0, 1.6953824620999836] 0.410399277859559
[5, 2, 0, 0, 19.13780393261876] 0.424809175310486
[5, 2, 0, 0, 10.504910798200108] 0.392693791949083
[5, 2, 0, 0, 1.6511647887569336] 0.414273396678974
[5, 2, 0, 0, 9.825343029965001] 0.381682534824047
[5, 2, 0, 0, 5.640484857736398] 0.20872365685181
[5, 2, 0, 0, 19.65259400022916] 0.424885853359114
[5, 2, 0, 0, 2.845636910379612] 0.075440605177272
[5, 2, 0, 0, 19.462417614686803] 0.424862582576902
[5, 2, 0, 0, 16.41014601472422] 0.423295499115318
[5, 2, 0, 0, 18.632340297180725] 0.424687131273667
[5, 2, 0, 0, 7.059428906645002] 0.293093096369974
[5, 2, 0, 0, 2.069632428882593] 0.041431250389652
[5, 2, 0, 0, 15.929941937378798] 0.422717220249146
[5, 2, 0, 0, 9.99082920745719] 0.384646600056727
[5, 2, 0, 0, 8.939367873278076] 0.362114065454958
[5, 2, 0, 0, 0.1361330089484536] 1e+100
[5, 2, 0, 0, 6.029352309844134] 0.234802221961923
[5, 2, 0, 0, 13.97461449060907] 0.418474137321292
[5, 2, 0, 0, 13.992210135106664] 0.418530964652242
[5, 2, 0, 0, 14.877791527951736] 0.420892640828568
[5, 2, 0, 0, 18.631147939057442] 0.42468683531513
[5, 2, 0, 0, 5.975864896328053] 0.231340937852725
[5, 2, 0, 0, 14.039557529776506] 0.418681742175443
[5, 2, 0, 0, 4.8244604172884875] 0.150449352390141
[5, 2, 0, 0, 12.313067704598605] 0.410604467926824
[5, 2, 0, 0, 6.000493740852651] 0.232939848856823
[5, 2, 0, 0, 13.462304445309236] 0.416614245466561
[5, 2, 0, 0, 5.983788864941111] 0.231856326765596
[5, 2, 0, 0, 10.689609577583777] 0.395198432175047
[5, 2, 0, 0, 7.158579141567609] 0.297874000292802
[5, 2, 0, 0, 4.0716261673024405] 0.011829237657515
[5, 2, 0, 0, 2.059868432771208] 0.041185599613835
[5, 2, 0, 0, 3.87188709022235] 0.018671308940952
[5, 2, 0, 0, 9.106575501344826] 0.366331044297472
[5, 2, 0, 0, 6.35020130110596] 0.254670981173851
[5, 2, 0, 0, 14.10628610718884] 0.418889058462743
[5, 2, 0, 0, 14.61917759236143] 0.420295551809457
[5, 2, 0, 0, 15.395656138482043] 0.421899919150515
[5, 2, 0, 0, 14.24514535385018] 0.419301589263054
[5, 2, 0, 0, 7.4441706020155] 0.310869046643601
[5, 2, 0, 0, 10.048622688517526] 0.385636567537197
[5, 2, 0, 0, 7.102425482093164] 0.295183686118625
[5, 2, 0, 0, 0.798444843396775] 0.805898937401352
[5, 2, 0, 0, 3.5433946931569404] 0.048976906824835
[5, 2, 0, 0, 1.149447668444068] 0.369015055254535
[5, 2, 0, 0, 1.1426935757369394] 0.06231663831758
[5, 2, 0, 0, 0.8034805425014779] 0.777814645063168
[5, 2, 0, 0, 11.471881636445785] 0.403922153533041
[5, 2, 0, 0, 2.448683406029606] 0.055603779701799
[5, 2, 0, 0, 11.24362164033042] 0.40166271230489
[5, 2, 0, 0, 18.450931434459438] 0.42463023403143
[5, 2, 0, 0, 13.493099498512635] 0.416738021715558
[5, 2, 0, 0, 19.96511476154056] 0.424912610711175
[5, 2, 0, 0, 0.7191105629887007] 1.422836111949834
[5, 2, 0, 0, 11.480100469118815] 0.403999551143854
[5, 2, 0, 0, 4.462890043128183] 0.128878277636707
[5, 2, 0, 0, 18.379289528950842] 0.424605631440863
[5, 2, 0, 0, 18.081589863498127] 0.42448965868369
[5, 2, 0, 0, 3.265954630428649] 0.135297061434991
[5, 2, 0, 0, 19.716121223262434] 0.424892393284862
[5, 2, 0, 0, 1.181150990342168] 0.330747522078195
[5, 2, 0, 0, 12.25988025816333] 0.41024864111533
[5, 2, 0, 0, 0.733671207359543] 1.280352010594143
[5, 2, 0, 0, 1.5838355804092874] 0.414981478539712
[5, 2, 0, 0, 12.035795056606787] 0.408658196092561
[5, 2, 0, 0, 10.326411602198453] 0.390087058377189
[5, 2, 0, 0, 12.730050299449577] 0.413132123685385
[5, 2, 0, 0, 18.607319567739534] 0.424679772893315
[5, 2, 0, 0, 0.3241922362603544] 973.9788680433351
[5, 2, 0, 0, 0.9523826511898292] 0.280142724374799
[5, 2, 0, 0, 3.6619480279552596] 0.030829388930319
[5, 2, 0, 0, 2.738136620508882] 0.070064512167658
[5, 2, 0, 0, 3.6800937731580396] 0.028925155058347
[5, 2, 0, 0, 4.425829646449566] 0.127055636472771
[5, 2, 0, 0, 14.925542265080185] 0.420995837520476
[5, 2, 0, 0, 6.895626827359651] 0.284883205716838
[5, 2, 0, 0, 7.540200722364203] 0.314986346389606
[5, 2, 0, 0, 10.324760466109373] 0.390062055671125
[5, 2, 0, 0, 15.94495612354236] 0.422737377750396
[5, 2, 0, 0, 6.178638901716367] 0.244239124880936
[5, 2, 0, 0, 2.498606673476056] 0.058011763923115
[5, 2, 0, 0, 1.856764227668688] 0.091289635375587
[5, 2, 0, 0, 11.782991855297384] 0.406673373355182
[5, 2, 0, 0, 13.48798381666191] 0.41671757930549
[5, 2, 0, 0, 10.72620860706513] 0.395672609903778
[5, 2, 0, 0, 15.611930480445968] 0.422255258138983
[5, 2, 0, 0, 0.5784466379252651] 3.732599361043308
[5, 2, 0, 0, 14.497855959299608] 0.419990958067114
[5, 2, 0, 0, 15.008460753746444] 0.421169517766575
[5, 2, 0, 0, 5.672438488981875] 0.210942902714779
[5, 2, 0, 0, 11.329488473931404] 0.402538051545384
[5, 2, 0, 0, 19.247503690562652] 0.424829252349775
[5, 2, 0, 0, 2.156231621388054] 0.043856675417666
[5, 2, 0, 0, 13.477688795718477] 0.416676289068544
[5, 2, 0, 0, 4.757405817056705] 0.146028575015137
[5, 2, 0, 0, 1.6236920024569668] 0.415323793670384
[5, 2, 0, 0, 9.594566224663172] 0.377211697912419
[5, 2, 0, 0, 3.3919194901800465] 0.088656347106737
[5, 2, 0, 0, 14.970380841614869] 0.421090556394994
[5, 2, 0, 0, 6.288353967719957] 0.25096165986617
[5, 2, 0, 0, 13.815255367994512] 0.417939130689027
[5, 2, 0, 0, 13.861256273926848] 0.418097390137021
[5, 2, 0, 0, 9.201279246378194] 0.368604402832729
[5, 2, 0, 0, 16.619932541522143] 0.423508762338459
[5, 2, 0, 0, 17.77690694593372] 0.424345949094015
[5, 2, 0, 0, 2.0920746504886] 0.042015211721593
[5, 2, 0, 0, 15.527989691765718] 0.422121515629089
[5, 2, 0, 0, 10.792650734420327] 0.396515423816218
[5, 2, 0, 0, 18.163814209139638] 0.424523984257712
[5, 2, 0, 0, 18.75610355807129] 0.424721855096576
[5, 2, 0, 0, 18.229695301123197] 0.424550198485865
[5, 2, 0, 0, 7.7862249041136655] 0.324975496067631
[5, 2, 0, 0, 1.6936323819939436] 0.410604953429249
[5, 2, 0, 0, 6.6400255393965395] 0.271281655075192
[5, 2, 0, 0, 2.8423585972528165] 0.075278576580044
[5, 2, 0, 0, 9.176348210181583] 0.368013815993078
[5, 2, 0, 0, 10.80049497442502] 0.396613405472476
[5, 2, 0, 0, 6.438905292190347] 0.259889973320566
[5, 2, 0, 0, 6.197623154750779] 0.245415321631751
[5, 2, 0, 0, 3.9012417532901478] 0.017775342463304
[5, 2, 0, 0, 8.141585279233176] 0.338045964218324
[5, 2, 0, 0, 18.97352211312483] 0.424775042881181
[5, 2, 0, 0, 11.045629248352933] 0.399520908520664
[5, 2, 0, 0, 8.75031469019975] 0.35701968998082
[5, 2, 0, 0, 3.790449038103594] 0.021322526267895
[5, 2, 0, 0, 17.375448154369664] 0.424112663166123
[5, 2, 0, 0, 4.439825216819364] 0.127732919261391
[5, 2, 0, 0, 1.0814673094591853] 0.11246108389614
[5, 2, 0, 0, 8.123884286671476] 0.337431388504966
[5, 2, 0, 0, 10.634149417805702] 0.394466069021285
[5, 2, 0, 0, 12.248401649398563] 0.410170805575676
[5, 2, 0, 0, 12.678029018714891] 0.412840652635222
[5, 2, 0, 0, 8.044878371920973] 0.334642571818205
[5, 2, 0, 0, 4.458853926554602] 0.128675204131446
[5, 2, 0, 0, 17.48453067784447] 0.424181354599283
[5, 2, 0, 0, 10.533629567284724] 0.393095832468228
[5, 2, 0, 0, 16.19214229513129] 0.423049411960751
[5, 2, 0, 0, 2.8528788140521533] 0.075797964411373
[5, 2, 0, 0, 17.297157448225946] 0.424060636053678
[5, 2, 0, 0, 11.881575434686589] 0.407472650354241
[5, 2, 0, 0, 4.09073890104975] 0.010958224262427
[5, 2, 0, 0, 8.324265474364232] 0.344174039768579
[5, 2, 0, 0, 11.762309546789922] 0.406501430612756
[5, 2, 0, 0, 16.214611051359103] 0.423075991199208
[5, 2, 0, 0, 6.134712085237661] 0.241496847981614
[5, 2, 0, 0, 8.479162001923362] 0.349072006536891
[5, 2, 0, 0, 16.817089381295386] 0.423689795088703
[5, 2, 0, 0, 5.154666556408783] 0.173835754586311
[5, 2, 0, 0, 1.112750340255193] 0.085998315708548
[5, 2, 0, 0, 15.988427846961246] 0.422794941991358
[5, 2, 0, 0, 0.9666755320299258] 0.254389615098637
[5, 2, 0, 0, 2.4718630086418103] 0.056712932238027
[5, 2, 0, 0, 8.366314575057618] 0.345530230537059
[5, 2, 0, 0, 16.59403801408047] 0.423483623829802
[5, 2, 0, 0, 19.27601820745165] 0.424834118617199
[5, 2, 0, 0, 15.890138056880275] 0.422663086126344
[5, 2, 0, 0, 13.354247099677748] 0.416166580106266
[5, 2, 0, 0, 10.49499987938091] 0.392554007934692
[5, 2, 0, 0, 10.36208437562771] 0.390623235575222
[5, 2, 0, 0, 13.245630760674125] 0.415695232965507
[5, 2, 0, 0, 11.48469614105154] 0.404042697094885
[5, 2, 0, 0, 18.72967007168014] 0.424714724036273
[5, 2, 0, 0, 6.284014055093907] 0.250699196471465
[5, 2, 0, 0, 15.606362693042499] 0.422246546219849
[5, 2, 0, 0, 11.36549242823456] 0.402895841401604
[5, 2, 0, 0, 19.280480599221907] 0.424834863422684
[5, 2, 0, 0, 6.43180842592894] 0.259476819156431
[5, 2, 0, 0, 12.098109937026056] 0.409115730685575
[5, 2, 0, 0, 6.896518602572557] 0.284928963637487
[5, 2, 0, 0, 15.896981888117805] 0.422672466171282
[5, 2, 0, 0, 19.8842610899054] 0.424906976685334
[5, 2, 0, 0, 18.58952089639076] 0.424674392590042
[5, 2, 0, 0, 17.889708540493285] 0.424402360864509
[5, 2, 0, 0, 8.314582933087802] 0.343858909226203
[5, 2, 0, 0, 7.428824839946044] 0.310199498334874
[5, 2, 0, 0, 8.168134745561535] 0.338960757181816
[5, 2, 0, 0, 9.677986641220901] 0.378874804547367
[5, 2, 0, 0, 18.09706999388531] 0.424496259521588
[5, 2, 0, 0, 3.845112280203291] 0.019486143525699
[5, 2, 0, 0, 13.832679196077297] 0.417999453245592
[5, 2, 0, 0, 3.654916623474558] 0.031624174689892
[5, 2, 0, 0, 16.252874308915807] 0.423120597703078
[5, 2, 0, 0, 15.806342533135178] 0.42254576336329
[5, 2, 0, 0, 17.498100319438656] 0.424189613768611
[5, 2, 0, 0, 11.253750965242642] 0.401767611443438
[5, 2, 0, 0, 1.2035817158229278] 0.304176918523944
[5, 2, 0, 0, 12.49932011378964] 0.41178899779955
[5, 2, 0, 0, 6.774581961947426] 0.278563146337309
[5, 2, 0, 0, 14.371596793765985] 0.41965605438685
[5, 2, 0, 0, 3.610044731002562] 0.03749220855852
[5, 2, 0, 0, 7.93898155918209] 0.33078541296289
[5, 2, 0, 0, 19.90638983706371] 0.424908610795509
[5, 2, 0, 0, 7.815946813719108] 0.326129064320926
[5, 2, 0, 0, 17.031886505596333] 0.423867322494144
[5, 2, 0, 0, 11.358746308797947] 0.402829211136381
[5, 2, 0, 0, 11.855922752922883] 0.407267861393334
[5, 2, 0, 0, 18.543969334485876] 0.424660378263619
[5, 2, 0, 0, 4.789072532243203] 0.148096154946495
