[5, 1, 0, 0, 4.499490452523043] 0.323305653340825
[5, 1, 0, 0, 8.330060535863918] 0.412601723158981
[5, 1, 0, 0, 4.032950467663028] 0.281039831320207
[5, 1, 0, 0, 18.521615063713444] 0.414340391003062
[5, 1, 0, 0, 5.659806442267888] 0.381646891582859
[5, 1, 0, 0, 16.085614502792794] 0.414616137002453
[5, 1, 0, 0, 2.5895956307375823] 0.477159106640046
[5, 1, 0, 0, 2.026921120457501] 0.007634135500983
[5, 1, 0, 0, 2.694198402061616] 0.465148446818194
[5, 1, 0, 0, 11.617845394935545] 0.415180337927885
[5, 1, 0, 0, 6.5073436965116045] 0.408555907224515
[5, 1, 0, 0, 18.390724861217663] 0.414353063008245
[5, 1, 0, 0, 14.053420120556051] 0.414904849363448
[5, 1, 0, 0, 5.732661582117142] 0.383774199254704
[5, 1, 0, 0, 10.003668171543014] 0.414891659213194
[5, 1, 0, 0, 3.3281443518229525] 0.187081735745508
[5, 1, 0, 0, 15.295499880510686] 0.41472360869895
[5, 1, 0, 0, 0.530910683686765] 0.192863670802422
[5, 1, 0, 0, 15.889250847791725] 0.414642080248171
[5, 1, 0, 0, 6.942843389807567] 0.408183659478468
[5, 1, 0, 0, 2.496131198850786] 0.060062864040945
[5, 1, 0, 0, 6.300542942915561] 0.396460243002207
[5, 1, 0, 0, 16.31021951095162] 0.414587125183093
[5, 1, 0, 0, 17.07152229440026] 0.414494214020444
[5, 1, 0, 0, 3.445522353617687] 0.429064224167909
[5, 1, 0, 0, 18.6018676911095] 0.414332708615086
[5, 1, 0, 0, 13.854069200287672] 0.414934325393053
[5, 1, 0, 0, 19.579549294151178] 0.414245888825746
[5, 1, 0, 0, 10.988213321984233] 0.415159799540951
[5, 1, 0, 0, 15.971243567322466] 0.414631182703702
[5, 1, 0, 0, 5.461008395990659] 0.375123776394015
[5, 1, 0, 0, 1.7005820079682632] 0.006162869836852
[5, 1, 0, 0, 12.010440830074938] 0.415161241394498
[5, 1, 0, 0, 16.177744335807994] 0.414604151573902
[5, 1, 0, 0, 9.7464281138423] 0.414741336233189
[5, 1, 0, 0, 0.7066111242189699] 0.042748021654469
[5, 1, 0, 0, 18.229025140882836] 0.414369068148126
[5, 1, 0, 0, 7.996891790736591] 0.407541840339595
[5, 1, 0, 0, 10.208738288718177] 0.414982354464486
[5, 1, 0, 0, 1.3098167723031406] 0.000917340726691
[5, 1, 0, 0, 5.914859406436735] 0.388545182772144
[5, 1, 0, 0, 18.751312143565485] 0.414318657888795
[5, 1, 0, 0, 19.850162981592256] 0.406147345774879
[5, 1, 0, 0, 19.821483092126616] 0.406147913022787
[5, 1, 0, 0, 13.52957349400145] 0.414981713391829
[5, 1, 0, 0, 6.586619745776683] 0.408482076098933
[5, 1, 0, 0, 12.817398021333181] 0.41507887683232
[5, 1, 0, 0, 15.77010602928935] 0.414658077764067
[5, 1, 0, 0, 9.539208034927464] 0.414584424806477
[5, 1, 0, 0, 4.736963429566816] 0.339921849739266
[5, 1, 0, 0, 0.8652479178228112] 0.008999904858232
[5, 1, 0, 0, 16.616864090934563] 0.414548682542441
[5, 1, 0, 0, 17.24367199828138] 0.414474380912322
[5, 1, 0, 0, 1.514105204933931] 0.002439534343873
[5, 1, 0, 0, 2.5854461332310996] 0.477141670697404
[5, 1, 0, 0, 8.272217516111496] 0.41243755001805
[5, 1, 0, 0, 15.56054582665948] 0.414686669121241
[5, 1, 0, 0, 3.0843058280097058] 0.445726618852851
[5, 1, 0, 0, 12.452563927142869] 0.415121418087794
[5, 1, 0, 0, 10.191283045246387] 0.414975520628205
[5, 1, 0, 0, 6.373764268465491] 0.397682604593282
[5, 1, 0, 0, 7.336488911443093] 0.408126349248331
[5, 1, 0, 0, 2.369193053858447] 0.045175057144094
[5, 1, 0, 0, 16.351731968468425] 0.414581839429338
[5, 1, 0, 0, 6.943256716545028] 0.40818333314297
[5, 1, 0, 0, 0.37817439941055797] 0.844066045915397
[5, 1, 0, 0, 4.738198889447656] 0.340000737887341
[5, 1, 0, 0, 5.115555376454974] 0.360862098043433
[5, 1, 0, 0, 2.7728319168081272] 0.461596713284758
[5, 1, 0, 0, 0.6920111105691173] 0.049722234364782
[5, 1, 0, 0, 18.31992132751117] 0.41436003535023
[5, 1, 0, 0, 8.815904215530782] 0.413680207004101
[5, 1, 0, 0, 12.175784202214428] 0.415148216275576
[5, 1, 0, 0, 8.008059943418713] 0.407536499871238
[5, 1, 0, 0, 13.931574758360485] 0.414922885120786
[5, 1, 0, 0, 8.080065545681869] 0.407502718291639
[5, 1, 0, 0, 12.256518779740343] 0.415140991863197
[5, 1, 0, 0, 9.387970857054864] 0.414445811667645
[5, 1, 0, 0, 13.372174400085024] 0.415004221624634
[5, 1, 0, 0, 9.825862673390937] 0.414792595049757
[5, 1, 0, 0, 13.913567928158884] 0.414925545701062
[5, 1, 0, 0, 16.74801578494997] 0.414532659652007
[5, 1, 0, 0, 19.546082994650988] 0.41424867760601
[5, 1, 0, 0, 3.8765903893615206] 0.263575404355735
[5, 1, 0, 0, 12.492598222245165] 0.415117104758678
[5, 1, 0, 0, 2.1849736068734615] 0.023871938056203
[5, 1, 0, 0, 7.024717423142482] 0.408121999522486
[5, 1, 0, 0, 18.526736698163287] 0.414339899268903
[5, 1, 0, 0, 4.988786535660084] 0.354535483530916
[5, 1, 0, 0, 6.084290589390722] 0.392353238729157
[5, 1, 0, 0, 9.823098620122053] 0.414790852992737
[5, 1, 0, 0, 6.400344476610367] 0.398107080173874
[5, 1, 0, 0, 3.780422104945975] 0.251918357952877
[5, 1, 0, 0, 19.191899708950892] 0.41427890009208
[5, 1, 0, 0, 1.9659533041686816] 0.468068007972612
[5, 1, 0, 0, 10.614800557489234] 0.415102320060539
[5, 1, 0, 0, 12.414498558779206] 0.415125425389658
[5, 1, 0, 0, 1.2894486993754661] 0.00109352775669
[5, 1, 0, 0, 3.2741218178828113] 0.178240226000576
[5, 1, 0, 0, 14.414646986894757] 0.414851305041262
[5, 1, 0, 0, 18.720701302521316] 0.414321512211695
[5, 1, 0, 0, 0.11188359306255169] 2996178682754220.0
[5, 1, 0, 0, 6.233516375912074] 0.395269872253899
[5, 1, 0, 0, 0.508053893236462] 0.178779233893429
[5, 1, 0, 0, 4.0715127663686985] 0.285075124248707
[5, 1, 0, 0, 14.556069670375871] 0.414830439773601
[5, 1, 0, 0, 2.962060935991939] 0.452104042934591
[5, 1, 0, 0, 12.664185549601045] 0.415097570530056
[5, 1, 0, 0, 0.34389619851383557] 1.250879020179352
[5, 1, 0, 0, 19.21348675862706] 0.41427701391775
[5, 1, 0, 0, 17.17721707659602] 0.414481985646553
[5, 1, 0, 0, 17.448973527949395] 0.414451292384136
[5, 1, 0, 0, 10.968675774748595] 0.415157805733653
[5, 1, 0, 0, 6.791408116625027] 0.403320836696541
[5, 1, 0, 0, 17.76642591414107] 0.414416791424771
[5, 1, 0, 0, 15.936249063598956] 0.414635822533336
[5, 1, 0, 0, 6.024603956057746] 0.391075503176928
[5, 1, 0, 0, 13.990492371713785] 0.414914170055418
[5, 1, 0, 0, 10.314304379972297] 0.415020506872381
[5, 1, 0, 0, 8.066775387714372] 0.411778282189497
[5, 1, 0, 0, 2.2081330971826096] 0.026481867291559
[5, 1, 0, 0, 9.434240864622732] 0.414490592151154
[5, 1, 0, 0, 0.7801418563298013] 0.020323081303355
[5, 1, 0, 0, 18.03426984704676] 0.414388802479476
[5, 1, 0, 0, 19.675495070649575] 0.406150926939271
[5, 1, 0, 0, 19.046544719341888] 0.414291744343168
[5, 1, 0, 0, 7.409849161096169] 0.408611413550837
[5, 1, 0, 0, 17.2516895929978] 0.414473467769541
[5, 1, 0, 0, 6.215683989851552] 0.394941114717102
[5, 1, 0, 0, 0.6143027658073796] 0.111647315894912
[5, 1, 0, 0, 6.486246411440925] 0.399412577310943
[5, 1, 0, 0, 0.8215037519036894] 0.013561657617388
[5, 1, 0, 0, 1.8960576358042824] 0.46576224632551
[5, 1, 0, 0, 18.452108940004095] 0.414347084532248
[5, 1, 0, 0, 2.244304884568551] 0.03062012024712
[5, 1, 0, 0, 5.154095019979259] 0.36266088120064
[5, 1, 0, 0, 4.31783224640127] 0.308478242020342
[5, 1, 0, 0, 19.064515930392275] 0.414290141632391
[5, 1, 0, 0, 15.243460449175634] 0.414730958361839
[5, 1, 0, 0, 13.449659219349964] 0.414993192263093
[5, 1, 0, 0, 8.249216043258512] 0.40742724639422
[5, 1, 0, 0, 6.175126180540442] 0.394173939398731
[5, 1, 0, 0, 17.58563871517095] 0.414436261009226
[5, 1, 0, 0, 9.753813170442944] 0.41474628963388
[5, 1, 0, 0, 6.7050915006203144] 0.40232093213057
[5, 1, 0, 0, 2.230919228289432] 0.029081420317287
[5, 1, 0, 0, 17.49203863733889] 0.414446526656468
[5, 1, 0, 0, 10.43539984748886] 0.415057965460112
[5, 1, 0, 0, 16.214047807522643] 0.414599462111014
[5, 1, 0, 0, 0.10943808442337] 444403288605030.0
[5, 1, 0, 0, 13.789221586154955] 0.414943871968711
[5, 1, 0, 0, 17.04647227807859] 0.414497136291732
[5, 1, 0, 0, 14.138034549943121] 0.414892306140399
[5, 1, 0, 0, 12.047117979026227] 0.41515857233135
[5, 1, 0, 0, 16.304322612341675] 0.414587878166132
[5, 1, 0, 0, 16.829591827026626] 0.414522810708528
[5, 1, 0, 0, 12.815691668381383] 0.415079090743982
[5, 1, 0, 0, 19.98562222324236] 0.414213200171952
[5, 1, 0, 0, 0.7595713262449189] 0.024953227801212
[5, 1, 0, 0, 1.2415428243252347] 0.001417955296828
[5, 1, 0, 0, 13.341050758157767] 0.415008620851426
[5, 1, 0, 0, 11.345655750739056] 0.415180828783161
[5, 1, 0, 0, 10.706972874814063] 0.415120551363258
[5, 1, 0, 0, 4.238193325672059] 0.301345584946219
[5, 1, 0, 0, 7.960854512131599] 0.411386387569013
[5, 1, 0, 0, 19.747355176206554] 0.406149441962077
[5, 1, 0, 0, 17.03935382512705] 0.414497968396095
[5, 1, 0, 0, 4.3911227020749894] 0.314695091139052
[5, 1, 0, 0, 19.26169879659315] 0.414272822012693
[5, 1, 0, 0, 17.381889543376655] 0.414458769565259
[5, 1, 0, 0, 14.5320776337421] 0.414833970503572
[5, 1, 0, 0, 5.52708805843216] 0.377414785588112
[5, 1, 0, 0, 17.2088449375858] 0.414478358301577
[5, 1, 0, 0, 12.02323705209162] 0.415160325198105
[5, 1, 0, 0, 17.885525079835986] 0.414404216122525
[5, 1, 0, 0, 19.041377112725936] 0.414292205948219
[5, 1, 0, 0, 12.015377261316216] 0.415160889875997
[5, 1, 0, 0, 15.646837871985644] 0.4146748257347
[5, 1, 0, 0, 12.824120415620282] 0.415078032926564
[5, 1, 0, 0, 6.492897799729851] 0.399509558884204
[5, 1, 0, 0, 2.3443348064830327] 0.475375125625561
[5, 1, 0, 0, 6.514827856918419] 0.408548810170807
[5, 1, 0, 0, 2.443459638724932] 0.053874515664995
[5, 1, 0, 0, 13.325053793348328] 0.41501087457289
[5, 1, 0, 0, 16.69269118715661] 0.414539387993021
[5, 1, 0, 0, 19.099057693351373] 0.414287072428905
[5, 1, 0, 0, 6.730036488558644] 0.408355668164547
[5, 1, 0, 0, 11.260137538499013] 0.415178281496862
[5, 1, 0, 0, 10.992274996760079] 0.415160201430484
[5, 1, 0, 0, 4.073754666541404] 0.285306337821668
[5, 1, 0, 0, 16.316031086747586] 0.414586383578886
[5, 1, 0, 0, 8.301533710103552] 0.412521861432339
[5, 1, 0, 0, 15.301783766090225] 0.414722723277955
[5, 1, 0, 0, 17.48296739428967] 0.414447528281786
[5, 1, 0, 0, 18.979237852188543] 0.414297782854064
[5, 1, 0, 0, 18.34425345713133] 0.41435763639356
[5, 1, 0, 0, 10.32876830108297] 0.41502532573791
[5, 1, 0, 0, 12.037316172374748] 0.415159298506456
[5, 1, 0, 0, 3.2458496592953967] 0.173531041042989
[5, 1, 0, 0, 14.979146896771766] 0.414768717257039
[5, 1, 0, 0, 9.796438020063235] 0.414774193005704
[5, 1, 0, 0, 10.873650156422974] 0.41514657265596
[5, 1, 0, 0, 10.357265600330788] 0.415034541707154
[5, 1, 0, 0, 0.016928578266848238] 315778215.193546
[5, 1, 0, 0, 3.1794950570184355] 0.16228245561054
[5, 1, 0, 0, 13.404195168875265] 0.414999676597611
[5, 1, 0, 0, 4.943458136651497] 0.352113353574096
[5, 1, 0, 0, 0.12886853373588858] 691163813747135.0
[5, 1, 0, 0, 1.6259633904094706] 0.00498866012311
[5, 1, 0, 0, 7.515131002227355] 0.40925378601772
[5, 1, 0, 0, 13.087690809359449] 0.41504362547439
[5, 1, 0, 0, 8.592660230165901] 0.413245282393293
[5, 1, 0, 0, 5.031866449840601] 0.356757955929555
[5, 1, 0, 0, 0.2211225947157236] 10.719852483320281
[5, 1, 0, 0, 4.151919650334177] 0.293157041700703
[5, 1, 0, 0, 19.28872219414962] 0.414270484825971
[5, 1, 0, 0, 1.4844011954007086] 0.001783997733016
[5, 1, 0, 0, 3.8240169234006527] 0.418451232422678
[5, 1, 0, 0, 13.708014954350478] 0.414955781260752
[5, 1, 0, 0, 14.254143179968759] 0.414875080942649
[5, 1, 0, 0, 10.997519787645002] 0.415160714267285
[5, 1, 0, 0, 10.843203503819204] 0.41514244534174
[5, 1, 0, 0, 9.787743064569703] 0.414768643304109
[5, 1, 0, 0, 4.444003724151115] 0.318981391473019
[5, 1, 0, 0, 17.055837604265093] 0.414496042676032
[5, 1, 0, 0, 8.169039792768604] 0.407462360272638
[5, 1, 0, 0, 6.439786954270506] 0.398718933723606
[5, 1, 0, 0, 1.1197092022206045] 0.001980617116875
[5, 1, 0, 0, 0.11924952532397892] 486576076149239.0
[5, 1, 0, 0, 15.225418622053821] 0.414733513413857
[5, 1, 0, 0, 13.624019495887861] 0.414968032662205
[5, 1, 0, 0, 13.454414109216762] 0.414992512076342
[5, 1, 0, 0, 19.496207246301278] 0.41425283455339
[5, 1, 0, 0, 18.015828229518632] 0.414390698211076
[5, 1, 0, 0, 15.311737862718793] 0.414721321641913
[5, 1, 0, 0, 10.821927538700752] 0.415139401517672
[5, 1, 0, 0, 5.382192411959519] 0.372219432239531
[5, 1, 0, 0, 13.791756123304054] 0.414943499366115
[5, 1, 0, 0, 11.129087770542409] 0.415171476047985
[5, 1, 0, 0, 10.394530680075764] 0.415046046450277
[5, 1, 0, 0, 18.92338103865599] 0.414302837431056
[5, 1, 0, 0, 11.770144574799016] 0.415175174945557
[5, 1, 0, 0, 18.863327401903142] 0.414308315928693
[5, 1, 0, 0, 9.4272822616956] 0.41448399963019
[5, 1, 0, 0, 7.4032111061942825] 0.408568860956193
[5, 1, 0, 0, 13.323862906582969] 0.415011042143841
[5, 1, 0, 0, 2.0138087520743975] 0.006467451479154
[5, 1, 0, 0, 6.220357072653629] 0.395027766024896
[5, 1, 0, 0, 17.658929789028] 0.414428311776074
[5, 1, 0, 0, 6.306685276191317] 0.396565852953112
[5, 1, 0, 0, 15.770882221643143] 0.414657972931511
[5, 1, 0, 0, 6.240035907639802] 0.39538878434601
[5, 1, 0, 0, 18.24234718653318] 0.414367737233964
[5, 1, 0, 0, 10.662561452421148] 0.415112135800534
[5, 1, 0, 0, 17.758322648015938] 0.414417654225732
[5, 1, 0, 0, 17.514399160752646] 0.414444062699531
[5, 1, 0, 0, 3.8413590490014182] 0.259387862498037
[5, 1, 0, 0, 1.254945138083845] 0.001338409308367
[5, 1, 0, 0, 13.114642050032927] 0.41503997971959
[5, 1, 0, 0, 3.343475974713288] 0.189551424747887
[5, 1, 0, 0, 5.909520573153446] 0.388415815946699
[5, 1, 0, 0, 3.2195942088337115] 0.169111157147756
[5, 1, 0, 0, 19.792730305276173] 0.406148512234479
[5, 1, 0, 0, 3.116306413771255] 0.151367146641148
[5, 1, 0, 0, 12.36524000428611] 0.41513046884801
[5, 1, 0, 0, 0.2495690132068873] 5.441677290845126
[5, 1, 0, 0, 18.031258810462788] 0.414389111682045
[5, 1, 0, 0, 0.5869198348105953] 0.129622664880401
[5, 1, 0, 0, 2.385022226890914] 0.047028578692792
[5, 1, 0, 0, 17.401093212492647] 0.41445662246818
[5, 1, 0, 0, 7.669748634982476] 0.410092997959765
[5, 1, 0, 0, 8.32068342999454] 0.41257565764541
[5, 1, 0, 0, 16.456870946842006] 0.41456854726963
[5, 1, 0, 0, 4.328671255273184] 0.309418261993935
[5, 1, 0, 0, 17.93463377979759] 0.414399088820638
[5, 1, 0, 0, 17.819705750593442] 0.41441114122474
[5, 1, 0, 0, 2.7046475881772247] 0.085609768398755
[5, 1, 0, 0, 17.21972552324197] 0.414477113798788
[5, 1, 0, 0, 14.640237138193083] 0.414818067006157
[5, 1, 0, 0, 0.08349258250332392] 1e+100
[5, 1, 0, 0, 6.843504634642894] 0.408261755032992
[5, 1, 0, 0, 5.9755587943531285] 0.389974571403022
[5, 1, 0, 0, 18.66914871383198] 0.414326346755795
[5, 1, 0, 0, 1.767866959118547] 0.00621387895575
[5, 1, 0, 0, 12.548129152080943] 0.415110962161197
[5, 1, 0, 0, 2.9237692753978295] 0.454091555287029
[5, 1, 0, 0, 1.5691942448780094] 0.003720754675042
[5, 1, 0, 0, 14.457327864839131] 0.414844997518804
[5, 1, 0, 0, 5.406570311757976] 0.373138277129769
[5, 1, 0, 0, 17.43423446294535] 0.4144529296171
[5, 1, 0, 0, 18.790819065540745] 0.414314991947563
[5, 1, 0, 0, 3.3875591940624905] 0.196550949516515
[5, 1, 0, 0, 7.135010886325581] 0.406616904313378
[5, 1, 0, 0, 17.35160690097144] 0.414462166220757
[5, 1, 0, 0, 11.884837240892907] 0.4151693331872
[5, 1, 0, 0, 18.47880212267789] 0.414344500560906
[5, 1, 0, 0, 6.729998477454291] 0.408355683752069
[5, 1, 0, 0, 7.2297292311062815] 0.407360642863756
[5, 1, 0, 0, 10.142701918046335] 0.414955665028375
[5, 1, 0, 0, 1.0037628291269418] 0.003149417299344
[5, 1, 0, 0, 14.855343404739754] 0.414786655350983
[5, 1, 0, 0, 18.350832287730626] 0.414356975692339
[5, 1, 0, 0, 13.682343760822402] 0.41495953318261
[5, 1, 0, 0, 14.041538240800808] 0.414906609997214
[5, 1, 0, 0, 10.423533404800606] 0.415054579126001
[5, 1, 0, 0, 1.0790492416308028] 0.002237317340785
[5, 1, 0, 0, 19.79771974391215] 0.406148410000563
[5, 1, 0, 0, 19.191384245149955] 0.414278945200895
[5, 1, 0, 0, 8.708962466377903] 0.413483354935344
[5, 1, 0, 0, 7.144663812312371] 0.406695646751419
[5, 1, 0, 0, 17.44225014316535] 0.414452038835978
[5, 1, 0, 0, 8.734846033374573] 0.413532887206916
[5, 1, 0, 0, 1.6036181374218206] 0.004509437273335
[5, 1, 0, 0, 13.136102475272018] 0.415037062105719
[5, 1, 0, 0, 14.752902679443913] 0.414801570228305
[5, 1, 0, 0, 18.599543490886735] 0.414332929439278
[5, 1, 0, 0, 6.954386877500935] 0.408174814262903
[5, 1, 0, 0, 15.332568585350359] 0.414718392199463
[5, 1, 0, 0, 9.855164330148911] 0.414810381294141
[5, 1, 0, 0, 1.417713378093708] 0.000495412590545
[5, 1, 0, 0, 16.272506241218466] 0.414591948809691
[5, 1, 0, 0, 11.285813499651416] 0.415179196065365
[5, 1, 0, 0, 11.359859236444578] 0.415181116872764
[5, 1, 0, 0, 5.95934360131229] 0.389600075424685
[5, 1, 0, 0, 19.53696915907903] 0.414249426581693
[5, 1, 0, 0, 18.097941936655875] 0.414382293302802
[5, 1, 0, 0, 9.27548824908657] 0.414327768386884
[5, 1, 0, 0, 7.5058625171080084] 0.409199654253742
[5, 1, 0, 0, 1.3773251856514412] 0.000133190098443
[5, 1, 0, 0, 11.013082772447936] 0.415162196214139
[5, 1, 0, 0, 6.225464153703291] 0.395122058520703
[5, 1, 0, 0, 6.0160109318084] 0.390886001486321
[5, 1, 0, 0, 15.277202439661163] 0.41472618943445
[5, 1, 0, 0, 4.043681147621685] 0.28217330578839
[5, 1, 0, 0, 4.116824271452915] 0.289683951401336
[5, 1, 0, 0, 3.3023785150424922] 0.182891286465179
[5, 1, 0, 0, 15.574692153055471] 0.414684721038613
[5, 1, 0, 0, 17.41031328484791] 0.414455593500922
[5, 1, 0, 0, 7.530339110802025] 0.409341619383555
[5, 1, 0, 0, 13.049415260543729] 0.415048766514629
[5, 1, 0, 0, 1.2232458853800798] 0.001515352769526
[5, 1, 0, 0, 15.836969888276723] 0.414649076535228
[5, 1, 0, 0, 1.3652076341566088] 0.0002981378404
[5, 1, 0, 0, 18.868345985547418] 0.414307856343828
[5, 1, 0, 0, 6.010391973051766] 0.390761312652809
[5, 1, 0, 0, 14.323925633036174] 0.414864734186266
[5, 1, 0, 0, 0.6761116865294903] 0.058736074149162
[5, 1, 0, 0, 3.990865254229632] 0.276515301727404
[5, 1, 0, 0, 8.234951169587784] 0.407433409289129
[5, 1, 0, 0, 12.22775899482196] 0.415143625871331
[5, 1, 0, 0, 7.314360712115868] 0.407973659160881
[5, 1, 0, 0, 15.662635056376853] 0.414672668223849
[5, 1, 0, 0, 17.197293447377326] 0.41447968142973
[5, 1, 0, 0, 7.077362949131754] 0.406132314036405
[5, 1, 0, 0, 10.604167718392945] 0.415100025950249
[5, 1, 0, 0, 13.921117383870001] 0.414924430426366
[5, 1, 0, 0, 12.704949190095062] 0.415092702813151
[5, 1, 0, 0, 0.988036986624905] 0.003458712238629
[5, 1, 0, 0, 14.46828980367746] 0.41484337860926
[5, 1, 0, 0, 4.680426607557435] 0.336230990533581
[5, 1, 0, 0, 14.04321136621711] 0.414906362093552
[5, 1, 0, 0, 9.416745544214127] 0.414473925514672
[5, 1, 0, 0, 0.8852641811570727] 0.00752868454184
[5, 1, 0, 0, 0.5614205065752431] 0.151204824060433
[5, 1, 0, 0, 4.413226635493808] 0.31650671226221
[5, 1, 0, 0, 11.873625590371613] 0.415169972879576
[5, 1, 0, 0, 0.3636320906447321] 0.30789749610789
[5, 1, 0, 0, 2.2600826443291333] 0.032442599801708
[5, 1, 0, 0, 16.7749552088833] 0.414529399631515
[5, 1, 0, 0, 18.209057310725505] 0.414371067535047
[5, 1, 0, 0, 6.281513865028905] 0.396129414733159
[5, 1, 0, 0, 13.536201619017106] 0.414980757064851
[5, 1, 0, 0, 19.103208509785848] 0.414286704607321
[5, 1, 0, 0, 0.6534632426036757] 0.074917607226021
[5, 1, 0, 0, 13.673866557019817] 0.41496077071949
[5, 1, 0, 0, 1.2928121472680032] 0.00106618193488
[5, 1, 0, 0, 7.151717458876108] 0.406752740724174
[5, 1, 0, 0, 5.258717457783256] 0.367268361736733
[5, 1, 0, 0, 15.30067811665863] 0.414722879034899
[5, 1, 0, 0, 10.95873214214022] 0.415156749360484
[5, 1, 0, 0, 1.0889573846062262] 0.002164807002653
[5, 1, 0, 0, 7.761569593608555] 0.41053850239497
[5, 1, 0, 0, 17.756823098395923] 0.414417813991558
[5, 1, 0, 0, 12.915250311959383] 0.415066415491814
[5, 1, 0, 0, 13.935577317455106] 0.414922293521341
[5, 1, 0, 0, 6.934340722899] 0.404816023524932
[5, 1, 0, 0, 18.77840485061855] 0.414316141723382
[5, 1, 0, 0, 5.695385861122009] 0.382702371957069
[5, 1, 0, 0, 3.7797096811705533] 0.251829265513371
[5, 1, 0, 0, 12.778482010138159] 0.415083724859742
[5, 1, 0, 0, 19.123479182089607] 0.414284911407138
[5, 1, 0, 0, 3.1711206898666378] 0.160845595068888
[5, 1, 0, 0, 5.184090228334672] 0.364022375762315
[5, 1, 0, 0, 18.91001387145852] 0.414304052906546
[5, 1, 0, 0, 11.48157931712957] 0.415182111774692
[5, 1, 0, 0, 17.973208512790983] 0.414395097372091
[5, 1, 0, 0, 14.691580229236843] 0.414810538859038
[5, 1, 0, 0, 1.7726287342060854] 0.006167109446007
[5, 1, 0, 0, 5.712645752449768] 0.383202930251596
[5, 1, 0, 0, 17.488826379447588] 0.414446881210437
[5, 1, 0, 0, 4.475850651676705] 0.321484383159446
[5, 1, 0, 0, 7.482833111506999] 0.409063196450258
[5, 1, 0, 0, 12.142895477668063] 0.415151003683215
[5, 1, 0, 0, 6.738179370532327] 0.408348758959932
[5, 1, 0, 0, 9.135286546557314] 0.414160274717091
[5, 1, 0, 0, 9.489801678477331] 0.414541542893589
[5, 1, 0, 0, 12.039499882322094] 0.415159137530344
[5, 1, 0, 0, 19.717079689070797] 0.406150067432965
[5, 1, 0, 0, 5.806987872611726] 0.385811539652144
[5, 1, 0, 0, 16.123668722715127] 0.414611171714866
[5, 1, 0, 0, 8.26668342719448] 0.407419749237345
[5, 1, 0, 0, 4.719248276524239] 0.338782436369775
[5, 1, 0, 0, 9.471478528099638] 0.4145250649108
[5, 1, 0, 0, 17.123307510033527] 0.414488202189786
[5, 1, 0, 0, 15.879846514231264] 0.414643336020853
[5, 1, 0, 0, 2.061356886732042] 0.010857242457435
[5, 1, 0, 0, 10.204158804340526] 0.414980576573169
[5, 1, 0, 0, 0.9601912356431841] 0.004157309686632
[5, 1, 0, 0, 0.2337590758221042] 7.861673244288259
[5, 1, 0, 0, 7.568234025496913] 0.409555393867621
[5, 1, 0, 0, 0.021417803096193122] 1e+100
[5, 1, 0, 0, 4.088134630093743] 0.414789103168652
[5, 1, 0, 0, 10.49009043719207] 0.415072807757352
[5, 1, 0, 0, 3.4409316883706498] 0.429239660358437
[5, 1, 0, 0, 12.513662144637747] 0.415114796108083
[5, 1, 0, 0, 17.86493153767615] 0.41440637631312
[5, 1, 0, 0, 1.674070061539128] 0.005845536708596
[5, 1, 0, 0, 12.69432033360208] 0.415093979802808
[5, 1, 0, 0, 14.990939559118996] 0.414767017705898
[5, 1, 0, 0, 12.000798340334093] 0.415161921001743
[5, 1, 0, 0, 10.50348216838601] 0.415076250514967
[5, 1, 0, 0, 0.3454080545022875] 1.230161224388493
[5, 1, 0, 0, 1.5871465725633538] 0.004137070084088
[5, 1, 0, 0, 7.284415710404817] 0.407762054038518
[5, 1, 0, 0, 9.910936053708477] 0.414842590304844
[5, 1, 0, 0, 1.5151754132123862] 0.002463830944394
[5, 1, 0, 0, 12.937134289680252] 0.415063578903853
[5, 1, 0, 0, 11.382725343312767] 0.415181502933274
[5, 1, 0, 0, 9.269345199579837] 0.414320887715659
[5, 1, 0, 0, 2.2120572035968733] 0.026927569201556
[5, 1, 0, 0, 16.460995640848296] 0.41456803024966
[5, 1, 0, 0, 9.11645050111642] 0.414135936408418
[5, 1, 0, 0, 13.380959581798034] 0.415002976531553
[5, 1, 0, 0, 1.7072017262876904] 0.006219717466504
[5, 1, 0, 0, 4.235405603994349] 0.301088603882092
[5, 1, 0, 0, 12.926604603609096] 0.415064945919097
[5, 1, 0, 0, 0.11658424355832642] 681201233818917.0
[5, 1, 0, 0, 5.987296803366425] 0.390242341641946
[5, 1, 0, 0, 16.87678201306354] 0.41451716335046
[5, 1, 0, 0, 12.12871801678737] 0.415152176361736
[5, 1, 0, 0, 0.24575437800469668] 5.93435043977822
[5, 1, 0, 0, 10.88666977335474] 0.415148257168838
[5, 1, 0, 0, 12.450529649079623] 0.415121634594973
[5, 1, 0, 0, 8.257557801343712] 0.40742365940425
[5, 1, 0, 0, 10.845379887455785] 0.415142749234703
[5, 1, 0, 0, 19.654514712642005] 0.406151366798586
[5, 1, 0, 0, 1.746241061915712] 0.00633565645017
[5, 1, 0, 0, 17.651326815050208] 0.41442913277293
[5, 1, 0, 0, 16.670363937932688] 0.4145421160325
[5, 1, 0, 0, 8.495808138415011] 0.41302610726483
[5, 1, 0, 0, 8.802161920208631] 0.413656020078167
[5, 1, 0, 0, 19.206628213474804] 0.414277612564414
[5, 1, 0, 0, 8.814158720201132] 0.413677139342652
[5, 1, 0, 0, 4.472544662080933] 0.321227253083781
[5, 1, 0, 0, 10.324725231998578] 0.415023988380831
[5, 1, 0, 0, 14.895969309112086] 0.414780761340626
[5, 1, 0, 0, 0.14556262493918615] 296.38921571503846
[5, 1, 0, 0, 10.351105301198702] 0.415032580489932
[5, 1, 0, 0, 14.651606851259857] 0.414816398484916
[5, 1, 0, 0, 0.9539909888367859] 0.004344078135366
[5, 1, 0, 0, 17.012711127471192] 0.414501089371327
[5, 1, 0, 0, 2.743426350283862] 0.46296147847199
[5, 1, 0, 0, 2.3664424474006007] 0.044853004521836
[5, 1, 0, 0, 7.404577053301178] 0.408577650580766
[5, 1, 0, 0, 4.234811272057062] 0.301033738853497
[5, 1, 0, 0, 6.180321695441573] 0.394273750264125
[5, 1, 0, 0, 1.5508911457503483] 0.00329161886814
[5, 1, 0, 0, 14.894580723353956] 0.414780962650952
[5, 1, 0, 0, 3.9979779031619356] 0.277289054397832
[5, 1, 0, 0, 2.6165250614085545] 0.074478544752837
[5, 1, 0, 0, 11.557043645969605] 0.415181483630106
[5, 1, 0, 0, 15.437077519098356] 0.414703773231156
[5, 1, 0, 0, 8.555859512619051] 0.413164342067992
[5, 1, 0, 0, 17.66023394645184] 0.414428171032037
[5, 1, 0, 0, 13.03639593642073] 0.415050505080537
[5, 1, 0, 0, 10.4389074715804] 0.415058954942807
[5, 1, 0, 0, 14.19796076776706] 0.414883420080525
[5, 1, 0, 0, 4.5839757415373334] 0.329558166370929
[5, 1, 0, 0, 1.0762393382281332] 0.002259301764622
[5, 1, 0, 0, 14.662400654579992] 0.414814815237255
[5, 1, 0, 0, 4.050311707109049] 0.282869582788914
[5, 1, 0, 0, 0.24384447343708926] 6.201534286616262
[5, 1, 0, 0, 17.522900336796575] 0.414443127842016
[5, 1, 0, 0, 18.734516209348595] 0.414320222531292
[5, 1, 0, 0, 1.4480809089500024] 0.001046148743008
[5, 1, 0, 0, 5.436933622194626] 0.374256884679421
[5, 1, 0, 0, 16.111637750826105] 0.414612739279563
[5, 1, 0, 0, 0.4247905986803868] 0.245264892332198
[5, 1, 0, 0, 15.941408598288827] 0.414635137388153
[5, 1, 0, 0, 13.318579620060664] 0.415011785211656
[5, 1, 0, 0, 4.083887421781505] 0.414831089417763
[5, 1, 0, 0, 6.933133458049861] 0.404804165925084
[5, 1, 0, 0, 15.924645672642201] 0.414637364701526
[5, 1, 0, 0, 12.236945537595904] 0.415142791626417
[5, 1, 0, 0, 17.3531592889105] 0.414461991773835
[5, 1, 0, 0, 13.04134288307598] 0.415049845098032
[5, 1, 0, 0, 4.081541591206566] 0.414854475760232
[5, 1, 0, 0, 0.8893874971867199] 0.007263326323485
[5, 1, 0, 0, 9.318978786292186] 0.414374961086375
[5, 1, 0, 0, 5.444244198949228] 0.374521982273686
[5, 1, 0, 0, 9.128311065072642] 0.414151309634217
[5, 1, 0, 0, 15.954392751586266] 0.414633414810043
[5, 1, 0, 0, 7.411184907514672] 0.408619952819592
[5, 1, 0, 0, 14.207079247084241] 0.414882067660311
[5, 1, 0, 0, 0.596468363477971] 0.123205134268848
[5, 1, 0, 0, 8.437191476207486] 0.412883456982181
[5, 1, 0, 0, 6.954743339455534] 0.408174541237338
[5, 1, 0, 0, 8.41945765037787] 0.412838732840905
[5, 1, 0, 0, 4.664942922304176] 0.335192170475928
[5, 1, 0, 0, 6.277274246209055] 0.396054950722171
[5, 1, 0, 0, 19.85264682526349] 0.406147295618262
[5, 1, 0, 0, 9.537527780482488] 0.414583003022395
[5, 1, 0, 0, 13.029380755312683] 0.415051439676598
[5, 1, 0, 0, 7.3477579742594346] 0.408202970692828
[5, 1, 0, 0, 11.46778119441951] 0.415182127046361
[5, 1, 0, 0, 1.8309970788486196] 0.004947262749639
[5, 1, 0, 0, 10.334023049548481] 0.415027052750459
[5, 1, 0, 0, 1.681919411788757] 0.005953376363501
[5, 1, 0, 0, 7.470632483897733] 0.408989709343678
[5, 1, 0, 0, 13.467933555674838] 0.414990576106945
[5, 1, 0, 0, 2.173804141387614] 0.022627218621245
[5, 1, 0, 0, 2.1297005256794987] 0.017824534890163
[5, 1, 0, 0, 3.520371897637049] 0.426363984446591
[5, 1, 0, 0, 19.732824320266996] 0.406149741967854
[5, 1, 0, 0, 18.53336485721197] 0.414339263409513
[5, 1, 0, 0, 17.82547195460423] 0.414410532112471
[5, 1, 0, 0, 2.849503736719081] 0.457870282706953
[5, 1, 0, 0, 16.938342335608617] 0.414509844902816
[5, 1, 0, 0, 2.499927286228494] 0.060510274612206
[5, 1, 0, 0, 19.99640780921189] 0.414212379695724
[5, 1, 0, 0, 12.564187928924582] 0.415109152623331
[5, 1, 0, 0, 17.743162000279046] 0.41441927092049
[5, 1, 0, 0, 15.358768752767194] 0.414714714930422
[5, 1, 0, 0, 17.95252871246189] 0.414397228873168
[5, 1, 0, 0, 11.943898857015098] 0.415165738046997
[5, 1, 0, 0, 11.497915186814707] 0.415182053168582
[5, 1, 0, 0, 4.754064797010031] 0.341007228411223
[5, 1, 0, 0, 16.81725874976944] 0.414524291963844
[5, 1, 0, 0, 3.097436971836094] 0.148081903937201
[5, 1, 0, 0, 16.5049502937353] 0.414562535600964
[5, 1, 0, 0, 4.2028929155637496] 0.298054281453179
[5, 1, 0, 0, 4.673657333580796] 0.335778340584602
[5, 1, 0, 0, 10.985936546381115] 0.415159572426222
[5, 1, 0, 0, 1.1970980971264344] 0.001637646342272
[5, 1, 0, 0, 1.0953590524401968] 0.002121919174181
[5, 1, 0, 0, 2.3706467861820424] 0.045345270614621
[5, 1, 0, 0, 14.931405318088979] 0.414775611539102
[5, 1, 0, 0, 18.593989824078804] 0.414333474511177
[5, 1, 0, 0, 9.158284086344327] 0.414189387740846
[5, 1, 0, 0, 2.9674819837212296] 0.125504973002974
[5, 1, 0, 0, 0.48571322959465535] 0.175930251186207
[5, 1, 0, 0, 5.203700766476151] 0.364894676646337
[5, 1, 0, 0, 16.30161735347415] 0.414588223765338
[5, 1, 0, 0, 15.84240771201758] 0.414648347123669
[5, 1, 0, 0, 14.674228199480845] 0.414813081209283
[5, 1, 0, 0, 13.977108351512529] 0.41491615098675
[5, 1, 0, 0, 0.7689543815125544] 0.022716602583372
[5, 1, 0, 0, 17.885805627872358] 0.414404186735132
[5, 1, 0, 0, 6.328790229800312] 0.396941203702284
[5, 1, 0, 0, 18.705316183486374] 0.414322951392417
[5, 1, 0, 0, 13.078098846738524] 0.415044917933708
[5, 1, 0, 0, 8.081260750500407] 0.407502168147605
[5, 1, 0, 0, 12.526039366940534] 0.415113427265879
[5, 1, 0, 0, 11.629435286926267] 0.415180057609556
[5, 1, 0, 0, 11.629905199914914] 0.415180045834667
[5, 1, 0, 0, 3.2465282180168398] 0.173644722430445
[5, 1, 0, 0, 7.090024503705095] 0.406240879566642
[5, 1, 0, 0, 1.84769210177403] 0.004366481351515
[5, 1, 0, 0, 9.91048219678115] 0.414842336227497
[5, 1, 0, 0, 12.68682740428553] 0.415094876768387
[5, 1, 0, 0, 5.635059948164973] 0.380893628040322
[5, 1, 0, 0, 1.1729827480877364] 0.00174033118581
[5, 1, 0, 0, 11.288541813562807] 0.415179285562118
[5, 1, 0, 0, 12.550457754841553] 0.415110700672212
[5, 1, 0, 0, 0.6483754452624058] 0.079234456586603
[5, 1, 0, 0, 13.463238528974104] 0.414991248764385
[5, 1, 0, 0, 7.296676138373779] 0.407849372476859
[5, 1, 0, 0, 19.14387172760318] 0.414283112560007
[5, 1, 0, 0, 12.89528484787294] 0.415068988077073
[5, 1, 0, 0, 13.816890884784618] 0.414939801841134
[5, 1, 0, 0, 1.1966747238568498] 0.001639426237723
[5, 1, 0, 0, 13.809801498288955] 0.414940845180122
[5, 1, 0, 0, 9.609545955891106] 0.414641707450698
[5, 1, 0, 0, 2.3433645203393194] 0.475364535181238
[5, 1, 0, 0, 10.404744049346293] 0.415049093053252
[5, 1, 0, 0, 6.067618197040612] 0.392003018282259
[5, 1, 0, 0, 2.393532230961253] 0.048025125595256
[5, 1, 0, 0, 0.953304821356824] 0.004365531485585
[5, 1, 0, 0, 9.867660031805539] 0.414817746891324
[5, 1, 0, 0, 11.01763495073741] 0.415162618564306
[5, 1, 0, 0, 12.618642000425135] 0.415102910902528
[5, 1, 0, 0, 2.548366315782551] 0.47696866935016
[5, 1, 0, 0, 6.555637620342816] 0.408510582517671
[5, 1, 0, 0, 9.32636267559424] 0.414382784728423
[5, 1, 0, 0, 8.018065914760859] 0.407531747932712
[5, 1, 0, 0, 5.83114663605828] 0.386446130496815
[5, 1, 0, 0, 16.531932064043215] 0.414559176278713
[5, 1, 0, 0, 19.296772240771425] 0.414269790317301
[5, 1, 0, 0, 1.9108400641196233] 0.001247053796441
[5, 1, 0, 0, 2.6271793250450037] 0.075788912734153
[5, 1, 0, 0, 16.72165387564402] 0.414535860082811
[5, 1, 0, 0, 8.623112309146626] 0.413310179032807
[5, 1, 0, 0, 10.89357978449274] 0.415149132079935
[5, 1, 0, 0, 2.6517440394783387] 0.078842656500644
[5, 1, 0, 0, 14.62117645730835] 0.414820866002522
[5, 1, 0, 0, 16.877038977638804] 0.414517132687435
[5, 1, 0, 0, 11.81852966016216] 0.415172896504162
[5, 1, 0, 0, 15.999229927250664] 0.414627484206294
[5, 1, 0, 0, 14.820435186325495] 0.414791728523218
[5, 1, 0, 0, 10.880905096875576] 0.415147517169858
[5, 1, 0, 0, 3.3223253389850838] 0.186139701029898
[5, 1, 0, 0, 4.321905882395159] 0.308832432145743
[5, 1, 0, 0, 5.375297247436577] 0.371956128641383
[5, 1, 0, 0, 7.364295109228731] 0.408313997297043
[5, 1, 0, 0, 13.250444773397906] 0.41502131484949
[5, 1, 0, 0, 7.822006366686827] 0.410812069774984
[5, 1, 0, 0, 6.5782671240674295] 0.408489719384401
[5, 1, 0, 0, 17.993707922028786] 0.414392978304644
[5, 1, 0, 0, 8.744704654285773] 0.413551394316988
[5, 1, 0, 0, 19.772106906716896] 0.406148933810492
[5, 1, 0, 0, 18.14796109353859] 0.414377219004119
[5, 1, 0, 0, 1.5807343598083023] 0.003989287216179
[5, 1, 0, 0, 11.633261738241456] 0.415179960804861
[5, 1, 0, 0, 19.044576945855123] 0.414291920078442
[5, 1, 0, 0, 13.181548625663133] 0.415030842658993
[5, 1, 0, 0, 15.230380820515457] 0.414732810327657
[5, 1, 0, 0, 4.168553022429475] 0.294774070977579
[5, 1, 0, 0, 6.932835217457402] 0.404801245099085
[5, 1, 0, 0, 17.44928264516837] 0.414451258080661
[5, 1, 0, 0, 9.327597698313943] 0.414384087547661
[5, 1, 0, 0, 1.2351943628608075] 0.001453110822386
[5, 1, 0, 0, 13.723666149567022] 0.414953490645095
[5, 1, 0, 0, 19.701191070682512] 0.406150397643977
[5, 1, 0, 0, 1.1928023317253111] 0.001656332033563
[5, 1, 0, 0, 13.053671094653875] 0.415048197067546
[5, 1, 0, 0, 9.032054991632572] 0.414021196186051
[5, 1, 0, 0, 18.54523914248747] 0.414338125733203
[5, 1, 0, 0, 12.535493142213323] 0.415112375715566
[5, 1, 0, 0, 12.7570055475387] 0.415086372295103
[5, 1, 0, 0, 4.476027103526503] 0.32149808062516
[5, 1, 0, 0, 10.778135610764261] 0.415132707103238
[5, 1, 0, 0, 13.473066811054151] 0.414989840261038
[5, 1, 0, 0, 2.441330572126208] 0.053624902095089
[5, 1, 0, 0, 17.10922780132074] 0.414489832815335
[5, 1, 0, 0, 9.05031972363666] 0.414046933773939
[5, 1, 0, 0, 7.556404618993097] 0.409489419111864
[5, 1, 0, 0, 8.221372721031129] 0.407439310542407
[5, 1, 0, 0, 15.82787859504659] 0.414650296897892
[5, 1, 0, 0, 14.715181186631748] 0.414807084091251
[5, 1, 0, 0, 2.7094973302371916] 0.08624566460529
[5, 1, 0, 0, 19.414517454139858] 0.414259721650765
[5, 1, 0, 0, 18.909820597186698] 0.414304070497595
[5, 1, 0, 0, 11.42061052282102] 0.415181936790827
[5, 1, 0, 0, 12.377559078376652] 0.415129222976062
[5, 1, 0, 0, 19.85907875780683] 0.406147165212749
[5, 1, 0, 0, 13.36294425257369] 0.415005528218269
[5, 1, 0, 0, 13.30415523813284] 0.415013810994173
[5, 1, 0, 0, 8.861825429765158] 0.413758745137719
[5, 1, 0, 0, 8.253347175334016] 0.407425469066016
[5, 1, 0, 0, 0.5017997635772109] 0.174935777544533
[5, 1, 0, 0, 7.957686319083748] 0.41137419972165
[5, 1, 0, 0, 19.85195611543951] 0.406147309899821
[5, 1, 0, 0, 14.409236960879426] 0.414852105069986
[5, 1, 0, 0, 14.893086805579347] 0.414781179242553
[5, 1, 0, 0, 12.693644129321216] 0.415094060861281
[5, 1, 0, 0, 8.961862535441718] 0.413918213972354
[5, 1, 0, 0, 17.000776469676026] 0.414502490796387
[5, 1, 0, 0, 8.188234386082563] 0.407453883597994
[5, 1, 0, 0, 11.90755941823841] 0.415167995912842
[5, 1, 0, 0, 17.610715609760163] 0.414433532323984
[5, 1, 0, 0, 10.688098448296495] 0.415117055794028
[5, 1, 0, 0, 14.210692690589742] 0.414881531689814
[5, 1, 0, 0, 6.615595810396044] 0.40845581027954
[5, 1, 0, 0, 4.32508113925824] 0.309107709860014
[5, 1, 0, 0, 18.18336583003463] 0.414373648051989
[5, 1, 0, 0, 8.42548032374056] 0.412854045095718
[5, 1, 0, 0, 4.696920939088338] 0.337324243165987
[5, 1, 0, 0, 4.064812060125895] 0.284381444352821
[5, 1, 0, 0, 19.396015419050123] 0.414261292736965
[5, 1, 0, 0, 18.809995768270817] 0.414313219743363
[5, 1, 0, 0, 19.569011970949774] 0.414246762176068
[5, 1, 0, 0, 18.156616818345633] 0.414376344393202
[5, 1, 0, 0, 19.993185188469806] 0.414212604597114
[5, 1, 0, 0, 5.876654931164921] 0.387606098390488
[5, 1, 0, 0, 3.4729816386585544] 0.20967023634778
[5, 1, 0, 0, 5.339858041912116] 0.370578711849647
[5, 1, 0, 0, 18.79768500724537] 0.414314356892012
[5, 1, 0, 0, 2.097205574421741] 0.01442820406545
[5, 1, 0, 0, 17.961189607416696] 0.414396330296815
[5, 1, 0, 0, 14.84596227066537] 0.414788017816343
[5, 1, 0, 0, 16.942242828778177] 0.414509383057408
[5, 1, 0, 0, 6.798887934316324] 0.403403898682869
[5, 1, 0, 0, 6.049091561945548] 0.391607808430272
[5, 1, 0, 0, 15.660005495637757] 0.414673027122573
[5, 1, 0, 0, 13.412535312309863] 0.414998489758635
[5, 1, 0, 0, 7.575904495815388] 0.4095977804791
[5, 1, 0, 0, 10.993376610689511] 0.415160309715429
[5, 1, 0, 0, 1.4264065863205189] 0.000646428873031
[5, 1, 0, 0, 9.039680647411625] 0.414032025629372
[5, 1, 0, 0, 1.0864936684230209] 0.002182227020331
[5, 1, 0, 0, 4.425035716483327] 0.412521013097745
[5, 1, 0, 0, 14.538878375066929] 0.414832969402199
[5, 1, 0, 0, 10.705412689963962] 0.41512026671425
[5, 1, 0, 0, 1.7190053083742107] 0.006296031958096
[5, 1, 0, 0, 9.505603776161104] 0.414555502409332
[5, 1, 0, 0, 7.349230888410352] 0.408212898279115
[5, 1, 0, 0, 1.9119870381147641] 0.001177730333673
[5, 1, 0, 0, 12.050906028566338] 0.415158289205763
[5, 1, 0, 0, 6.183232547918696] 0.394329471802224
[5, 1, 0, 0, 10.642542256441732] 0.415108140065692
[5, 1, 0, 0, 11.99310605370918] 0.415162456445677
[5, 1, 0, 0, 6.175270258614205] 0.394176713436257
[5, 1, 0, 0, 16.711319607746027] 0.41453711747684
[5, 1, 0, 0, 18.75876052816613] 0.414317965194632
[5, 1, 0, 0, 8.737952217330804] 0.41353871780988
[5, 1, 0, 0, 2.0031216275053243] 0.005543426620408
[5, 1, 0, 0, 19.326847784004293] 0.414267202550766
[5, 1, 0, 0, 10.444360615511002] 0.415060482903211
[5, 1, 0, 0, 3.310912047520076] 0.18428465273299
[5, 1, 0, 0, 10.523353533163867] 0.415081240657813
[5, 1, 0, 0, 19.271340774238325] 0.414271987080023
[5, 1, 0, 0, 17.745356218944252] 0.414419036736414
[5, 1, 0, 0, 18.84288862633055] 0.414310190960265
[5, 1, 0, 0, 3.402150410036666] 0.430765979930152
[5, 1, 0, 0, 8.025355544071346] 0.407528292789158
[5, 1, 0, 0, 3.976339119018486] 0.274923926048795
[5, 1, 0, 0, 3.3083791978723776] 0.183871643942876
[5, 1, 0, 0, 19.024360902665332] 0.414293728311007
[5, 1, 0, 0, 18.416576609061448] 0.414350538984858
[5, 1, 0, 0, 2.638832224780865] 0.077231539920056
[5, 1, 0, 0, 3.3063366194718657] 0.183538283891748
[5, 1, 0, 0, 2.389819133408033] 0.047590295611606
[5, 1, 0, 0, 17.93465017546826] 0.414399087114465
[5, 1, 0, 0, 0.6349785025226784] 0.091892147649188
[5, 1, 0, 0, 12.641233869023115] 0.415100275076457
[5, 1, 0, 0, 18.0286307349164] 0.41438938166084
[5, 1, 0, 0, 17.943455429879812] 0.414398171362713
[5, 1, 0, 0, 15.319930405862676] 0.414720168911915
[5, 1, 0, 0, 12.573568844842365] 0.415108088879019
[5, 1, 0, 0, 15.082655570197836] 0.414753849886085
[5, 1, 0, 0, 9.726759978393707] 0.414727927734107
[5, 1, 0, 0, 19.557432935170873] 0.414247729447737
[5, 1, 0, 0, 18.570117855350443] 0.414335748166746
[5, 1, 0, 0, 19.91198623420414] 0.406146103652103
[5, 1, 0, 0, 1.3014972944284398] 0.000992410305169
[5, 1, 0, 0, 4.190940318962049] 0.296921335057832
[5, 1, 0, 0, 12.185530932411673] 0.415147372513684
[5, 1, 0, 0, 9.211916771354904] 0.414254693192199
[5, 1, 0, 0, 17.41318267812874] 0.414455273525537
[5, 1, 0, 0, 7.52012018317775] 0.407795063150785
[5, 1, 0, 0, 6.57924381932405] 0.40848882427116
[5, 1, 0, 0, 5.738106129202258] 0.383927878928251
[5, 1, 0, 0, 1.4810490152369504] 0.001712668344854
[5, 1, 0, 0, 1.2804642586384585] 0.001163376452212
[5, 1, 0, 0, 1.8246668880438488] 0.005139981472318
[5, 1, 0, 0, 4.747688234440382] 0.3406041758476
[5, 1, 0, 0, 8.942658803284836] 0.413888947725942
[5, 1, 0, 0, 7.465658669973736] 0.408959528963189
[5, 1, 0, 0, 13.508930677885356] 0.414984687792156
[5, 1, 0, 0, 12.37362849926767] 0.415129621624941
[5, 1, 0, 0, 15.8939238773477] 0.414641456698515
[5, 1, 0, 0, 11.872671871745046] 0.415170026041374
[5, 1, 0, 0, 0.441000045372415] 0.229528025688381
[5, 1, 0, 0, 9.592877903172052] 0.414628522019935
[5, 1, 0, 0, 18.8597057954291] 0.414308647781993
[5, 1, 0, 0, 4.51385525251731] 0.324396010615317
[5, 1, 0, 0, 17.83249753292289] 0.414409790595851
[5, 1, 0, 0, 12.73731706490416] 0.415088781235536
[5, 1, 0, 0, 3.2412441607462728] 0.172758803419162
[5, 1, 0, 0, 2.5637932609488945] 0.477044453582234
[5, 1, 0, 0, 15.686623811948836] 0.414669398501473
[5, 1, 0, 0, 0.31142315947360055] 1.838652306621363
[5, 1, 0, 0, 2.814069301251594] 0.100805072420988
[5, 1, 0, 0, 4.778811095415008] 0.342552765379286
[5, 1, 0, 0, 16.10682711926821] 0.414613366653981
[5, 1, 0, 0, 10.015107657515339] 0.414897346662638
[5, 1, 0, 0, 15.558867514520283] 0.414686900404907
[5, 1, 0, 0, 5.089681150098397] 0.359622632246861
[5, 1, 0, 0, 13.657634919094265] 0.414963138257692
[5, 1, 0, 0, 7.45062898725946] 0.408867481109604
[5, 1, 0, 0, 15.413137446164164] 0.41470711044412
[5, 1, 0, 0, 5.369512780640915] 0.371734068830036
[5, 1, 0, 0, 12.408773945451143] 0.415126019885065
[5, 1, 0, 0, 5.439402777207649] 0.374346604107742
[5, 1, 0, 0, 13.032666762979941] 0.415051002091526
[5, 1, 0, 0, 9.96774533047559] 0.414873278579108
[5, 1, 0, 0, 0.1138423482715023] 1459683432422380.0
[5, 1, 0, 0, 11.096153050240876] 0.415169170869269
[5, 1, 0, 0, 3.0766454722689196] 0.144454609596945
[5, 1, 0, 0, 7.250689959000763] 0.407516827448544
[5, 1, 0, 0, 1.4829587512048703] 0.001753221714429
[5, 1, 0, 0, 13.896639030394095] 0.414928045578759
[5, 1, 0, 0, 13.223861776663302] 0.415025004618676
[5, 1, 0, 0, 9.44419694411187] 0.414499941246865
[5, 1, 0, 0, 13.358344402927578] 0.415006178754538
[5, 1, 0, 0, 6.605095925497371] 0.408465285577478
[5, 1, 0, 0, 13.292871003822649] 0.41501539272341
[5, 1, 0, 0, 16.44208473835329] 0.41457040265596
[5, 1, 0, 0, 9.12506481706755] 0.414147117459402
[5, 1, 0, 0, 4.0715067033700265] 0.285074504925886
[5, 1, 0, 0, 19.43032009751957] 0.414258383029349
[5, 1, 0, 0, 12.434080552632134] 0.415123375584204
[5, 1, 0, 0, 16.35389734538129] 0.414581564500473
[5, 1, 0, 0, 9.904154431121462] 0.414838778432818
[5, 1, 0, 0, 19.94274438182073] 0.40614548993282
[5, 1, 0, 0, 12.951276217324484] 0.415061736712669
[5, 1, 0, 0, 12.014292322297822] 0.415160967341367
[5, 1, 0, 0, 15.910852862702898] 0.414639200248824
[5, 1, 0, 0, 11.569740804833387] 0.415181290248899
[5, 1, 0, 0, 12.545666097626212] 0.41511123841269
[5, 1, 0, 0, 9.280091082178377] 0.414332883056597
[5, 1, 0, 0, 0.01905385695693651] 1e+100
[5, 1, 0, 0, 3.997945672349714] 0.277285443468142
[5, 1, 0, 0, 13.697732240673732] 0.414957284886594
[5, 1, 0, 0, 14.860037004505386] 0.414785973904717
[5, 1, 0, 0, 14.312823669571952] 0.414866382274944
[5, 1, 0, 0, 18.013239005806643] 0.414390964750391
[5, 1, 0, 0, 16.146686933521114] 0.414608178344554
[5, 1, 0, 0, 4.83254087975947] 0.345808545897479
[5, 1, 0, 0, 11.470892483891275] 0.415182126362895
[5, 1, 0, 0, 16.39917926411666] 0.414575834301569
[5, 1, 0, 0, 13.4746854191018] 0.414989608148772
[5, 1, 0, 0, 6.002849213064638] 0.390592968445102
[5, 1, 0, 0, 13.628825426749414] 0.414967333661083
[5, 1, 0, 0, 10.322692714796851] 0.415023313246317
[5, 1, 0, 0, 17.806890588312157] 0.41441249661964
[5, 1, 0, 0, 9.27087782886998] 0.414322610552271
[5, 1, 0, 0, 9.777192183036602] 0.414761833917313
[5, 1, 0, 0, 17.88201169603499] 0.414404584242931
[5, 1, 0, 0, 19.66684906122633] 0.406151111696223
[5, 1, 0, 0, 14.958643776685332] 0.414771675505839
[5, 1, 0, 0, 0.509440108801742] 0.18116857408653
[5, 1, 0, 0, 1.2396901386691006] 0.00142837446546
[5, 1, 0, 0, 1.5344158253998819] 0.002906522078903
[5, 1, 0, 0, 9.594538759256018] 0.414629846537354
[5, 1, 0, 0, 5.591248273823906] 0.379520397636524
[5, 1, 0, 0, 3.6680487205791623] 0.23737229197313
[5, 1, 0, 0, 8.23576833366194] 0.407433061867836
[5, 1, 0, 0, 1.1292334530599124] 0.001932788209477
[5, 1, 0, 0, 9.359503204272968] 0.414417181132917
[5, 1, 0, 0, 13.854284352938336] 0.414934293678017
[5, 1, 0, 0, 18.739847110654207] 0.414319725530189
[5, 1, 0, 0, 1.9187233149336103] 0.000761755209979
[5, 1, 0, 0, 10.72206560238838] 0.415123264528043
[5, 1, 0, 0, 8.591069674123787] 0.41324194091807
[5, 1, 0, 0, 7.620233589933887] 0.40983689191154
[5, 1, 0, 0, 1.657665417055223] 0.0055877338419
[5, 1, 0, 0, 0.7442464892309442] 0.029117580762889
[5, 1, 0, 0, 0.2141184588088163] 12.964324420818427
[5, 1, 0, 0, 18.48420289255845] 0.414343978908041
[5, 1, 0, 0, 5.2209718844857855] 0.365651413909974
[5, 1, 0, 0, 14.77247596137943] 0.414798713182885
[5, 1, 0, 0, 10.572817904323449] 0.415092999600202
[5, 1, 0, 0, 10.817166668300242] 0.415138702093701
[5, 1, 0, 0, 17.320461878145718] 0.41446567347016
[5, 1, 0, 0, 16.135870710795402] 0.41460958397988
[5, 1, 0, 0, 7.8195871847283165] 0.410801472663804
[5, 1, 0, 0, 13.3505058434834] 0.415007286387959
[5, 1, 0, 0, 3.563823595599638] 0.222962621932961
[5, 1, 0, 0, 11.953961724321594] 0.41516508722509
[5, 1, 0, 0, 4.642771148328877] 0.333683439377424
[5, 1, 0, 0, 10.003886606467173] 0.414891768559251
[5, 1, 0, 0, 11.581474521395542] 0.415181089775398
[5, 1, 0, 0, 4.013181668294797] 0.27893038792439
[5, 1, 0, 0, 1.4239175015824235] 0.000602633927068
[5, 1, 0, 0, 14.682010104121568] 0.414811940796407
[5, 1, 0, 0, 6.898505200347518] 0.408218053224253
[5, 1, 0, 0, 7.192065572977038] 0.407072462143775
[5, 1, 0, 0, 3.111033009904982] 0.150449881053657
[5, 1, 0, 0, 6.598835307598831] 0.408470957153541
[5, 1, 0, 0, 9.731818285482024] 0.414731393537598
[5, 1, 0, 0, 8.228610385511798] 0.407436167570904
[5, 1, 0, 0, 11.97235195440772] 0.415163871009111
[5, 1, 0, 0, 14.035164338440588] 0.414907554351579
[5, 1, 0, 0, 10.524367409156998] 0.415081491157393
[5, 1, 0, 0, 3.3425877370433588] 0.189408832389069
[5, 1, 0, 0, 8.292171540845757] 0.412495077301202
[5, 1, 0, 0, 5.370043713304609] 0.371754495645526
[5, 1, 0, 0, 16.643995721599776] 0.414545347207657
[5, 1, 0, 0, 5.136668099841706] 0.361854534838542
[5, 1, 0, 0, 4.041659638207056] 0.281960413227096
[5, 1, 0, 0, 6.544822384714008] 0.408520637676295
[5, 1, 0, 0, 4.1104652443713885] 0.289045631992371
[5, 1, 0, 0, 10.878159765374512] 0.415147161497274
[5, 1, 0, 0, 0.5266198393214472] 0.202635724748476
[5, 1, 0, 0, 10.938283152291358] 0.415154483426592
[5, 1, 0, 0, 11.44317230563978] 0.415182075152709
[5, 1, 0, 0, 13.66152672540483] 0.414962570845408
[5, 1, 0, 0, 11.815601939381935] 0.41517304556591
[5, 1, 0, 0, 11.547888894302705] 0.415181607710337
[5, 1, 0, 0, 16.492641648982055] 0.41456407150885
[5, 1, 0, 0, 16.971920118350724] 0.414505887873519
[5, 1, 0, 0, 11.0391644589292] 0.415164548722634
[5, 1, 0, 0, 6.631056508800201] 0.401399757225482
[5, 1, 0, 0, 14.108487876689734] 0.414896686806716
[5, 1, 0, 0, 16.351834326031106] 0.414581826431569
[5, 1, 0, 0, 19.695788249102343] 0.406150509643703
[5, 1, 0, 0, 9.578248241699912] 0.414616752053536
[5, 1, 0, 0, 5.132068069146687] 0.361639699906536
[5, 1, 0, 0, 6.401230830811622] 0.398121066877046
[5, 1, 0, 0, 8.299197243415577] 0.412515224522796
[5, 1, 0, 0, 11.033333931431766] 0.415164036923559
[5, 1, 0, 0, 2.7450783570933868] 0.462885923952141
[5, 1, 0, 0, 7.712825961268159] 0.410306635016401
[5, 1, 0, 0, 1.6753648094132] 0.005864132047232
[5, 1, 0, 0, 17.43534077737208] 0.414452806617283
[5, 1, 0, 0, 7.8725772767172035] 0.411029762312021
[5, 1, 0, 0, 14.531221729273343] 0.414834096522005
[5, 1, 0, 0, 4.685951777800074] 0.336598693276039
[5, 1, 0, 0, 19.679216104235856] 0.406150848249906
[5, 1, 0, 0, 0.5985341563891677] 0.121931521536159
[5, 1, 0, 0, 4.330968726239616] 0.309616565880496
[5, 1, 0, 0, 17.97655575830524] 0.414394750962219
[5, 1, 0, 0, 1.8919681239615471] 0.002326224801726
[5, 1, 0, 0, 14.323936083115434] 0.414864732637599
[5, 1, 0, 0, 16.294138107260814] 0.414589179758352
[5, 1, 0, 0, 8.278292247670635] 0.41245520022414
[5, 1, 0, 0, 6.850163799192586] 0.403958691453043
[5, 1, 0, 0, 1.0700140458629503] 0.002310453157004
[5, 1, 0, 0, 7.959185033376106] 0.411380012850147
[5, 1, 0, 0, 15.96686101076363] 0.414631762853459
[5, 1, 0, 0, 7.253033609497102] 0.407534119889153
[5, 1, 0, 0, 4.5552332673531515] 0.327474609916908
[5, 1, 0, 0, 17.79728711524598] 0.414413513836089
[5, 1, 0, 0, 1.343191089544018] 0.000570172971792
[5, 1, 0, 0, 17.24645807598052] 0.414474063493434
[5, 1, 0, 0, 13.554018307001144] 0.414978183421963
[5, 1, 0, 0, 12.589058398352936] 0.415106321826743
[5, 1, 0, 0, 9.312711508741916] 0.41436827430687
[5, 1, 0, 0, 13.941086575952662] 0.41492147910563
[5, 1, 0, 0, 7.803172328076988] 0.410728451012708
[5, 1, 0, 0, 19.171682563395272] 0.414280671768663
[5, 1, 0, 0, 9.380824131643843] 0.414438703184512
[5, 1, 0, 0, 13.997245641612528] 0.4149131702961
[5, 1, 0, 0, 15.575847608788925] 0.414684562031617
[5, 1, 0, 0, 17.3830867467711] 0.414458635553872
[5, 1, 0, 0, 18.72775380054488] 0.414320853521837
[5, 1, 0, 0, 7.94998833329087] 0.411344113973325
[5, 1, 0, 0, 19.979121651542577] 0.406144768766515
[5, 1, 0, 0, 7.287357755915773] 0.407783087814246
[5, 1, 0, 0, 18.443428261534617] 0.414347926899737
[5, 1, 0, 0, 2.4856838314625063] 0.058832671089323
[5, 1, 0, 0, 9.194926195240402] 0.414234377190409
[5, 1, 0, 0, 4.540380852844336] 0.326380381559637
[5, 1, 0, 0, 5.446852640739605] 0.374616176321668
[5, 1, 0, 0, 5.494901968412069] 0.376314918101139
[5, 1, 0, 0, 19.791006910322967] 0.406148547498009
[5, 1, 0, 0, 13.430581879150566] 0.414995917490185
[5, 1, 0, 0, 18.674688766500246] 0.414325825556276
[5, 1, 0, 0, 2.597358307584876] 0.477190707647101
[5, 1, 0, 0, 3.882124221847354] 0.264224657592773
[5, 1, 0, 0, 6.417986660946859] 0.398383370269693
[5, 1, 0, 0, 0.8820290017394927] 0.007745376222889
[5, 1, 0, 0, 13.629005294929346] 0.414967307495152
[5, 1, 0, 0, 5.101346576321708] 0.360184834760368
[5, 1, 0, 0, 0.022032203577468934] 1e+100
[5, 1, 0, 0, 2.8784319245798673] 0.456413798275591
[5, 1, 0, 0, 10.10992699438323] 0.414941557786287
[5, 1, 0, 0, 1.0590599207526075] 0.002409470341379
[5, 1, 0, 0, 16.678244929860632] 0.414541152265844
[5, 1, 0, 0, 16.27106186623237] 0.414592133912396
[5, 1, 0, 0, 11.11665526696614] 0.415170635155282
[5, 1, 0, 0, 16.51688256985223] 0.414561048713399
[5, 1, 0, 0, 17.378452210952084] 0.414459154445421
[5, 1, 0, 0, 11.212116838858474] 0.415176211899388
[5, 1, 0, 0, 15.705047716798092] 0.414666892791022
[5, 1, 0, 0, 14.357550516527922] 0.414859753496605
[5, 1, 0, 0, 3.381289175702078] 0.195564743189866
[5, 1, 0, 0, 3.6045997900299187] 0.228706457199064
[5, 1, 0, 0, 13.52737036255521] 0.414982031129982
[5, 1, 0, 0, 9.753299409584617] 0.414745946555571
[5, 1, 0, 0, 10.573791870119857] 0.415093222351308
[5, 1, 0, 0, 9.86449294032825] 0.414815909884739
[5, 1, 0, 0, 11.38187647672706] 0.415181490295507
[5, 1, 0, 0, 1.9157836926483207] 0.000945057576684
[5, 1, 0, 0, 17.564062365478183] 0.414438616132471
[5, 1, 0, 0, 16.654329851692392] 0.414544079646212
[5, 1, 0, 0, 12.320525710583627] 0.415134901489221
[5, 1, 0, 0, 2.95958957905053] 0.124157963229491
[5, 1, 0, 0, 13.673349599660815] 0.414960846163751
[5, 1, 0, 0, 4.71389110461951] 0.338434818463186
[5, 1, 0, 0, 6.793987779784521] 0.403349573094215
[5, 1, 0, 0, 5.092000159024261] 0.35973477212687
[5, 1, 0, 0, 1.8535643712748051] 0.004137282861753
[5, 1, 0, 0, 17.509954743201387] 0.414444551896022
[5, 1, 0, 0, 13.0109629543046] 0.415053885948435
[5, 1, 0, 0, 17.93884272533057] 0.414398650951145
[5, 1, 0, 0, 7.567048268355743] 0.409548757201234
[5, 1, 0, 0, 18.24344455975789] 0.414367627710876
[5, 1, 0, 0, 1.2900352510933244] 0.001088803453826
