[1, 3, 0, 0, 13.395327684531484] 0.398824838288693
[1, 3, 0, 0, 13.389870684746324] 0.398821712266853
[1, 3, 0, 0, 19.971756449675123] 0.402073018194315
[1, 3, 0, 0, 12.643393010165154] 0.398378323519768
[1, 3, 0, 0, 12.794879980507432] 0.398471276239759
[1, 3, 0, 0, 8.24991041478215] 0.391047494924769
[1, 3, 0, 0, 6.049166146917891] 0.361712904346388
[1, 3, 0, 0, 2.9274543268929887] 0.098992184460538
[1, 3, 0, 0, 4.962070420174838] 0.312753754876004
[1, 3, 0, 0, 4.60491464682018] 0.285394538187578
[1, 3, 0, 0, 3.535184623319032] 0.164135017973763
[1, 3, 0, 0, 12.778221028948815] 0.398461141357751
[1, 3, 0, 0, 4.2510261033978525] 0.250202003119001
[1, 3, 0, 0, 18.51608172479734] 0.401430748500644
[1, 3, 0, 0, 1.3042476742286135] 0.018973544495225
[1, 3, 0, 0, 9.758112226125949] 0.395595533112133
[1, 3, 0, 0, 14.645232417941747] 0.39951325244233
[1, 3, 0, 0, 5.8629298468760505] 0.356011671115898
[1, 3, 0, 0, 7.040856379519022] 0.381102332711202
[1, 3, 0, 0, 14.56671909301367] 0.39947129583369
[1, 3, 0, 0, 18.800212477092405] 0.401559678859974
[1, 3, 0, 0, 9.588415130335958] 0.395284805138112
[1, 3, 0, 0, 7.406249517330714] 0.385152459918729
[1, 3, 0, 0, 5.58074994082669] 0.345584236207497
[1, 3, 0, 0, 3.6016625605677888] 0.169657810227537
[1, 3, 0, 0, 19.08554720345861] 0.401687428735489
[1, 3, 0, 0, 10.004597465558716] 0.395993733764785
[1, 3, 0, 0, 5.256001330052936] 0.330319828938602
[1, 3, 0, 0, 5.865094504501318] 0.356082945391112
[1, 3, 0, 0, 4.761274741940991] 0.298276334381833
[1, 3, 0, 0, 0.19440375001223087] 0.635516285432001
[1, 3, 0, 0, 15.855820874031554] 0.400144053150731
[1, 3, 0, 0, 7.825553990581165] 0.388562316194161
[1, 3, 0, 0, 6.897257702840978] 0.37915734657908
[1, 3, 0, 0, 15.53356813980692] 0.399978922228244
[1, 3, 0, 0, 3.5330587733290453] 0.163954190577845
[1, 3, 0, 0, 9.081606284694532] 0.394124757577449
[1, 3, 0, 0, 0.4027781963177768] 0.009062853696786
[1, 3, 0, 0, 16.071259377422198] 0.400253345328741
[1, 3, 0, 0, 17.11227660849998] 0.400769150514881
[1, 3, 0, 0, 0.3807648735994351] 0.002766455020582
[1, 3, 0, 0, 7.134558906249959] 0.382256046188407
[1, 3, 0, 0, 12.657285375682497] 0.398386924613567
[1, 3, 0, 0, 10.969783033005303] 0.397135921783296
[1, 3, 0, 0, 9.149308866988546] 0.394303531048866
[1, 3, 0, 0, 19.085791672544783] 0.401687537444242
[1, 3, 0, 0, 11.831245696415795] 0.397839373143328
[1, 3, 0, 0, 16.73566641742797] 0.400584937501864
[1, 3, 0, 0, 1.332582470876853] 0.021633363979474
[1, 3, 0, 0, 10.372656185670397] 0.396494283218725
[1, 3, 0, 0, 2.5125804677063934] 0.051997351665025
[1, 3, 0, 0, 15.51137364464289] 0.399967477598631
[1, 3, 0, 0, 2.4707680390101694] 0.049843761560373
[1, 3, 0, 0, 6.047450472178397] 0.361664174527871
[1, 3, 0, 0, 16.031420701505578] 0.400233200262895
[1, 3, 0, 0, 12.983309645736425] 0.398584550143042
[1, 3, 0, 0, 18.69666142063404] 0.401512888574402
[1, 3, 0, 0, 1.0568651796839346] 0.009863384210858
[1, 3, 0, 0, 0.36754636655802253] 0.001795907825417
[1, 3, 0, 0, 2.4770456657016204] 0.050157507144432
[1, 3, 0, 0, 7.182741416019041] 0.382816483936332
[1, 3, 0, 0, 19.651730704706708] 0.401935730299299
[1, 3, 0, 0, 8.845086193946122] 0.393429395313493
[1, 3, 0, 0, 13.60129837239828] 0.398941881911638
[1, 3, 0, 0, 5.494553708636143] 0.341904674505478
[1, 3, 0, 0, 17.960515304926645] 0.40552583669679
[1, 3, 0, 0, 4.101571312315029] 0.232494036082258
[1, 3, 0, 0, 11.860778214438776] 0.397860542064718
[1, 3, 0, 0, 17.976165533817376] 0.405525678834101
[1, 3, 0, 0, 5.292760081353791] 0.332248776239661
[1, 3, 0, 0, 9.430477421978749] 0.394964058084131
[1, 3, 0, 0, 17.591090021228112] 0.400999321579636
[1, 3, 0, 0, 16.267835383406247] 0.40035231758843
[1, 3, 0, 0, 12.628117704691244] 0.398368847469869
[1, 3, 0, 0, 3.4651515275086586] 0.158031047703898
[1, 3, 0, 0, 4.44809677939237] 0.270898029339122
[1, 3, 0, 0, 5.692925453363779] 0.3500117514479
[1, 3, 0, 0, 10.864563140305565] 0.397034689430121
[1, 3, 0, 0, 13.217034710321611] 0.39872196721901
[1, 3, 0, 0, 3.573019488160807] 0.167308780039585
[1, 3, 0, 0, 0.5299667347380188] 0.01253734810685
[1, 3, 0, 0, 6.355578058793676] 0.369421041050494
[1, 3, 0, 0, 1.4942867478733923] 0.032570672819941
[1, 3, 0, 0, 17.920321549234203] 0.405526254052755
[1, 3, 0, 0, 14.66687075358127] 0.39952479088289
[1, 3, 0, 0, 8.709971858718465] 0.392976259048809
[1, 3, 0, 0, 11.736543595329644] 0.397770458726775
[1, 3, 0, 0, 10.630152627188016] 0.396792329852975
[1, 3, 0, 0, 2.393573133199014] 0.046276127170645
[1, 3, 0, 0, 2.656919146694583] 0.062635500882375
[1, 3, 0, 0, 8.442415240851238] 0.391935482743468
[1, 3, 0, 0, 8.761791763498588] 0.393155284433768
[1, 3, 0, 0, 17.147688279164292] 0.400786329306574
[1, 3, 0, 0, 0.8330904588837051] 0.015069658408701
[1, 3, 0, 0, 11.697751471549227] 0.397741753097881
[1, 3, 0, 0, 15.912109806998714] 0.400172692976109
[1, 3, 0, 0, 19.98836188957962] 0.402080081262409
[1, 3, 0, 0, 17.08542614396903] 0.400756108466155
[1, 3, 0, 0, 17.15185650666349] 0.400788349758363
[1, 3, 0, 0, 2.481370531852758] 0.050375654457672
[1, 3, 0, 0, 4.765580942792365] 0.298610332328774
[1, 3, 0, 0, 1.4283645435425796] 0.028967103182297
[1, 3, 0, 0, 3.526617277416797] 0.163404685622189
[1, 3, 0, 0, 7.703445891333183] 0.387682334718497
[1, 3, 0, 0, 7.215997200546543] 0.383190925105923
[1, 3, 0, 0, 2.987245229049862] 0.106667640980064
[1, 3, 0, 0, 12.993301418363405] 0.398590490859981
[1, 3, 0, 0, 19.700294239736028] 0.401956706217905
[1, 3, 0, 0, 1.1301525401099255] 0.001195944265296
[1, 3, 0, 0, 16.01502926446344] 0.400224903212085
[1, 3, 0, 0, 6.843496517205796] 0.378369518250955
[1, 3, 0, 0, 18.70005084559378] 0.401514423713442
[1, 3, 0, 0, 1.3249218862392387] 0.020936050508437
[1, 3, 0, 0, 1.1373402924479725] 0.000298644847581
[1, 3, 0, 0, 4.1365838572421865] 0.236805762523602
[1, 3, 0, 0, 6.328078024700456] 0.368804364039182
[1, 3, 0, 0, 10.87434183441389] 0.397044280647696
[1, 3, 0, 0, 3.9160331585611297] 0.207917103420962
[1, 3, 0, 0, 1.6713704099725302] 0.037453063331454
[1, 3, 0, 0, 0.9142316089630298] 0.018269771138971
[1, 3, 0, 0, 17.925209105217878] 0.405526203266389
[1, 3, 0, 0, 15.982411078985542] 0.400208377723824
[1, 3, 0, 0, 18.090663301914105] 0.40552455663229
[1, 3, 0, 0, 3.461616779837311] 0.157714632218659
[1, 3, 0, 0, 7.57211101115093] 0.386637012270994
[1, 3, 0, 0, 16.9218100470456] 0.400676330542159
[1, 3, 0, 0, 19.46323354601257] 0.401853847271506
[1, 3, 0, 0, 14.542400136930747] 0.399458271218494
[1, 3, 0, 0, 16.42904400636732] 0.400432944475085
[1, 3, 0, 0, 2.371568347237716] 0.045363140423127
[1, 3, 0, 0, 2.6557026025255737] 0.062476069029673
[1, 3, 0, 0, 7.086472997001718] 0.381674794407397
[1, 3, 0, 0, 17.351132263485308] 0.400884542806604
[1, 3, 0, 0, 0.059376243404269946] 1702951073338290.0
[1, 3, 0, 0, 15.647542081004035] 0.400037566345571
[1, 3, 0, 0, 10.670648589756082] 0.396835999684228
[1, 3, 0, 0, 14.007048891635856] 0.39916777048345
[1, 3, 0, 0, 16.149034759133976] 0.400292592714949
[1, 3, 0, 0, 7.2163434855655195] 0.383194771981109
[1, 3, 0, 0, 19.264729443162683] 0.401766758428635
[1, 3, 0, 0, 9.756919114272836] 0.39559346005739
[1, 3, 0, 0, 4.375606673027008] 0.263620219193367
[1, 3, 0, 0, 2.1585781392398373] 0.412917682370888
[1, 3, 0, 0, 14.098047259282476] 0.399217699027531
[1, 3, 0, 0, 4.277648556039056] 0.253169136885489
[1, 3, 0, 0, 15.772181668818849] 0.400101386752391
[1, 3, 0, 0, 0.055427812243014074] 1462385013524820.0
[1, 3, 0, 0, 5.587598675788607] 0.345865998588702
[1, 3, 0, 0, 15.357588990025286] 0.399887920359017
[1, 3, 0, 0, 18.222915166918202] 0.401295906845737
[1, 3, 0, 0, 15.38772048893708] 0.399903544420742
[1, 3, 0, 0, 4.0820030220743515] 0.230039761498788
[1, 3, 0, 0, 18.19403752138652] 0.401282528216614
[1, 3, 0, 0, 4.783286731071064] 0.299972351453369
[1, 3, 0, 0, 4.560924407690418] 0.281493998733558
[1, 3, 0, 0, 5.258640351356503] 0.330460165939828
[1, 3, 0, 0, 3.1134880231012385] 0.122003370500026
[1, 3, 0, 0, 2.4952797485750278] 0.051088186437497
[1, 3, 0, 0, 18.61890194026391] 0.401477602851497
[1, 3, 0, 0, 15.37311887482259] 0.399895975291132
[1, 3, 0, 0, 15.915068108992926] 0.400174196490048
[1, 3, 0, 0, 6.027891932522744] 0.361103887058123
[1, 3, 0, 0, 1.5328704998053566] 0.034180489383934
[1, 3, 0, 0, 17.880868357452048] 0.405526668689104
[1, 3, 0, 0, 13.804284438809669] 0.399055593964017
[1, 3, 0, 0, 14.158953322215579] 0.399250996269041
[1, 3, 0, 0, 7.128247268553032] 0.382181020519045
[1, 3, 0, 0, 14.497395278587302] 0.399434131612666
[1, 3, 0, 0, 3.0927235620407534] 0.119567705514783
[1, 3, 0, 0, 4.522967339662161] 0.278025982273829
[1, 3, 0, 0, 18.24691932035506] 0.4013070143479
[1, 3, 0, 0, 19.039381245347112] 0.401666877077379
[1, 3, 0, 0, 3.0316970659028697] 0.41137714237203
[1, 3, 0, 0, 14.319858015495859] 0.399338419799454
[1, 3, 0, 0, 14.855281748877182] 0.399624823937279
[1, 3, 0, 0, 11.040652198555552] 0.397201774181392
[1, 3, 0, 0, 19.654933833277287] 0.401937115389294
[1, 3, 0, 0, 15.709081778053402] 0.400069112073704
[1, 3, 0, 0, 1.2338760431995865] 0.0114667761669
[1, 3, 0, 0, 11.512269371420974] 0.397600286191804
[1, 3, 0, 0, 16.756381922320934] 0.400595141368867
[1, 3, 0, 0, 6.519346649569235] 0.372824175014621
[1, 3, 0, 0, 8.454619936662894] 0.391987619271707
[1, 3, 0, 0, 15.316501685277423] 0.399866586639769
[1, 3, 0, 0, 5.164740448879115] 0.325285539871783
[1, 3, 0, 0, 9.407302551571433] 0.394914168841521
[1, 3, 0, 0, 13.593403840885873] 0.398937428143256
[1, 3, 0, 0, 8.513630725213922] 0.392232903350722
[1, 3, 0, 0, 6.833930585094539] 0.378225739083914
[1, 3, 0, 0, 6.566548617922782] 0.373724445804842
[1, 3, 0, 0, 8.631062388483322] 0.392690325026443
[1, 3, 0, 0, 16.858989910174405] 0.400645561672477
[1, 3, 0, 0, 1.6765293280970095] 0.037512998316954
[1, 3, 0, 0, 19.525596293849745] 0.401881021563432
[1, 3, 0, 0, 17.61913857869007] 0.40101266227942
[1, 3, 0, 0, 18.045296554256673] 0.40552499447763
[1, 3, 0, 0, 14.505483508903618] 0.399438473566494
[1, 3, 0, 0, 18.092995450095398] 0.405524534549135
[1, 3, 0, 0, 19.64885369263899] 0.401934486038763
[1, 3, 0, 0, 5.562574178748632] 0.344829048492139
[1, 3, 0, 0, 18.05046133157848] 0.405524944215473
[1, 3, 0, 0, 4.429182778405747] 0.269035483060167
[1, 3, 0, 0, 12.320756503720695] 0.39817356755383
[1, 3, 0, 0, 8.838140341558764] 0.393407158983624
[1, 3, 0, 0, 10.863978062386888] 0.397034114342053
[1, 3, 0, 0, 7.927060956294678] 0.389232739356485
[1, 3, 0, 0, 17.75719568221291] 0.401078096422416
[1, 3, 0, 0, 10.578131386589655] 0.396734976940592
[1, 3, 0, 0, 3.7534613334417988] 0.181463856499999
[1, 3, 0, 0, 6.287643382023795] 0.367872284188774
[1, 3, 0, 0, 18.28609882052199] 0.401325118048321
[1, 3, 0, 0, 4.662794848264884] 0.290337990198516
[1, 3, 0, 0, 19.61903887516528] 0.40192158108128
[1, 3, 0, 0, 19.20763799719619] 0.401741558871209
[1, 3, 0, 0, 15.685255381540477] 0.400056906460671
[1, 3, 0, 0, 3.9601009756550054] 0.21402057642832
[1, 3, 0, 0, 8.036597700720467] 0.38989947307398
[1, 3, 0, 0, 14.318322725060142] 0.399337588807231
[1, 3, 0, 0, 18.300505396515675] 0.401331766823149
[1, 3, 0, 0, 4.392220903538437] 0.265321735963845
[1, 3, 0, 0, 7.905152066047371] 0.389092470550231
[1, 3, 0, 0, 4.497093141155348] 0.275606285007502
[1, 3, 0, 0, 5.565076634222588] 0.344933667820418
[1, 3, 0, 0, 7.4966157948149625] 0.385985362056947
[1, 3, 0, 0, 12.03665955534197] 0.397983713284607
[1, 3, 0, 0, 14.160123817187147] 0.399251640038656
[1, 3, 0, 0, 9.6382150249592] 0.395379417865265
[1, 3, 0, 0, 10.41952261620792] 0.396551348017512
[1, 3, 0, 0, 13.642838981919908] 0.398965277394078
[1, 3, 0, 0, 8.373701922124411] 0.391633188497087
[1, 3, 0, 0, 14.755122016662519] 0.399571742837059
[1, 3, 0, 0, 6.150836590859292] 0.364483967915991
[1, 3, 0, 0, 6.838873994689438] 0.378300178183376
[1, 3, 0, 0, 3.667819981600784] 0.174923376445719
[1, 3, 0, 0, 8.788916692509643] 0.393246365140435
[1, 3, 0, 0, 4.706808228206398] 0.293957859869563
[1, 3, 0, 0, 16.308231952087816] 0.40037256702052
[1, 3, 0, 0, 11.409221412658571] 0.397518371732366
[1, 3, 0, 0, 19.87256989311887] 0.402030705195019
[1, 3, 0, 0, 2.1297600582818155] 0.41318398898528
[1, 3, 0, 0, 5.606825414927954] 0.346648898431778
[1, 3, 0, 0, 7.730826194691815] 0.387887020108113
[1, 3, 0, 0, 14.07843181188769] 0.399206957083071
[1, 3, 0, 0, 19.916304764035313] 0.402049388750211
[1, 3, 0, 0, 17.601893437907176] 0.40100446188002
[1, 3, 0, 0, 6.194274871734584] 0.365600476231725
[1, 3, 0, 0, 6.68828374611858] 0.37589418351639
[1, 3, 0, 0, 17.820051135630727] 0.405527328456173
[1, 3, 0, 0, 7.130624199809388] 0.382209319246728
[1, 3, 0, 0, 4.013389089716679] 0.410089480403111
[1, 3, 0, 0, 11.589624877793858] 0.397660169611678
[1, 3, 0, 0, 12.112977217882259] 0.398035737189547
[1, 3, 0, 0, 2.9890709050925923] 0.10689811074455
[1, 3, 0, 0, 4.2991938446293005] 0.255530199488475
[1, 3, 0, 0, 10.183036110034331] 0.396248820596716
[1, 3, 0, 0, 1.1211620603770878] 0.002313540962242
[1, 3, 0, 0, 8.548848371077899] 0.392374254244206
[1, 3, 0, 0, 12.103592638875742] 0.398029383095929
[1, 3, 0, 0, 18.57099817010965] 0.401455801314047
[1, 3, 0, 0, 14.322770184240754] 0.399339995867192
[1, 3, 0, 0, 15.894149692811766] 0.40016356142708
[1, 3, 0, 0, 15.695876953467497] 0.400062348856529
[1, 3, 0, 0, 14.683547017809275] 0.399533676283845
[1, 3, 0, 0, 8.179906485525347] 0.390691143962006
[1, 3, 0, 0, 3.4649413699161213] 0.158012246039999
[1, 3, 0, 0, 1.506531599824601] 0.033119547854072
[1, 3, 0, 0, 16.22966424111321] 0.40033315599816
[1, 3, 0, 0, 14.877400102731645] 0.399636516832595
[1, 3, 0, 0, 3.3235724437210945] 0.144672851149687
[1, 3, 0, 0, 6.560264361868276] 0.373606561586234
[1, 3, 0, 0, 14.739599592656486] 0.399563496982683
[1, 3, 0, 0, 19.159454727228137] 0.401720234941618
[1, 3, 0, 0, 8.234348433544444] 0.390969955172781
[1, 3, 0, 0, 18.672757931407936] 0.401502055283499
[1, 3, 0, 0, 1.1325315655355772] 0.000899245028367
[1, 3, 0, 0, 4.98118774660046] 0.314020649347351
[1, 3, 0, 0, 5.300921337142482] 0.332669603538815
[1, 3, 0, 0, 13.742240798092901] 0.399020996195991
[1, 3, 0, 0, 5.0661559999142725] 0.319432906799778
[1, 3, 0, 0, 1.2179852685049797] 0.009616089967951
[1, 3, 0, 0, 15.275185623623697] 0.399845100933468
[1, 3, 0, 0, 3.6124248380653934] 0.17052916733329
[1, 3, 0, 0, 19.710705663573936] 0.401961196555897
[1, 3, 0, 0, 16.870348169508567] 0.400651130519553
[1, 3, 0, 0, 17.19747981698845] 0.400810442187874
[1, 3, 0, 0, 0.42277319989026063] 0.012531028001907
[1, 3, 0, 0, 19.192314841749393] 0.401734782996367
[1, 3, 0, 0, 1.1811689707621253] 0.0051654227864
[1, 3, 0, 0, 13.498552669131465] 0.398883720573849
[1, 3, 0, 0, 10.852549528707467] 0.397022852976542
[1, 3, 0, 0, 10.30800954959785] 0.396413311486937
[1, 3, 0, 0, 10.580457398262597] 0.396737567615682
[1, 3, 0, 0, 17.33525654782997] 0.400876908313562
[1, 3, 0, 0, 15.962723075575724] 0.400198393533638
[1, 3, 0, 0, 12.264233571195264] 0.398136588418738
[1, 3, 0, 0, 15.95596891430857] 0.400194966686325
[1, 3, 0, 0, 3.692262031943405] 0.176817958751321
[1, 3, 0, 0, 4.509662645836121] 0.276787428945115
[1, 3, 0, 0, 3.416147813047976] 0.153568899089309
[1, 3, 0, 0, 0.2679122267543588] 0.076810014261908
[1, 3, 0, 0, 19.33297607015225] 0.401796786237988
[1, 3, 0, 0, 7.01096976838053] 0.380715774873855
[1, 3, 0, 0, 16.063089815556346] 0.400249216630102
[1, 3, 0, 0, 13.23309957061265] 0.39873130113269
[1, 3, 0, 0, 0.9120771145788442] 0.018261050578614
[1, 3, 0, 0, 9.071452860427708] 0.394097217614004
[1, 3, 0, 0, 9.19678979366692] 0.394423994159352
[1, 3, 0, 0, 16.718312536143976] 0.400576383149438
[1, 3, 0, 0, 5.306424707139811] 0.33295187971367
[1, 3, 0, 0, 2.3991062663303953] 0.046513252177171
[1, 3, 0, 0, 17.20328924392637] 0.400813252367432
[1, 3, 0, 0, 5.026212402503325] 0.316932365485579
[1, 3, 0, 0, 13.19641802921324] 0.398709968828534
[1, 3, 0, 0, 5.72590607908432] 0.351240103603345
[1, 3, 0, 0, 18.14087546568387] 0.405524084814413
[1, 3, 0, 0, 4.252009061245266] 0.250312538229123
[1, 3, 0, 0, 10.254638631137539] 0.39634439356496
[1, 3, 0, 0, 18.093556167329005] 0.405524529240971
[1, 3, 0, 0, 19.933440823419] 0.402056697990525
[1, 3, 0, 0, 7.715603489408364] 0.387773764002264
[1, 3, 0, 0, 12.412132392435076] 0.398232602916324
[1, 3, 0, 0, 15.654385777314726] 0.40004107779288
[1, 3, 0, 0, 5.444409987436165] 0.339646148614361
[1, 3, 0, 0, 12.474916970916466] 0.398272664136576
[1, 3, 0, 0, 2.875113833285159] 0.092090947890624
[1, 3, 0, 0, 0.27884354523296073] 0.049134898937394
[1, 3, 0, 0, 11.751275786714926] 0.397781286027422
[1, 3, 0, 0, 5.203419938819611] 0.327462825410268
[1, 3, 0, 0, 15.612256341086164] 0.400019422799318
[1, 3, 0, 0, 4.152407082693175] 0.238721174246367
[1, 3, 0, 0, 9.606204091068948] 0.395318941974039
[1, 3, 0, 0, 8.574427670555043] 0.392474718164666
[1, 3, 0, 0, 13.299641727011057] 0.39876982294439
[1, 3, 0, 0, 3.8430627521880223] 0.197447897404393
[1, 3, 0, 0, 8.45083821643372] 0.391971527430111
[1, 3, 0, 0, 18.54656588754197] 0.401444663212921
[1, 3, 0, 0, 5.15191613826352] 0.324549148378172
[1, 3, 0, 0, 2.0239925430952077] 0.441641979827003
[1, 3, 0, 0, 1.155276395893019] 0.00194561145558
[1, 3, 0, 0, 11.855534955353253] 0.397856794474344
[1, 3, 0, 0, 10.162321859372693] 0.396220479347253
[1, 3, 0, 0, 3.6017202357721345] 0.169662496136528
[1, 3, 0, 0, 5.745874903386854] 0.351968351833587
[1, 3, 0, 0, 14.308055074888317] 0.399332029965811
[1, 3, 0, 0, 15.734110256089547] 0.400081922475375
[1, 3, 0, 0, 7.298226419105824] 0.384075246186908
[1, 3, 0, 0, 16.718628550205676] 0.40057653897566
[1, 3, 0, 0, 19.55131905294854] 0.401892204110951
[1, 3, 0, 0, 12.990508395728003] 0.398588830869838
[1, 3, 0, 0, 12.167312850588413] 0.398072297855084
[1, 3, 0, 0, 4.284108791471906] 0.253880967654644
[1, 3, 0, 0, 8.053874756225932] 0.389999592411868
[1, 3, 0, 0, 4.698704521942911] 0.293300228891475
[1, 3, 0, 0, 15.386297183030758] 0.399902806797533
[1, 3, 0, 0, 12.997837091870863] 0.398593185527553
[1, 3, 0, 0, 8.42620572633967] 0.391865597256556
[1, 3, 0, 0, 5.107754156262734] 0.321956774448591
[1, 3, 0, 0, 2.575302157434005] 0.055510082365264
[1, 3, 0, 0, 1.1223111031646527] 0.002171089144871
[1, 3, 0, 0, 14.203157417305658] 0.399275070582338
[1, 3, 0, 0, 8.594154151866476] 0.392550809592879
[1, 3, 0, 0, 12.822664729236756] 0.398488134284462
[1, 3, 0, 0, 6.713815434084605] 0.37632296272102
[1, 3, 0, 0, 11.9012095960518] 0.397889287061825
[1, 3, 0, 0, 10.698432819004289] 0.396865501684836
[1, 3, 0, 0, 4.568730891116662] 0.282195403649754
[1, 3, 0, 0, 17.630699968800233] 0.401018156572725
[1, 3, 0, 0, 18.68054645894062] 0.401505586449656
[1, 3, 0, 0, 4.61668905800432] 0.28641733669117
[1, 3, 0, 0, 16.77520471501404] 0.400604405807878
[1, 3, 0, 0, 16.90374779404975] 0.400667491596312
[1, 3, 0, 0, 18.798280445178715] 0.401558807942745
[1, 3, 0, 0, 12.098655495312222] 0.398026035495572
[1, 3, 0, 0, 18.37971799518504] 0.401368263926876
[1, 3, 0, 0, 10.599443069331492] 0.396758670304087
[1, 3, 0, 0, 16.659585022569594] 0.400547391513733
[1, 3, 0, 0, 3.245004776986531] 0.136611318515852
[1, 3, 0, 0, 0.2020975902426736] 0.497078027374148
[1, 3, 0, 0, 2.427686810351466] 0.047784831363855
[1, 3, 0, 0, 7.457425857367355] 0.385631452714532
[1, 3, 0, 0, 16.655270203557095] 0.400545258844703
[1, 3, 0, 0, 11.903322194129727] 0.397890781682427
[1, 3, 0, 0, 9.164824670365652] 0.394343287566597
[1, 3, 0, 0, 9.41079610312322] 0.394921738657725
[1, 3, 0, 0, 1.0352197783702222] 0.012077969149157
[1, 3, 0, 0, 10.310618026471312] 0.3964166309736
[1, 3, 0, 0, 16.76289355534901] 0.400598347114963
[1, 3, 0, 0, 5.10179698534224] 0.321600274166979
[1, 3, 0, 0, 0.2469577879923346] 0.149615652859951
[1, 3, 0, 0, 9.478721229218161] 0.395065525533251
[1, 3, 0, 0, 9.653892937058844] 0.395408597966477
[1, 3, 0, 0, 19.09720712658802] 0.401692612160891
[1, 3, 0, 0, 15.002023993508224] 0.399702213792326
[1, 3, 0, 0, 5.490087924737068] 0.34170712813412
[1, 3, 0, 0, 9.22587542387972] 0.394495915146307
[1, 3, 0, 0, 10.577403450645422] 0.396734165628726
[1, 3, 0, 0, 12.773571326978121] 0.398458308896795
[1, 3, 0, 0, 11.683879635311287] 0.397731417891226
[1, 3, 0, 0, 18.866073806920827] 0.401589320213156
[1, 3, 0, 0, 18.6977469975971] 0.401513380280662
[1, 3, 0, 0, 17.915981250071415] 0.405526299259246
[1, 3, 0, 0, 17.782132568982103] 0.401089871211411
[1, 3, 0, 0, 7.182426683222194] 0.382812892657423
[1, 3, 0, 0, 15.922010525053263] 0.400177724217245
[1, 3, 0, 0, 7.923305164624157] 0.38920886196534
[1, 3, 0, 0, 19.293926194776102] 0.401779617086137
[1, 3, 0, 0, 17.881237110860496] 0.405526664772978
[1, 3, 0, 0, 7.466175413904638] 0.385711420402778
[1, 3, 0, 0, 10.40618256137945] 0.396535241230974
[1, 3, 0, 0, 13.759971129119009] 0.399030897040926
[1, 3, 0, 0, 12.472223794676033] 0.398270953719927
[1, 3, 0, 0, 12.507146253567337] 0.398293078403391
[1, 3, 0, 0, 9.808643170341133] 0.395681968714529
[1, 3, 0, 0, 6.848999648262266] 0.378451733461321
[1, 3, 0, 0, 18.411710697725468] 0.401382958877626
[1, 3, 0, 0, 12.902596730700841] 0.398536325689075
[1, 3, 0, 0, 15.662597874807098] 0.400045290265118
[1, 3, 0, 0, 9.54151690630981] 0.395192960574433
[1, 3, 0, 0, 7.121229442905445] 0.382097154895565
[1, 3, 0, 0, 19.461608926990596] 0.401853138016041
[1, 3, 0, 0, 16.41520287597183] 0.40042604110166
[1, 3, 0, 0, 19.387491099371843] 0.401820708070207
[1, 3, 0, 0, 16.569880782489175] 0.400502980538166
[1, 3, 0, 0, 3.932955546888741] 0.210280471043457
[1, 3, 0, 0, 14.121291398641372] 0.39923041381462
[1, 3, 0, 0, 8.54367708096124] 0.392353756139652
[1, 3, 0, 0, 10.956845179566074] 0.397123702809189
[1, 3, 0, 0, 5.969823464763218] 0.359387635140741
[1, 3, 0, 0, 0.2817678698782844] 0.042783177511018
[1, 3, 0, 0, 18.635007203033386] 0.401484921622874
[1, 3, 0, 0, 6.404306934901749] 0.407481572410228
[1, 3, 0, 0, 15.331959049955257] 0.399874616431239
[1, 3, 0, 0, 3.0066572345743237] 0.109105711105983
[1, 3, 0, 0, 15.041160293403353] 0.399722772338713
[1, 3, 0, 0, 17.005061915782715] 0.400716988774602
[1, 3, 0, 0, 10.231597511190763] 0.396314036202512
[1, 3, 0, 0, 9.957327316633142] 0.395921756036336
[1, 3, 0, 0, 17.626770462488558] 0.401016289466124
[1, 3, 0, 0, 19.62131240580771] 0.401922565826476
[1, 3, 0, 0, 8.409382383388342] 0.391792122673755
[1, 3, 0, 0, 4.878797653459587] 0.307014928996232
[1, 3, 0, 0, 9.922872876226787] 0.395868044486002
[1, 3, 0, 0, 1.147334255585457] 0.000951779192467
[1, 3, 0, 0, 0.22918549043892344] 0.23934606237775
[1, 3, 0, 0, 6.874025753563626] 0.37882106815508
[1, 3, 0, 0, 8.734431905641522] 0.393061606054928
[1, 3, 0, 0, 16.336102244211226] 0.400386519809424
[1, 3, 0, 0, 18.83656839166988] 0.401576052503201
[1, 3, 0, 0, 12.678991853610022] 0.398400331570448
[1, 3, 0, 0, 2.2911807756816427] 0.04245797212343
[1, 3, 0, 0, 16.084408629181254] 0.400259988072299
[1, 3, 0, 0, 17.11088556714152] 0.400768475193789
[1, 3, 0, 0, 15.004418238426926] 0.399703471159639
[1, 3, 0, 0, 9.902210675717615] 0.395835313246758
[1, 3, 0, 0, 12.686886818949269] 0.398405198307806
[1, 3, 0, 0, 8.26101639803817] 0.391102298205525
[1, 3, 0, 0, 5.791353219762141] 0.353584264773209
[1, 3, 0, 0, 9.605318605794377] 0.395317251766563
[1, 3, 0, 0, 12.211993961021738] 0.39810207912425
[1, 3, 0, 0, 14.45797890019181] 0.399412963307121
[1, 3, 0, 0, 17.577749876107067] 0.400992971039577
[1, 3, 0, 0, 19.177549566255514] 0.40172824892946
[1, 3, 0, 0, 4.480792403839137] 0.274058373698356
[1, 3, 0, 0, 13.755641719812552] 0.399028480471004
[1, 3, 0, 0, 13.269310413219891] 0.398752291514176
[1, 3, 0, 0, 19.690926558271286] 0.401952664031012
[1, 3, 0, 0, 15.101105419481716] 0.399754211403513
[1, 3, 0, 0, 7.604552158739873] 0.386905339283488
[1, 3, 0, 0, 10.336321626050609] 0.396449103117976
[1, 3, 0, 0, 8.265321463283609] 0.391123423358648
[1, 3, 0, 0, 5.960455597980627] 0.359103191191708
[1, 3, 0, 0, 6.280396729272583] 0.36770200490239
[1, 3, 0, 0, 0.8925674917269166] 0.017981384903942
[1, 3, 0, 0, 4.196010749103623] 0.243893626654197
[1, 3, 0, 0, 9.21569021882882] 0.39447089158583
[1, 3, 0, 0, 18.63495405827858] 0.401484897481148
[1, 3, 0, 0, 0.11013578646577482] 38.44960930139545
[1, 3, 0, 0, 10.629316164691039] 0.396791419317273
[1, 3, 0, 0, 17.636116636585083] 0.401020729791704
[1, 3, 0, 0, 9.337170036992212] 0.394758475971724
[1, 3, 0, 0, 4.4194761284212625] 0.268069742149163
[1, 3, 0, 0, 8.115764238692822] 0.390347520209165
[1, 3, 0, 0, 10.142014860559868] 0.396192383882589
[1, 3, 0, 0, 8.85223507614219] 0.393452120000837
[1, 3, 0, 0, 0.8458462480859685] 0.015930257834998
[1, 3, 0, 0, 6.607204023571649] 0.374472876272297
[1, 3, 0, 0, 8.090475972251419] 0.390207350796688
[1, 3, 0, 0, 12.925963147116736] 0.398550330634851
[1, 3, 0, 0, 0.49395448075043813] 0.013977338346611
[1, 3, 0, 0, 8.8795614539414] 0.393538138069064
[1, 3, 0, 0, 8.437269222379369] 0.391913360200639
[1, 3, 0, 0, 8.758480096579625] 0.393144044186737
[1, 3, 0, 0, 8.845899396863132] 0.39343199127695
[1, 3, 0, 0, 6.2772116600175405] 0.367626920767638
[1, 3, 0, 0, 18.94302067196176] 0.40162383374223
[1, 3, 0, 0, 17.162050363304612] 0.400793289550921
[1, 3, 0, 0, 12.518735243743768] 0.398300394778602
[1, 3, 0, 0, 13.294456830040726] 0.398766829312987
[1, 3, 0, 0, 0.8696420099804403] 0.017205835126909
[1, 3, 0, 0, 11.017246210302208] 0.39718022348235
[1, 3, 0, 0, 11.02237222430249] 0.397184959608929
[1, 3, 0, 0, 1.461780815032414] 0.030933956439175
[1, 3, 0, 0, 2.0732519863490495] 0.413837225821906
[1, 3, 0, 0, 19.207228412834894] 0.401741377821177
[1, 3, 0, 0, 6.386571403434753] 0.370100141479046
[1, 3, 0, 0, 7.027477508187352] 0.380930432540366
[1, 3, 0, 0, 2.1579207414644186] 0.412923303345957
[1, 3, 0, 0, 12.588049079270014] 0.398343895684749
[1, 3, 0, 0, 9.683195852241537] 0.395462379257156
[1, 3, 0, 0, 11.425899041488798] 0.397531803194612
[1, 3, 0, 0, 4.336885660668717] 0.259575463878486
[1, 3, 0, 0, 8.877936316994253] 0.39353307183995
[1, 3, 0, 0, 12.187078749994676] 0.398085503242589
[1, 3, 0, 0, 9.569355836459357] 0.395247806394639
[1, 3, 0, 0, 0.7417638709938124] 0.006454891504501
[1, 3, 0, 0, 19.84238339123848] 0.402017785355041
[1, 3, 0, 0, 2.844819903282485] 0.088033421237038
[1, 3, 0, 0, 14.145248765478089] 0.399243458276717
[1, 3, 0, 0, 0.4228355050525434] 0.012538534214862
[1, 3, 0, 0, 16.85308294809194] 0.400642664560777
[1, 3, 0, 0, 10.073503520752462] 0.396095248762525
[1, 3, 0, 0, 7.3282777717158565] 0.384384258800298
[1, 3, 0, 0, 10.34446596571913] 0.396459303039336
[1, 3, 0, 0, 3.164655778407639] 0.411246962384795
[1, 3, 0, 0, 4.986328149505097] 0.314358215590552
[1, 3, 0, 0, 3.51506376859807] 0.410810014631816
[1, 3, 0, 0, 17.410489121577353] 0.400913042417489
[1, 3, 0, 0, 8.414603503813833] 0.391815025066278
[1, 3, 0, 0, 18.57496541085537] 0.401457608693786
[1, 3, 0, 0, 14.513578890841018] 0.399442819463767
[1, 3, 0, 0, 18.597500133787506] 0.401467868654434
[1, 3, 0, 0, 3.4171278776746905] 0.153659763984565
[1, 3, 0, 0, 4.67696857609722] 0.291516636412146
[1, 3, 0, 0, 19.273643317369118] 0.401770686263666
[1, 3, 0, 0, 0.03848392909652665] 631797396215264.0
[1, 3, 0, 0, 16.726630022837107] 0.400580483857181
[1, 3, 0, 0, 16.11101880003108] 0.400273421943057
[1, 3, 0, 0, 5.260483008619432] 0.330557983039263
[1, 3, 0, 0, 0.4185748173301662] 0.011980960810047
[1, 3, 0, 0, 19.61637769931599] 0.401920428291504
[1, 3, 0, 0, 17.70224039265097] 0.401052087006555
[1, 3, 0, 0, 5.706089691421683] 0.350505939693884
[1, 3, 0, 0, 7.6997956952581355] 0.387654714238264
[1, 3, 0, 0, 11.17547386653664] 0.397322328892444
[1, 3, 0, 0, 1.6487760558339382] 0.03714571758208
[1, 3, 0, 0, 2.9509937005255926] 0.102042632145376
[1, 3, 0, 0, 18.78047674266336] 0.401550778693576
[1, 3, 0, 0, 8.783880024660327] 0.393229589001462
[1, 3, 0, 0, 2.6850997960899536] 0.411595242145559
[1, 3, 0, 0, 15.183378339911238] 0.399797239888182
[1, 3, 0, 0, 15.682427949898834] 0.400055457372034
[1, 3, 0, 0, 14.068178284468457] 0.399201337529789
[1, 3, 0, 0, 1.2730412451345052] 0.015795095179562
[1, 3, 0, 0, 10.552998494428603] 0.396706813687116
[1, 3, 0, 0, 17.33213163018788] 0.400875404976027
[1, 3, 0, 0, 17.332191574519946] 0.400875433815919
[1, 3, 0, 0, 2.3634996056403] 0.045040605178748
[1, 3, 0, 0, 13.939118908533992] 0.399130336177709
[1, 3, 0, 0, 11.072691560780157] 0.397230965864127
[1, 3, 0, 0, 15.264798086369503] 0.399839693864231
[1, 3, 0, 0, 2.65980210487635] 0.063014220153024
[1, 3, 0, 0, 10.685640582178168] 0.396851964690029
[1, 3, 0, 0, 16.053420652148805] 0.400244328488451
[1, 3, 0, 0, 1.5292685765767389] 0.034044808065281
[1, 3, 0, 0, 0.9978594837611787] 0.015257685669214
[1, 3, 0, 0, 18.132808491648014] 0.405524158842744
[1, 3, 0, 0, 7.749208335861071] 0.388021998390741
[1, 3, 0, 0, 13.316527681807155] 0.39877956336401
[1, 3, 0, 0, 14.691942188447713] 0.399538147052322
[1, 3, 0, 0, 4.163839863462844] 0.240092329491163
[1, 3, 0, 0, 13.67804629513911] 0.398985054362629
[1, 3, 0, 0, 16.145259963745644] 0.400290690764176
[1, 3, 0, 0, 7.876478404410472] 0.388905259799188
[1, 3, 0, 0, 17.470631226355845] 0.400941847119507
[1, 3, 0, 0, 18.406481890412756] 0.401380558648357
[1, 3, 0, 0, 14.198306563817912] 0.399272421592872
[1, 3, 0, 0, 5.836853271314495] 0.355143298847154
[1, 3, 0, 0, 10.926082423935677] 0.397094396710907
[1, 3, 0, 0, 15.874941178721826] 0.400153788338497
[1, 3, 0, 0, 3.5453486958664104] 0.164995786585123
[1, 3, 0, 0, 12.882381544645254] 0.398524179758225
[1, 3, 0, 0, 19.192363017925803] 0.401734804307907
[1, 3, 0, 0, 15.683015258425892] 0.400055758385561
[1, 3, 0, 0, 7.350708201661773] 0.384610143544226
[1, 3, 0, 0, 5.623574760137345] 0.347321132157519
[1, 3, 0, 0, 9.492035448870205] 0.395092967408576
[1, 3, 0, 0, 6.252617245908397] 0.36704003716814
[1, 3, 0, 0, 10.730212848865579] 0.396898816448471
[1, 3, 0, 0, 12.377278169729678] 0.398210189728205
[1, 3, 0, 0, 4.937301179329543] 0.311084535308917
[1, 3, 0, 0, 17.959080964481004] 0.40552585122115
[1, 3, 0, 0, 17.884713200273833] 0.405526627911893
[1, 3, 0, 0, 7.056356718692964] 0.38129920897368
[1, 3, 0, 0, 1.7298511119594173] 0.0379400212638
[1, 3, 0, 0, 11.955743912101385] 0.397927641781159
[1, 3, 0, 0, 5.521367152550978] 0.343076299312427
[1, 3, 0, 0, 6.53488287371432] 0.373124282933839
[1, 3, 0, 0, 5.647453571665233] 0.348264388783409
[1, 3, 0, 0, 10.300361323682454] 0.396403552627464
[1, 3, 0, 0, 16.919960134445407] 0.400675425559362
[1, 3, 0, 0, 3.3802230754233364] 0.150191255801918
[1, 3, 0, 0, 4.594924590119924] 0.284519762045286
[1, 3, 0, 0, 4.3013458011268835] 0.255764028592997
[1, 3, 0, 0, 6.087014623057909] 0.362771014871193
[1, 3, 0, 0, 16.217243291837164] 0.400326915003973
[1, 3, 0, 0, 18.0386061561334] 0.405525059767756
[1, 3, 0, 0, 18.48118268129629] 0.401414794466669
[1, 3, 0, 0, 15.131290017864309] 0.399770012940815
[1, 3, 0, 0, 5.461930781291939] 0.340445510479556
[1, 3, 0, 0, 9.897965881124497] 0.395828539858167
[1, 3, 0, 0, 19.92908401098671] 0.402054840231976
[1, 3, 0, 0, 15.285245364865927] 0.399850335381501
[1, 3, 0, 0, 14.646280950569325] 0.399513811800545
[1, 3, 0, 0, 10.711933228525474] 0.396879709940034
[1, 3, 0, 0, 19.231749934173937] 0.401752210572055
[1, 3, 0, 0, 5.8415393560252475] 0.355300744771923
[1, 3, 0, 0, 1.1366145672849726] 0.000389350413112
[1, 3, 0, 0, 0.41308642023715425] 0.011123709344995
[1, 3, 0, 0, 9.66380639450541] 0.395426902448326
[1, 3, 0, 0, 14.961124319058229] 0.399680676632274
[1, 3, 0, 0, 9.735051987548996] 0.39555519696224
[1, 3, 0, 0, 10.867715825437811] 0.397037785895435
[1, 3, 0, 0, 4.424226456982499] 0.268543194624231
[1, 3, 0, 0, 16.890060901679057] 0.400660789569998
[1, 3, 0, 0, 6.444596388597166] 0.371326521423329
[1, 3, 0, 0, 12.875082536453997] 0.398519787410893
[1, 3, 0, 0, 9.863825712021331] 0.395773442926873
[1, 3, 0, 0, 11.477469076608926] 0.39757290565972
[1, 3, 0, 0, 8.397619726876835] 0.391740198978485
[1, 3, 0, 0, 9.678727008277793] 0.395454240458242
[1, 3, 0, 0, 7.470089242716846] 0.385747012553067
[1, 3, 0, 0, 18.26478605122642] 0.401315274028716
[1, 3, 0, 0, 8.32723927697063] 0.391419760730128
[1, 3, 0, 0, 3.3640491627548452] 0.148640105358311
[1, 3, 0, 0, 8.135464909553383] 0.390454863474608
[1, 3, 0, 0, 17.97119693747961] 0.405525728832523
[1, 3, 0, 0, 3.715547972778437] 0.178600712446245
[1, 3, 0, 0, 14.496033667157846] 0.399433400513993
[1, 3, 0, 0, 14.085434007540645] 0.399210792951368
[1, 3, 0, 0, 10.422904318075561] 0.396555414121903
[1, 3, 0, 0, 5.473311480119323] 0.340958773837585
[1, 3, 0, 0, 19.041208838103316] 0.401667691531006
[1, 3, 0, 0, 11.67722194198532] 0.397726444204438
[1, 3, 0, 0, 17.093989857084104] 0.400760269648016
[1, 3, 0, 0, 13.080857962854006] 0.398642286666746
[1, 3, 0, 0, 11.879814860494442] 0.397874109837812
[1, 3, 0, 0, 1.9694261564760573] 0.037851537055415
[1, 3, 0, 0, 11.171181857339223] 0.397318580846141
[1, 3, 0, 0, 0.2944707210617148] 0.019972898143064
[1, 3, 0, 0, 8.124419216836074] 0.390394879960032
[1, 3, 0, 0, 9.737308682611623] 0.395559169434989
[1, 3, 0, 0, 7.854274424324135] 0.388757400693155
[1, 3, 0, 0, 10.91924732775574] 0.397087836235371
[1, 3, 0, 0, 13.238292400539603] 0.398734315382015
[1, 3, 0, 0, 7.1812374125273255] 0.382799314273818
[1, 3, 0, 0, 2.6308121317433786] 0.05895231021257
[1, 3, 0, 0, 8.865332198536022] 0.393493579431417
[1, 3, 0, 0, 3.5002102413436087] 0.161125359917212
[1, 3, 0, 0, 13.829437554221492] 0.399069582368317
[1, 3, 0, 0, 2.3884103350673813] 0.411854568036033
[1, 3, 0, 0, 1.0032963773745918] 0.014854233205355
[1, 3, 0, 0, 12.691538438774032] 0.398408063365074
[1, 3, 0, 0, 1.0770938642337913] 0.007610907598309
[1, 3, 0, 0, 16.46941395465861] 0.400453058543028
[1, 3, 0, 0, 10.523773089473057] 0.396673649130463
[1, 3, 0, 0, 8.541639033270368] 0.392345645262278
[1, 3, 0, 0, 11.53147517390378] 0.397615278051885
[1, 3, 0, 0, 15.574617974972053] 0.400000065080356
[1, 3, 0, 0, 4.957824765775243] 0.312469878397211
[1, 3, 0, 0, 19.041375053991977] 0.401667765600389
[1, 3, 0, 0, 12.046079823240035] 0.397990178884037
[1, 3, 0, 0, 11.80293131639414] 0.397818936559272
[1, 3, 0, 0, 6.35359105393182] 0.36937699024601
[1, 3, 0, 0, 19.309362797333154] 0.401786407933421
[1, 3, 0, 0, 1.8144171673673015] 0.038084765363522
[1, 3, 0, 0, 5.661364990389794] 0.348805710954344
[1, 3, 0, 0, 12.726244935747266] 0.39842938537607
[1, 3, 0, 0, 5.20139918318945] 0.327350684137556
[1, 3, 0, 0, 4.410392760419446] 0.267159887755205
[1, 3, 0, 0, 6.557869714858504] 0.373561477390112
[1, 3, 0, 0, 18.730146670879634] 0.401528044030464
[1, 3, 0, 0, 10.335443144574814] 0.396448000370353
[1, 3, 0, 0, 10.482767356588736] 0.396626278483528
[1, 3, 0, 0, 4.1685631500354825] 0.240655687114461
[1, 3, 0, 0, 14.9231517931651] 0.399660657744622
[1, 3, 0, 0, 11.45423213905742] 0.397554464647619
[1, 3, 0, 0, 0.5303574697754598] 0.012518038859635
[1, 3, 0, 0, 1.639108758873653] 0.036990811447956
[1, 3, 0, 0, 15.374599340240042] 0.399896742920567
[1, 3, 0, 0, 5.4480643087466945] 0.339813779718618
[1, 3, 0, 0, 18.605234611061576] 0.401471387650551
[1, 3, 0, 0, 6.98489121514039] 0.380370778368117
[1, 3, 0, 0, 5.340520344889006] 0.334673895406612
[1, 3, 0, 0, 10.435773649685636] 0.396570825795859
[1, 3, 0, 0, 14.929869762114214] 0.399664201151662
[1, 3, 0, 0, 0.5126645889303028] 0.01331600263868
[1, 3, 0, 0, 16.47600336330343] 0.400456338729723
[1, 3, 0, 0, 6.245366159545012] 0.366864772193942
[1, 3, 0, 0, 13.448967742588156] 0.398855494360224
[1, 3, 0, 0, 15.63525801739043] 0.40003123956263
[1, 3, 0, 0, 7.328624012124056] 0.384387776281453
[1, 3, 0, 0, 13.435507690532877] 0.398847813794916
[1, 3, 0, 0, 15.449759512089328] 0.39993565743774
[1, 3, 0, 0, 3.8121311750127918] 0.192876847942509
[1, 3, 0, 0, 16.531840832870603] 0.400484101174152
[1, 3, 0, 0, 17.860950063412123] 0.405526880638719
[1, 3, 0, 0, 3.1104606654653377] 0.121650437374311
[1, 3, 0, 0, 15.369359731076447] 0.399894025960454
[1, 3, 0, 0, 15.219877330216676] 0.399816287055755
[1, 3, 0, 0, 15.014729995879916] 0.399708889881588
[1, 3, 0, 0, 2.459000223866259] 0.41174525578658
[1, 3, 0, 0, 8.493767501622582] 0.392151546482447
[1, 3, 0, 0, 4.89959454208228] 0.308482264923729
[1, 3, 0, 0, 10.08581372551858] 0.396112974998633
[1, 3, 0, 0, 6.5652780826321315] 0.373700660766765
[1, 3, 0, 0, 4.93581398983284] 0.310983298157716
[1, 3, 0, 0, 13.569976573877337] 0.398924196905073
[1, 3, 0, 0, 15.215259429881485] 0.399813878602941
[1, 3, 0, 0, 17.88974624211354] 0.405526574655984
[1, 3, 0, 0, 15.732252972423279] 0.400080972246638
[1, 3, 0, 0, 1.7544123626870989] 0.038036329665096
[1, 3, 0, 0, 17.810115529041262] 0.401103127689012
[1, 3, 0, 0, 18.526735367074803] 0.401435613664686
[1, 3, 0, 0, 0.4023649537672358] 0.008967697719186
[1, 3, 0, 0, 0.428007963607806] 0.013098402562464
[1, 3, 0, 0, 14.694531849133089] 0.399539525838206
[1, 3, 0, 0, 18.9360767781405] 0.40162072432492
[1, 3, 0, 0, 1.282311815190047] 0.016765701266001
[1, 3, 0, 0, 14.461279735218554] 0.399414724878255
[1, 3, 0, 0, 6.313217608022008] 0.368465436785431
[1, 3, 0, 0, 2.7846198436543523] 0.411548155638382
[1, 3, 0, 0, 6.53086738589534] 0.373047076442136
[1, 3, 0, 0, 0.3949371537188773] 0.007095605839208
[1, 3, 0, 0, 4.419840108332183] 0.26810607843303
[1, 3, 0, 0, 14.088062579238816] 0.399212232540448
[1, 3, 0, 0, 10.316611502950863] 0.396424241194868
[1, 3, 0, 0, 3.150093634947979] 0.411262405551642
[1, 3, 0, 0, 4.572448155563398] 0.282527989180191
[1, 3, 0, 0, 7.755918098483761] 0.388070786451272
[1, 3, 0, 0, 16.96931856694221] 0.400699549092042
[1, 3, 0, 0, 11.068942949689227] 0.397227568472671
[1, 3, 0, 0, 15.810107563578683] 0.400120749946347
[1, 3, 0, 0, 17.852459020667364] 0.405526972576814
[1, 3, 0, 0, 19.018651732702214] 0.401657634127005
[1, 3, 0, 0, 7.167296643469642] 0.382639181654761
[1, 3, 0, 0, 8.654350980910255] 0.392776421112167
[1, 3, 0, 0, 6.478301177557892] 0.372012993232216
[1, 3, 0, 0, 1.112281307174654] 0.00340954705027
[1, 3, 0, 0, 18.266426894191547] 0.401316032245212
[1, 3, 0, 0, 14.819087390401794] 0.399605672205548
[1, 3, 0, 0, 6.3485068596853145] 0.369263894811192
[1, 3, 0, 0, 4.015818777104753] 0.410085933165662
[1, 3, 0, 0, 19.560168939220404] 0.401896048262263
[1, 3, 0, 0, 2.133026273204819] 0.413151703013496
[1, 3, 0, 0, 8.949743324621348] 0.393751433627534
[1, 3, 0, 0, 16.841873539951763] 0.40063716497655
[1, 3, 0, 0, 11.105164221979821] 0.397260200534742
[1, 3, 0, 0, 10.565767062378502] 0.39672116098119
[1, 3, 0, 0, 0.26423466147418306] 0.087595197584196
[1, 3, 0, 0, 14.030769667646346] 0.39918080913146
[1, 3, 0, 0, 1.588735360345448] 0.03592915122013
[1, 3, 0, 0, 17.61391614380618] 0.401010179545753
[1, 3, 0, 0, 11.679962892313146] 0.397728492910936
[1, 3, 0, 0, 1.1256986486342435] 0.001750415955778
[1, 3, 0, 0, 3.838325723194147] 0.196752940374239
[1, 3, 0, 0, 0.9907016468146068] 0.015754559679648
[1, 3, 0, 0, 9.511800151656175] 0.395133279369815
[1, 3, 0, 0, 7.011476374478689] 0.380722404879475
[1, 3, 0, 0, 0.852579480618505] 0.01633660917569
[1, 3, 0, 0, 2.1247198885774554] 0.413234913239674
[1, 3, 0, 0, 19.494201034251084] 0.401867353197968
[1, 3, 0, 0, 11.977504956472995] 0.397942817524338
[1, 3, 0, 0, 3.912648165811159] 0.207441411472764
[1, 3, 0, 0, 5.6510059765666965] 0.348403106836291
[1, 3, 0, 0, 2.546815200191166] 0.053871737212985
[1, 3, 0, 0, 3.4842148276784135] 0.410852334587574
[1, 3, 0, 0, 1.0833544247747584] 0.006885471370924
[1, 3, 0, 0, 19.16511006014044] 0.401722740386235
[1, 3, 0, 0, 15.329126688398967] 0.399873145425577
[1, 3, 0, 0, 6.182714954333559] 0.365307091989103
[1, 3, 0, 0, 18.588836376507167] 0.401463925355293
[1, 3, 0, 0, 16.914100841663533] 0.400672558737933
[1, 3, 0, 0, 14.516944827639971] 0.399444626327453
[1, 3, 0, 0, 15.427176469341857] 0.399923976520607
[1, 3, 0, 0, 1.3607945118476317] 0.024060043000681
[1, 3, 0, 0, 16.350792295128446] 0.400393868311844
[1, 3, 0, 0, 18.66567206399622] 0.401498841572529
[1, 3, 0, 0, 19.457623776691058] 0.401851397922569
[1, 3, 0, 0, 7.81685876038588] 0.388502388288595
[1, 3, 0, 0, 4.113947740585244] 0.234029815813471
[1, 3, 0, 0, 17.66653347415262] 0.401035168384515
[1, 3, 0, 0, 19.53123763560018] 0.401883475248094
[1, 3, 0, 0, 14.119835948423463] 0.39922961812078
[1, 3, 0, 0, 11.771094914808224] 0.397795788784953
[1, 3, 0, 0, 0.0358340562102355] 1e+100
[1, 3, 0, 0, 0.7285040457247227] 0.005009070274892
[1, 3, 0, 0, 8.324223579907134] 0.39140563166912
[1, 3, 0, 0, 13.722485601085149] 0.399009951423302
[1, 3, 0, 0, 19.2343392034692] 0.401753353634932
[1, 3, 0, 0, 2.2611691846047233] 0.041556178071012
[1, 3, 0, 0, 6.518111251223964] 0.37280014965735
[1, 3, 0, 0, 3.5641444822563573] 0.166571615648116
[1, 3, 0, 0, 12.27022839602056] 0.398140527847748
[1, 3, 0, 0, 1.1803160101392218] 0.005060199299481
[1, 3, 0, 0, 10.653447950104953] 0.396817548993537
[1, 3, 0, 0, 3.1461191200983074] 0.411266572239142
[1, 3, 0, 0, 12.355067591031275] 0.398195840143677
[1, 3, 0, 0, 0.8765367361833643] 0.017488040820477
[1, 3, 0, 0, 14.475372649366316] 0.399422301415671
[1, 3, 0, 0, 9.984091026469152] 0.395962749154891
[1, 3, 0, 0, 0.14177948534177087] 5.929828857133649
[1, 3, 0, 0, 17.100591850945452] 0.400763476630413
[1, 3, 0, 0, 2.3239303160864866] 0.043557347990705
[1, 3, 0, 0, 19.53436885912215] 0.401884836868555
[1, 3, 0, 0, 5.885861174849893] 0.356760388664704
[1, 3, 0, 0, 7.287097638459588] 0.383958923829422
[1, 3, 0, 0, 11.509211979314784] 0.397597891880888
[1, 3, 0, 0, 17.85767124587118] 0.405526916124135
[1, 3, 0, 0, 14.247299334288929] 0.399299086385024
[1, 3, 0, 0, 8.584866578278337] 0.39251514345238
[1, 3, 0, 0, 11.076127107140241] 0.397234075402946
[1, 3, 0, 0, 3.7797369499409306] 0.410431640651273
[1, 3, 0, 0, 5.469479694752046] 0.34078654335424
[1, 3, 0, 0, 0.2615173135726212] 0.096071676188552
[1, 3, 0, 0, 10.264614458575798] 0.396357422101686
[1, 3, 0, 0, 8.843062748948029] 0.393422928674728
[1, 3, 0, 0, 17.91968059196975] 0.405526260722343
[1, 3, 0, 0, 11.326799814805364] 0.397450952118148
[1, 3, 0, 0, 1.1426494851697777] 0.000365419361801
[1, 3, 0, 0, 1.571311850213355] 0.035452844450211
[1, 3, 0, 0, 12.14973971309307] 0.398060515581045
[1, 3, 0, 0, 7.376177281683285] 0.384861797483023
[1, 3, 0, 0, 9.684760319375382] 0.395465223190798
[1, 3, 0, 0, 9.604693164007823] 0.395316057361089
[1, 3, 0, 0, 10.852202497911687] 0.397022510186419
[1, 3, 0, 0, 18.57526008848536] 0.401457742928558
[1, 3, 0, 0, 18.743406018778455] 0.401534038646993
[1, 3, 0, 0, 11.012363817970668] 0.397175703697602
[1, 3, 0, 0, 12.475105663079859] 0.398272783947108
[1, 3, 0, 0, 0.7360311454134716] 0.005831805324185
[1, 3, 0, 0, 0.9870896209731783] 0.015989995425173
[1, 3, 0, 0, 18.874824137341406] 0.401593251415176
[1, 3, 0, 0, 14.618663863558627] 0.399499070880363
[1, 3, 0, 0, 11.043357902252623] 0.397204253123659
[1, 3, 0, 0, 8.266381432296246] 0.391128598663697
[1, 3, 0, 0, 19.366919104127525] 0.401811686591569
[1, 3, 0, 0, 11.269222049021167] 0.397402819629514
[1, 3, 0, 0, 16.96254485492585] 0.400696241298164
[1, 3, 0, 0, 6.81430605067217] 0.377927288577508
[1, 3, 0, 0, 6.940967340086948] 0.379773281043128
[1, 3, 0, 0, 19.403297599077376] 0.401827634735174
[1, 3, 0, 0, 16.780154323623137] 0.40060684084006
[1, 3, 0, 0, 2.3358261377011957] 0.411980132191778
[1, 3, 0, 0, 14.97690029609016] 0.399688994696423
[1, 3, 0, 0, 5.63236341520414] 0.347670367740532
[1, 3, 0, 0, 16.059826020531183] 0.400247566845181
[1, 3, 0, 0, 0.25464308785772216] 0.119555403558103
[1, 3, 0, 0, 9.652412027954547] 0.395405853856575
[1, 3, 0, 0, 4.481631229923561] 0.274138465673557
[1, 3, 0, 0, 16.24998642346495] 0.400343360903374
[1, 3, 0, 0, 12.052460037659545] 0.397994550773278
[1, 3, 0, 0, 2.2139280362497193] 0.040346285363522
[1, 3, 0, 0, 5.845271781459953] 0.355425671758795
[1, 3, 0, 0, 17.374313804370665] 0.400895681573875
[1, 3, 0, 0, 12.736755810838785] 0.398435824008182
[1, 3, 0, 0, 18.12262285161501] 0.405524255397199
[1, 3, 0, 0, 14.886535140508464] 0.399641338731256
[1, 3, 0, 0, 5.170905448879022] 0.325636952897536
[1, 3, 0, 0, 8.623225541745324] 0.39266101700899
[1, 3, 0, 0, 18.17450517087447] 0.401273469224616
[1, 3, 0, 0, 12.087385132583996] 0.39801838128272
[1, 3, 0, 0, 11.604652702734162] 0.397671652273698
[1, 3, 0, 0, 7.095918767770943] 0.381790743672069
[1, 3, 0, 0, 5.906397361000382] 0.357419425372118
[1, 3, 0, 0, 16.005640194086002] 0.40022014840504
[1, 3, 0, 0, 1.4050674173997213] 0.027418155939127
[1, 3, 0, 0, 5.7201313651433905] 0.351027395643608
[1, 3, 0, 0, 8.255574633075506] 0.391075505853468
[1, 3, 0, 0, 18.484410747948374] 0.401416271251773
[1, 3, 0, 0, 5.062165181517964] 0.319186504487874
[1, 3, 0, 0, 14.104356137017326] 0.399221151578804
[1, 3, 0, 0, 9.500720721214142] 0.395110745064162
[1, 3, 0, 0, 16.29606464618236] 0.400366471141549
[1, 3, 0, 0, 10.15362736953627] 0.396208488267961
[1, 3, 0, 0, 0.09498065088971108] 132.81755986217343
[1, 3, 0, 0, 11.136479415665168] 0.397288065940224
[1, 3, 0, 0, 3.372569632888238] 0.149459635750975
[1, 3, 0, 0, 4.405798980838458] 0.266697469036006
[1, 3, 0, 0, 0.6549004726647323] 0.002881296950005
[1, 3, 0, 0, 15.330538564915097] 0.39987387871258
[1, 3, 0, 0, 18.82566526501519] 0.401571145003905
[1, 3, 0, 0, 19.046382467364865] 0.401669996735071
[1, 3, 0, 0, 5.740066091204636] 0.351757711748366
[1, 3, 0, 0, 13.965587192515363] 0.399144939080485
[1, 3, 0, 0, 17.16708625719515] 0.400795729114328
[1, 3, 0, 0, 8.510143334017295] 0.392218706501768
[1, 3, 0, 0, 6.515912140828775] 0.372757323297047
[1, 3, 0, 0, 13.659452491942288] 0.398974615508219
[1, 3, 0, 0, 3.229665874773928] 0.411174841965089
[1, 3, 0, 0, 4.689247191162151] 0.292527722650942
[1, 3, 0, 0, 12.704625899551637] 0.398416114937302
[1, 3, 0, 0, 19.139086541184408] 0.401711205617107
[1, 3, 0, 0, 0.43441372739046136] 0.013632189816755
[1, 3, 0, 0, 7.533982206298171] 0.386312748083323
[1, 3, 0, 0, 4.08437420998948] 0.230338854403987
[1, 3, 0, 0, 0.32919457195591084] 0.008013954399477
[1, 3, 0, 0, 8.17679512088281] 0.39067486131617
[1, 3, 0, 0, 9.957852054022169] 0.395922565799181
[1, 3, 0, 0, 5.082801851109817] 0.32045255334267
[1, 3, 0, 0, 13.517045259226201] 0.398894220671981
[1, 3, 0, 0, 11.835839976972167] 0.397842676080409
[1, 3, 0, 0, 6.309772258411721] 0.368386163951557
[1, 3, 0, 0, 8.684056408006303] 0.392884162877573
[1, 3, 0, 0, 12.165921098339199] 0.398071366171193
[1, 3, 0, 0, 8.93403665482091] 0.393704576299248
[1, 3, 0, 0, 11.641506337010961] 0.397699611964098
[1, 3, 0, 0, 1.591043021241949] 0.035987800187617
[1, 3, 0, 0, 8.805653017139557] 0.3933016399493
[1, 3, 0, 0, 19.90555539309279] 0.402044800452634
[1, 3, 0, 0, 8.96581545781178] 0.393798786204645
[1, 3, 0, 0, 18.14437206925513] 0.405524052624557
[1, 3, 0, 0, 13.835294228515139] 0.399072836366668
[1, 3, 0, 0, 17.33077866628057] 0.400874754030843
[1, 3, 0, 0, 5.01759806243395] 0.316382994211121
[1, 3, 0, 0, 12.806421975918399] 0.39847828605068
[1, 3, 0, 0, 1.0580686103898262] 0.009733826021901
[1, 3, 0, 0, 4.212781850149431] 0.245842213629553
[1, 3, 0, 0, 6.165959493890076] 0.364877092728499
[1, 3, 0, 0, 10.134166270306695] 0.396181441310201
[1, 3, 0, 0, 14.554556226042774] 0.399464783364259
[1, 3, 0, 0, 16.191330758135475] 0.40031388594932
[1, 3, 0, 0, 16.185405416180092] 0.400310904904731
[1, 3, 0, 0, 15.647367119496042] 0.400037476563346
[1, 3, 0, 0, 0.153731670313757] 3.411778436670532
[1, 3, 0, 0, 10.513072946039248] 0.396661377203606
[1, 3, 0, 0, 13.564353580545836] 0.398921017888605
[1, 3, 0, 0, 18.884032318149004] 0.401597386552464
[1, 3, 0, 0, 11.471187337962638] 0.397567933087731
[1, 3, 0, 0, 9.514923914146836] 0.395139603791642
[1, 3, 0, 0, 10.375154607655624] 0.3964973593536
[1, 3, 0, 0, 5.756957582850228] 0.352367557880514
[1, 3, 0, 0, 0.16135526903963582] 2.41071318141249
[1, 3, 0, 0, 5.258315104387465] 0.330442885698115
[1, 3, 0, 0, 12.391082774092562] 0.398219082039865
[1, 3, 0, 0, 11.280230075433195] 0.397412103600206
[1, 3, 0, 0, 6.755898639728757] 0.377010638033616
[1, 3, 0, 0, 12.469871437005875] 0.398269459175674
[1, 3, 0, 0, 1.5154388409451092] 0.033496347696036
[1, 3, 0, 0, 7.422066814253901] 0.385302582908775
[1, 3, 0, 0, 7.104001090778144] 0.381889263160338
[1, 3, 0, 0, 16.328623230812127] 0.400382776986768
[1, 3, 0, 0, 6.2694237241306805] 0.367442258894461
[1, 3, 0, 0, 6.04501092425068] 0.361594770334897
[1, 3, 0, 0, 16.15685793050374] 0.400296533631367
[1, 3, 0, 0, 0.3089332838981651] 0.002727931320503
[1, 3, 0, 0, 18.12461044649747] 0.405524236796121
[1, 3, 0, 0, 19.46654986867567] 0.401855294845143
[1, 3, 0, 0, 1.6597761613051154] 0.037304631871244
[1, 3, 0, 0, 10.1173804746787] 0.396157879654937
[1, 3, 0, 0, 2.53914878086132] 0.053443240032223
[1, 3, 0, 0, 0.5573819786934076] 0.011003954906577
[1, 3, 0, 0, 7.278990435943844] 0.383873533274216
[1, 3, 0, 0, 6.9999920277635885] 0.380571445196821
[1, 3, 0, 0, 1.9042421702387369] 0.037921469556134
[1, 3, 0, 0, 3.540930307803447] 0.164622348562055
[1, 3, 0, 0, 3.598961115068635] 0.169438131813497
[1, 3, 0, 0, 0.8827401648694866] 0.017706393757696
[1, 3, 0, 0, 17.246202078782737] 0.400833989792767
[1, 3, 0, 0, 6.323044587911006] 0.368690023459065
[1, 3, 0, 0, 16.380771184394366] 0.40040885232934
[1, 3, 0, 0, 18.97887238410474] 0.401639871487054
[1, 3, 0, 0, 5.180753439100984] 0.32619483504664
[1, 3, 0, 0, 9.856157325884798] 0.395760913724374
[1, 3, 0, 0, 0.86037989376053] 0.016763361827993
[1, 3, 0, 0, 12.092034834082934] 0.398021541204059
[1, 3, 0, 0, 13.9851653498879] 0.399155726605116
[1, 3, 0, 0, 1.335737764666356] 0.021915834363608
[1, 3, 0, 0, 11.172222211601335] 0.397319489868286
[1, 3, 0, 0, 6.414322339855927] 0.407474476098155
[1, 3, 0, 0, 18.749701046089463] 0.401536883353152
[1, 3, 0, 0, 10.305177328204921] 0.396409702183259
[1, 3, 0, 0, 0.021948065513603954] 434363555572839.0
[1, 3, 0, 0, 0.042564081473484006] 765469857891724.0
[1, 3, 0, 0, 9.431861227984108] 0.394967013122804
[1, 3, 0, 0, 8.230450270877377] 0.390950323870566
[1, 3, 0, 0, 6.884206519422671] 0.378969205275797
[1, 3, 0, 0, 8.836912671210541] 0.3934032175493
[1, 3, 0, 0, 4.679982658160844] 0.291765685741706
[1, 3, 0, 0, 3.238862530153266] 0.135960454137995
[1, 3, 0, 0, 11.055449123701301] 0.39721529977579
[1, 3, 0, 0, 1.282631366757001] 0.016798761468143
[1, 3, 0, 0, 9.168733686181522] 0.394353253024225
[1, 3, 0, 0, 4.866838761760334] 0.306160650992949
[1, 3, 0, 0, 8.28134462132601] 0.391201439171953
[1, 3, 0, 0, 10.387895537579872] 0.396512986207753
[1, 3, 0, 0, 1.7343937860074554] 0.037962011381447
[1, 3, 0, 0, 12.695185551726683] 0.398410308498001
[1, 3, 0, 0, 5.38900289720067] 0.33704479362816
[1, 3, 0, 0, 0.764098832439557] 0.008832633796184
[1, 3, 0, 0, 2.2533894328553505] 0.412293129657107
