[1, 2, 9.987186266576504, 20.378365577748244, 1] 0.103406563079983
[1, 2, 37.54188420702391, 25.81713342007589, 1] 1987.2976452061782
[1, 2, 34.95613194914716, 43.97373926176431, 1] 5.730233088688928
[1, 2, 20.989847640964893, 18.486380399395742, 1] 0.271820652879199
[1, 2, 42.8682259703495, 17.342559467121315, 1] 0.23473812495173
[1, 2, 18.51024846545749, 1.8927437877444175, 1] 0.008975475724117
[1, 2, 3.767019852063842, 24.694891292861467, 1] 0.719545612685925
[1, 2, 0.3409762986917817, 40.18807940374351, 1] 10.86495029309691
[1, 2, 7.605267378023612, 34.34942423065526, 1] 0.48252963438916
[1, 2, 3.1897354270262532, 12.92225283004313, 1] 0.068373063795471
[1, 2, 6.365560045844805, 42.9268259811659, 1] 4.544880618128135
[1, 2, 0.8899751996770409, 20.959144326461562, 1] 2.015011369667367
[1, 2, 17.627019600322686, 11.879911160339125, 1] 0.239692366551707
[1, 2, 13.22273947501092, 4.556512555855914, 1] 0.009770196166771
[1, 2, 21.271854121520956, 21.2408448406472, 1] 0.265028691620711
[1, 2, 3.085992619867773, 11.142591522633023, 1] 0.028164966690376
[1, 2, 22.118166884924978, 36.59861752008247, 1] 158.43709338049845
[1, 2, 29.218706759887176, 48.11247212206097, 1] 4.935631550871015
[1, 2, 27.924406966348933, 6.706027087224992, 1] 0.00666871351181
[1, 2, 8.621473597475156, 20.927238920929824, 1] 0.065889778074475
[1, 2, 35.76955101505222, 7.654076416053341, 1] 0.235794514064725
[1, 2, 7.14387583848557, 48.83819193901928, 1] 0.307787539632635
[1, 2, 14.500307068330683, 17.370064888767228, 1] 0.466997469048851
[1, 2, 26.876056336942177, 21.299658341293892, 1] 0.190283187378135
[1, 2, 44.76813007229403, 44.066644184239664, 1] 0.206144927716983
[1, 2, 2.102805408076587, 27.133282174006514, 1] 0.274716572723018
[1, 2, 45.9435038445967, 46.407203529599066, 1] 0.303049384487285
[1, 2, 36.119611002210696, 37.51035152204965, 1] 134.50672846289052
[1, 2, 15.89656973558425, 18.0469621415569, 1] 0.326647381130126
[1, 2, 44.46463906684097, 0.44381600865064463, 1] 0.01778129135728
[1, 2, 11.594642187352246, 22.25983217687054, 1] 1.051427906105918
[1, 2, 17.00434471453583, 25.89822792137174, 1] 0.027953748602482
[1, 2, 3.4821856532641817, 36.254948905555615, 1] 10.375880708265367
[1, 2, 23.3244936247991, 8.547953458411163, 1] 0.009892795186833
[1, 2, 8.35363950786493, 41.99956555360666, 1] 1.5208258095878
[1, 2, 41.74223227424088, 6.2872084389507314, 1] 0.054557794303985
[1, 2, 27.73489008100757, 4.401371373493403, 1] 0.024650287699134
[1, 2, 6.558580576038221, 46.833370381697435, 1] 3.821418915751256
[1, 2, 32.55683707943067, 39.31582774995238, 1] 162.6434869349389
[1, 2, 2.344777019454004, 43.5575797172776, 1] 8.275252211422004
[1, 2, 23.731959562274934, 20.70012093087172, 1] 0.24554993841494
[1, 2, 35.108206262965815, 26.109142967025292, 1] 0.13634564146716
[1, 2, -0.9368468731433368, 18.253243601935683, 1] 30.390901834644282
[1, 2, 31.571670130658696, 35.4636111382147, 1] 4.914409429194768
[1, 2, 47.735749409570346, 46.50622809480973, 1] 0.084434531088806
[1, 2, 12.775277696798922, 20.6884364612705, 1] 0.021944495731927
[1, 2, 10.06610626514229, 28.9723933343797, 1] 0.006843819438531
[1, 2, 46.52211540597889, 15.2615640261686, 1] 0.029295104686477
[1, 2, 12.556697471490564, 22.656145118015694, 1] 1.298139102223003
[1, 2, 29.125783062620638, 31.080827822459746, 1] 64.76725384729876
[1, 2, 15.451128224606578, 17.906012992956576, 1] 0.345976611564894
[1, 2, 14.804058749426359, 24.298635172115112, 1] 0.01893314148544
[1, 2, 38.642350174181225, 1.5442322639132042, 1] 0.042891991036401
[1, 2, 12.888569015250003, 0.7538697641806378, 1] 0.020515935165916
[1, 2, 36.142384184656095, 9.709085958943316, 1] 0.024247800338384
[1, 2, 39.03967724033104, 17.69898954916309, 1] 1.392785228211167
[1, 2, 7.33580604758215, 20.2645963291685, 1] 0.09269698417464
[1, 2, 17.301437011094045, 48.76096139152772, 1] 0.092480059587052
[1, 2, 10.178120765482507, 13.281610371807623, 1] 0.46895369259366
[1, 2, -0.11100620348980983, 5.935062359724925, 1] 0.087876254962586
[1, 2, 44.90967408372262, 29.577437200549777, 1] 0.273222468212027
[1, 2, 5.733892589988388, 9.824504634006216, 1] 0.477097170236649
[1, 2, 35.39224904705563, 8.544457003077655, 1] 27.51423710660155
[1, 2, 41.50270989312844, 11.539244965874275, 1] 0.034519346541211
[1, 2, 39.61230364734434, 30.437990823982435, 1] 13.545222892523373
[1, 2, 44.456350355621055, 48.939362641579685, 1] 147.64454756246906
[1, 2, 23.454879779636762, 34.64978271142612, 1] 74.47676948082581
[1, 2, 43.20189240611062, 40.13719625673484, 1] 0.34206234451108
[1, 2, 39.695472322699025, 38.34680689118718, 1] 3673.8221047116003
[1, 2, 46.962802692363816, 4.991418140408983, 1] 0.048487207248463
[1, 2, 36.527726871584306, 2.3797657272023383, 1] 0.050730529329255
[1, 2, 22.297336823839238, 48.04136569389274, 1] 776.3751500271268
[1, 2, 47.4820926767091, 19.61272084181962, 1] 0.006431372542233
[1, 2, 45.13079156478058, 26.46136900476642, 1] 0.459667254956081
[1, 2, 11.75328261034515, 27.702069824563097, 1] 0.090966579084402
[1, 2, 29.559986514548402, 34.612269030404384, 1] 7.878468531524279
[1, 2, 38.46727336883543, 0.7647479713434611, 1] 0.037030320312871
[1, 2, 21.14667788391662, -0.510412938543602, 1] 0.035901238148285
[1, 2, 6.531578594403266, 22.267239836252763, 1] 0.15083643419948
[1, 2, 10.118579566473324, 19.360118020277074, 1] 1.771132289818148
[1, 2, 13.362099794223637, 35.9636979006071, 1] 0.037328979664573
[1, 2, 44.38174463364129, 0.9119111907351716, 1] 0.023156035590772
[1, 2, 21.17225981130998, 6.456245993911309, 1] 0.002235671453176
[1, 2, 43.324313116696764, 18.2633440368556, 1] 0.020746534889918
[1, 2, 29.013065847022023, 26.188907948858226, 1] 0.238004405183842
[1, 2, 3.7752121633279074, 20.56175989890505, 1] 0.479368801645339
[1, 2, 33.13995573543112, 33.39069592374525, 1] 1.27367374425214
[1, 2, 28.839653816523587, 15.641310800987142, 1] 0.082724765943773
[1, 2, 34.95000468357123, 4.886655412814074, 1] 0.049440288255915
[1, 2, 9.796274261013805, 42.23426201913932, 1] 1.965885794534759
[1, 2, 19.774780934749614, 26.09487803348873, 1] 0.480984115458523
[1, 2, 45.490451012214486, 13.659401105610037, 1] 0.931444258018001
[1, 2, 3.1884790031313734, 36.418123949370205, 1] 10.070442769481192
[1, 2, 34.20568937599201, 16.704544030537456, 1] 0.429189119422934
[1, 2, 36.39091507449326, 4.984560470741441, 1] 0.051607384837311
[1, 2, 22.511274311615114, 31.87866907173536, 1] 42.173647754865875
[1, 2, 14.975260463076363, 28.44818025768657, 1] 3.754689622252102
[1, 2, 26.80862887462041, 31.956092805252197, 1] 46.128162156429376
[1, 2, 44.36907022550321, 26.183636151953433, 1] 0.312229573264191
[1, 2, 45.988184106123015, 48.121258792085584, 1] 1401.2676871219364
[1, 2, 21.806468101738464, 10.05955426360895, 1] 0.12172405568677
[1, 2, 26.801124239833854, 41.42996725184746, 1] 5756.2624596104515
[1, 2, 9.515575777493524, 8.90608891373499, 1] 0.468432345499036
[1, 2, 47.062177909368685, 12.49156597150728, 1] 0.046760218910112
[1, 2, -0.8714579469857755, 7.240469034713266, 1] 13.66427462703977
[1, 2, 45.18501800705199, 33.689167184651446, 1] 986.5612226713727
[1, 2, 15.553031022522703, 1.4105998277439031, 1] 0.017653138332922
[1, 2, 9.545636360136108, 38.81290654983026, 1] 1.954368764463271
[1, 2, 15.39124367169159, 48.47697589393958, 1] 2.921867137580245
[1, 2, 21.190559179920765, 4.630482872808463, 1] 0.008587437551944
[1, 2, 6.4763078787019985, 47.82054919043699, 1] 0.490661373497767
[1, 2, 8.97928173897688, 1.5999577903079385, 1] 0.000700106050994
[1, 2, 27.20850471582042, 4.12428621553469, 1] 0.024173414907766
[1, 2, 23.573572899664526, 1.464225795582542, 1] 0.028932345549719
[1, 2, 20.413279207717515, 5.487846517588785, 1] 0.007115398020406
[1, 2, 19.608368653519825, 48.9059164956862, 1] 289.5289650948428
[1, 2, 9.371836254803412, 35.162883254762875, 1] 2.40324108588439
[1, 2, 9.303137039004639, 25.759211500118052, 1] 0.115346964909374
[1, 2, 8.086378503107056, 33.51282543582733, 1] 0.484255519595142
[1, 2, 36.57994030702066, 36.64789468394267, 1] 3548.7926323366173
[1, 2, 15.944624376398437, 15.863913474359915, 1] 0.191526756182408
[1, 2, 34.790020134347, 23.460122802993574, 1] 0.096013978088728
[1, 2, 20.02164981013035, 33.02990309038488, 1] 0.021750362778252
[1, 2, -0.8133009730436171, 43.21033178648943, 1] 132.90187997040437
[1, 2, 19.9668421147154, 4.017793894617972, 1] 0.010517420248826
[1, 2, 37.18737325751112, 3.554549257430912, 1] 0.05303272057013
[1, 2, 40.2992676607077, 10.89185223174144, 1] 0.134566911905861
[1, 2, 27.43829527398033, 45.32254297715649, 1] 6.486733229745772
[1, 2, 46.594600772281154, 23.18103450601746, 1] 0.411644538651156
[1, 2, 28.273801959105423, 6.693462134670953, 1] 0.008397404976984
[1, 2, 25.573761325095752, 8.857127032224538, 1] 0.587544666414526
[1, 2, 42.73711515155087, 4.951054562925517, 1] 0.052989670341212
[1, 2, 23.423630492929327, 26.213505735438893, 1] 0.466178960209095
[1, 2, 19.47673411870771, 12.237330694867955, 1] 0.061911261674676
[1, 2, 45.38450971705616, 15.841389917258017, 1] 0.726622968441391
[1, 2, 37.782483917524985, 18.80077661110035, 1] 0.045034506161438
[1, 2, 21.501016420793373, 1.8178363609875468, 1] 0.010222095447422
[1, 2, 18.336285446149343, 23.97375969774931, 1] 0.723275192441883
[1, 2, 28.009344413770084, 30.099072539511802, 1] 61.67339207391453
[1, 2, 7.016195416588911, 15.129065913261758, 1] 0.482063772978783
[1, 2, 15.274506575830966, 0.031572534854385825, 1] 0.014494295910298
[1, 2, 46.485312604656265, 38.50155227989936, 1] 1830.5263671650957
[1, 2, 1.3622954327221892, 16.237450971678843, 1] 0.542803973974449
[1, 2, 12.159218092353054, 24.64093800082342, 1] 0.038672609475758
[1, 2, 42.80552588536263, 2.012087134962421, 1] 0.037387463458521
[1, 2, 7.143027589283797, 35.89269978460189, 1] 0.965960514095898
[1, 2, 8.20431962319892, 0.061985188948655345, 1] 0.005878071178971
[1, 2, 4.938392878583415, 27.634644997835295, 1] 0.669236789252749
[1, 2, 5.837344286156427, 22.548102095675432, 1] 0.477273562377612
[1, 2, 30.17316652617409, 38.3409227327483, 1] 146.91265467481074
[1, 2, 32.803094111874785, 21.726598148640175, 1] 2.961474617720031
[1, 2, 33.57619377954288, 22.01165298525995, 1] 0.068738587471521
[1, 2, 23.341172025954766, 14.38646116493177, 1] 0.152562974761782
[1, 2, 26.57087464793736, 43.34777269508504, 1] 1113.0353116136298
[1, 2, 34.51787985557679, 3.1097098020078775, 1] 0.052559810541816
[1, 2, 43.16517954204391, 7.331001661199149, 1] 48.8379354834338
[1, 2, 48.905708283584566, 16.71050473949674, 1] 7.862892956969677
[1, 2, 32.68890561278724, 45.83177237519675, 1] 497.9892280614693
[1, 2, 22.150226557411163, 14.405537365559585, 1] 0.07257580053103
[1, 2, 3.592857580720783, 32.186527309872595, 1] 11.048580304027945
[1, 2, 5.947977467838484, 43.39492747982976, 1] 5.05264299816327
[1, 2, 44.079025440126976, 30.07241111145821, 1] 4731.762666166385
[1, 2, 16.14953913793473, -0.70625941882027, 1] 0.002594517734257
[1, 2, 26.094631237268313, 35.06932063426424, 1] 80.25003792393076
[1, 2, 31.24256552678429, 1.9648450632845993, 1] 0.051383457440211
[1, 2, 30.469176209044704, 5.513608349089811, 1] 0.02972964973592
[1, 2, 41.035835785225466, 20.456888714266803, 1] 0.422726340700887
[1, 2, 22.184060115538465, 19.77123939707936, 1] 1.148225563942092
[1, 2, 31.254719474908065, 41.353210025429206, 1] 1.171872099049943
[1, 2, 30.167349739981404, 24.118640846228057, 1] 0.170939172294634
[1, 2, 33.35386427317757, 13.955064056347272, 1] 0.021332720557742
[1, 2, 39.20804286962526, 38.11616714640753, 1] 3392.4923709269406
[1, 2, 3.4967811830994524, 18.860628375652915, 1] 0.460890534558978
[1, 2, 43.73771558560642, 36.50980941649576, 1] 1537.7319666422236
[1, 2, 12.815807137041741, 15.68721466750679, 1] 0.46752066907783
[1, 2, 8.949145818775968, 34.8708988347787, 1] 0.483771427467439
[1, 2, 14.355034499072417, 20.925560083166996, 1] 0.905669341671604
[1, 2, 3.3139699797205724, 24.23671146369228, 1] 0.872170567220123
[1, 2, 37.70599661530478, 0.9302977940138466, 1] 0.040275940886654
[1, 2, 29.728934503352885, 11.697752360964875, 1] 0.01494515837552
[1, 2, 43.190809948553806, 25.305317399767947, 1] 0.034584978703496
[1, 2, 23.996177454993322, 42.60257733971473, 1] 204.10132614241186
[1, 2, 48.050266773627996, 7.132916776844972, 1] 0.05449082360987
[1, 2, 22.26715556644142, 4.189158297158864, 1] 0.00399613883308
[1, 2, 7.344706288381005, 32.501715087925184, 1] 2.243969355862041
[1, 2, 33.36847050045892, 30.481076796234692, 1] 2.237499639186067
[1, 2, 31.762552244735197, 40.620514904005354, 1] 162.23967671077753
[1, 2, 22.914859543751888, 46.088106004880544, 1] 0.090696449290698
[1, 2, 13.789866434825177, 11.743882522063215, 1] 0.09668316486038
[1, 2, 22.988545786969556, 44.858935816323296, 1] 8.098907448304653
[1, 2, 35.99504543280031, 15.6195386565104, 1] 0.025565018623698
[1, 2, 3.7741172701944166, 40.93875644471498, 1] 9.929892799194924
[1, 2, 36.95710040891326, 21.74227496153966, 1] 0.46554567247533
[1, 2, 12.484880163313944, 36.147163988177425, 1] 0.04978461582704
[1, 2, 37.112234887591825, 46.459501418410454, 1] 104.27455358751001
[1, 2, 34.88300418265894, 29.77413123642268, 1] 1725.4426402549623
[1, 2, 36.33991626759618, 19.66635234938252, 1] 0.043983093123985
[1, 2, 23.565844681222003, 10.976956058767446, 1] 0.033155832140658
[1, 2, 22.09224083848978, 18.667773786046393, 1] 0.249398156363002
[1, 2, 33.83204623936906, 30.79225022496441, 1] 0.979967744003612
[1, 2, 13.803216549886889, 22.021824546762453, 1] 0.022331015334354
[1, 2, 30.963793530574662, 10.115165455828851, 1] 0.045534849248704
[1, 2, 17.02143754399322, 33.98955922893225, 1] 5.413799789971677
[1, 2, 24.435679369538285, 15.255871987558368, 1] 0.145114917656658
[1, 2, 1.1625814921659883, 21.23380831040628, 1] 0.195952113744896
[1, 2, 39.09843078121912, 34.19913672331384, 1] 452.85959135843217
[1, 2, 8.918376574594745, 47.71360860177466, 1] 0.227147562550948
[1, 2, 36.15174523471331, 9.126653794600799, 1] 0.028717695878161
[1, 2, 3.1992879040048114, 16.546070763665224, 1] 0.203592544934696
[1, 2, 13.838526364584858, 0.6571107412375274, 1] 0.020411727852721
[1, 2, 28.689100673003278, 23.85249604645354, 1] 0.17657707797618
[1, 2, 11.901178644966855, 16.862471547322016, 1] 0.050296464790266
[1, 2, 32.950177152017766, 7.501649689068309, 1] 0.02596402640973
[1, 2, 3.235758624371444, 21.202360641341407, 1] 0.081373196579936
[1, 2, 41.822071467568286, 24.64867893777101, 1] 0.039630199870105
[1, 2, 11.220166895482487, 25.235050131075926, 1] 5.484179695438033
[1, 2, 16.296700372747637, 20.923402763583766, 1] 0.593617606126797
[1, 2, 36.381612666920184, 28.45035630193545, 1] 150.05300584883062
[1, 2, 1.4222292477294904, 38.09735971235137, 1] 8.242224009201152
[1, 2, 19.131156427387904, 19.44218262245701, 1] 0.254035752162678
[1, 2, 47.82968842033309, 12.346268180451581, 1] 0.049034054696844
[1, 2, 0.2663505646306139, 36.196874877184825, 1] 10.128049433108707
[1, 2, 33.952125748347356, 11.323238706928091, 1] 0.006549755599246
[1, 2, 30.40311888139099, 29.34162026942928, 1] 2729.4979803728456
[1, 2, 37.122283910293476, 48.07618766966026, 1] 121.86193677087802
[1, 2, 23.821469812968573, 14.436745122855234, 1] 0.144241516897303
[1, 2, 31.91482714526483, 43.27304986225767, 1] 127.12255668577812
[1, 2, 2.7319794523344663, 21.626544617238103, 1] 11.700561799664392
[1, 2, 45.07352405470878, 15.604434919580374, 1] 0.020932202655337
[1, 2, 26.03928852276491, 12.577090123310265, 1] 0.086269087806279
[1, 2, 5.513383904864684, 12.599513360313487, 1] 0.476819248739369
[1, 2, 26.097481118080275, 11.795579104052395, 1] 0.43272496744339
[1, 2, 29.19673242369344, 29.014573444000664, 1] 579.8297610758038
[1, 2, 37.914569719461696, 8.036584501553268, 1] 2.004155169392464
[1, 2, 13.464771253458597, 22.418041374821875, 1] 0.017123215261875
[1, 2, 48.600797100786906, 8.464923061356972, 1] 0.05607516650043
[1, 2, 28.010958390220914, 21.16171843536629, 1] 0.390669425395693
[1, 2, 2.4682680457522927, 46.94375031735659, 1] 7.856544659377171
[1, 2, 38.16128692207992, 32.475403729790045, 1] 1.424556658491811
[1, 2, 15.67695573675504, 27.78860177100611, 1] 0.010288836939675
[1, 2, 42.75316491620897, 35.63817971162557, 1] 2121.0175948173223
[1, 2, 39.56314913813302, 12.352075794068579, 1] 0.020399999457538
[1, 2, 46.14123294355325, 17.449830494869325, 1] 0.570596034406095
[1, 2, 26.244155957453962, 47.186954218721034, 1] 479.1053456316318
[1, 2, 46.837701113146615, 29.682637926898952, 1] 1915.7791582768252
[1, 2, 33.88258171020362, 0.8944240649315547, 1] 0.047717206393062
[1, 2, 12.588961283493244, 3.4915208458604914, 1] 0.001280375588675
[1, 2, 11.33527171109683, 21.68020193398097, 1] 1.844850215969871
[1, 2, 17.191887963734217, 42.100229116859026, 1] 0.484106223224525
[1, 2, 31.352624873810413, 16.284155676074274, 1] 0.060897993401474
[1, 2, 6.631714855622302, 40.096821970654865, 1] 0.205073343105264
[1, 2, 47.75598665466729, 10.336280043381459, 1] 0.054435167367677
[1, 2, 46.481649425353304, 1.0720413241254065, 1] 0.019426641444526
[1, 2, 35.13036098676447, 46.73092749565269, 1] 4.917385866644592
[1, 2, 0.4896980716613495, 12.468989118884656, 1] 0.341684176233959
[1, 2, 2.652844917091408, 0.3069914645377212, 1] 0.015462664354122
[1, 2, 32.37819819841857, 46.61635868939791, 1] 12621.61270331711
[1, 2, 10.793107409608611, -0.6224993202937226, 1] 0.022993493254536
[1, 2, 33.40961700098672, 45.683049491567736, 1] 190.54445421913502
[1, 2, 38.292490750194844, 22.67510587362396, 1] 0.05225399328883
[1, 2, 31.854406860204904, 48.36800198052468, 1] 15610.713999164462
[1, 2, 23.044521396241116, 38.99676919448918, 1] 798.1972087922032
[1, 2, 26.299158224486007, 9.665254756780286, 1] 0.841877342160615
[1, 2, 32.38259726980236, 13.491174427253629, 1] 0.337627546497544
[1, 2, 21.270044812726447, 42.851336322638275, 1] 2101.0218665527423
[1, 2, 36.04933148459529, 37.57236074992966, 1] 159.0522019509697
[1, 2, 38.65489728598908, 43.49124679617534, 1] 176.85032534664768
[1, 2, 18.086488820508702, 27.309789395762664, 1] 1.258193466739899
[1, 2, 17.93159630735437, 32.69319008830776, 1] 0.009591242098962
[1, 2, 43.32281490846793, 40.454793197584934, 1] 3854.5046088225313
[1, 2, 36.43176404728974, 17.671581086539618, 1] 0.041134483958077
[1, 2, 24.433072115925594, 47.74032777880161, 1] 6.058241794067982
[1, 2, 36.42389557134806, 33.54507918438768, 1] 1309.6434974132644
[1, 2, 43.765504896759886, 5.066173044861895, 1] 0.052483304822281
[1, 2, 8.846900074310255, 3.147635798038624, 1] 0.010876210520778
[1, 2, 18.01220931394521, 33.57999521444384, 1] 95.49013113260499
[1, 2, 40.56361213806357, 48.87755859170075, 1] 141.9967488851119
[1, 2, 4.540417820684452, 20.16494548150164, 1] 0.2559051682223
[1, 2, 9.010312382728376, 14.468854427068162, 1] 0.034050489876769
[1, 2, 35.82795078090827, 37.37933411171691, 1] 0.133903477398118
[1, 2, 45.05977618651183, 34.92236910654948, 1] 352.56884733582893
[1, 2, 24.858625848058104, 43.48364268653304, 1] 0.49924660164662
[1, 2, 15.608283450550847, 6.500628812542153, 1] 0.020619252665876
[1, 2, 39.74714158642141, 17.63393273572101, 1] 0.028304355576065
[1, 2, 14.48866140485901, 15.793184442335612, 1] 0.466253349965815
[1, 2, 29.95801789947497, 8.6389006880583, 1] 0.004447326674672
[1, 2, 15.789608866520844, 39.98910485035488, 1] 0.046213678771408
[1, 2, 5.129218342354226, 3.405952456171491, 1] 0.025149331907636
[1, 2, 11.488078036918221, 25.082580375484216, 1] 5.110630473043951
[1, 2, 36.077860643273134, 36.11456903066042, 1] 4353.689437340657
[1, 2, 34.01461969731763, 20.34616978804989, 1] 0.072771214268874
[1, 2, 40.86719882204336, 24.2365370618442, 1] 0.043749137298173
[1, 2, 20.942800775349596, 46.929790987150305, 1] 2460.002538390765
[1, 2, 10.164481558165102, 28.634504887012614, 1] 0.136062280156018
[1, 2, 37.26457042534988, 8.309536809246833, 1] 0.038942920688595
[1, 2, 44.557075994863226, 14.399376639671791, 1] 0.027225011304378
[1, 2, 4.879720434678958, 39.64950494304252, 1] 0.348939550525976
[1, 2, 7.1954466035457525, 7.553775913268241, 1] 0.081894926493372
[1, 2, 14.053096140795297, 17.103977188616593, 1] 0.382577209389316
[1, 2, 37.15609654437373, 7.909188634274567, 1] 0.040946021566244
[1, 2, 20.772552769594927, 16.602358646566362, 1] 0.11980473881123
[1, 2, 5.125028302099434, 4.301916941564194, 1] 0.470524933657127
[1, 2, 44.621965474337976, 13.58172232666003, 1] 0.033247549413751
[1, 2, 48.92186344873099, 37.63200484876172, 1] 1152.4855781030585
[1, 2, 20.980749842734614, 21.453049071757363, 1] 0.287415923257009
[1, 2, 35.696240329753934, 21.724001467762022, 1] 0.469846830719316
[1, 2, 43.198255613361766, 45.247555652555725, 1] 0.207954512137738
[1, 2, 21.557169227362124, 7.7812149852769465, 1] 0.105974027268283
[1, 2, 14.564396735318093, 47.01829836383379, 1] 2.250160276071788
[1, 2, 5.734710116525655, 25.03227837657641, 1] 0.010991366249313
[1, 2, 33.32395285194781, 14.541938592440696, 1] 0.02669856736909
[1, 2, 17.172266067158276, 2.191248011235653, 1] 0.014808723259227
[1, 2, 45.200384318488084, 8.928953336569712, 1] 0.05422105407357
[1, 2, 34.27947025117504, -0.19296864317763696, 1] 0.038992900970312
[1, 2, 10.717818852089906, 28.86632965364918, 1] 0.105141412857619
[1, 2, 2.1753756273849634, 18.147237800968593, 1] 0.503690325714927
[1, 2, 31.255163460334025, 24.320444827568295, 1] 0.15573630945973
[1, 2, 35.72076074900561, 23.728622471041966, 1] 0.087975777690021
[1, 2, 21.767008048208865, 33.98019129927811, 1] 202.39575043377968
[1, 2, 8.442788277817737, 35.5772399821785, 1] 0.484774885575839
[1, 2, 21.495532713448398, 40.30907676881835, 1] 0.271780502576773
[1, 2, 29.89299504325067, 6.629802235027261, 1] 0.017178812874445
[1, 2, 42.76539622931753, 16.98264454501793, 1] 1.820528778591313
[1, 2, 4.716923414503617, 37.32071806963728, 1] 0.003748605924876
[1, 2, 46.66707505702315, 31.06263866080709, 1] 3841.4712449367275
[1, 2, 47.77838760824621, 37.0528810404166, 1] 0.088783215569974
[1, 2, 21.316714816985257, 15.538668708480635, 1] 0.214428741940946
[1, 2, 15.428877888156606, 9.14523623250319, 1] 0.250663150010624
[1, 2, 27.33571659245475, 19.629061142181378, 1] 0.157269508504024
[1, 2, 35.54306182535774, 35.511017927128556, 1] 46.75201800751629
[1, 2, 13.077901152618722, 46.34352826713742, 1] 2.143158768664465
[1, 2, 23.247183923935197, 28.57140535633088, 1] 1.320343898824848
[1, 2, 36.82072545609606, 38.56675592802446, 1] 0.382482980479495
[1, 2, 36.602745071957195, 39.06608357317747, 1] 1917521803148930.0
[1, 2, 28.79585415813158, 37.52428546302289, 1] 52.27690351377607
[1, 2, 11.023852497606857, 40.74937716851231, 1] 0.483817534428404
[1, 2, 5.980132448642406, 4.899037773501886, 1] 0.039526350453464
[1, 2, 23.795042953242447, 41.79868000864459, 1] 3.651760572704932
[1, 2, 14.706940504848326, 30.315114216304536, 1] 5.369718836916171
[1, 2, 3.4876595316694026, 41.75980944373845, 1] 9.53227881739457
[1, 2, 38.071289557759044, 18.560908257341218, 1] 0.042065623104542
[1, 2, 48.25001657055814, 10.77069369310615, 1] 0.054159358351449
[1, 2, 6.079018558455669, 12.45420794548977, 1] 0.501081114286932
[1, 2, 15.166766150408662, 19.92805151040837, 1] 0.063244476836096
[1, 2, 38.532782188534306, 44.304306275884386, 1] 0.692183448033304
[1, 2, 4.594087055718844, 29.792754217541045, 1] 3.522113690143509
[1, 2, 10.750300405548725, 1.3936884239967093, 1] 0.009352678782799
[1, 2, 44.96546662308407, 15.500129604537978, 1] 0.021199746778169
[1, 2, 20.407566025233766, 46.362382055155074, 1] 7.150111278445975
[1, 2, 12.798357762513824, 42.63125052868227, 1] 0.482779118336301
[1, 2, 22.334264812686843, 16.494185670351502, 1] 0.100693874768607
[1, 2, 24.863452183463636, 6.64576650044596, 1] 0.003407914345141
[1, 2, 5.355392808223348, 46.43350471891804, 1] 10.325209284462833
[1, 2, 22.418737909644843, 39.030920137000884, 1] 1.368837270671232
[1, 2, 24.115423779185498, 28.23388585189922, 1] 56.48865824266415
[1, 2, 10.853903280889844, 45.30227977344115, 1] 0.152879942550338
[1, 2, 10.802142918023439, 41.39678504264372, 1] 0.119135531849513
[1, 2, 13.862386443034314, 2.268904464081468, 1] 0.014608271394769
[1, 2, 40.758159019867705, 26.80116312257153, 1] 223.51961429070053
[1, 2, 9.085579539073459, 48.756568709105494, 1] 94.14037544301391
[1, 2, 27.117177339894212, 23.537560849688074, 1] 0.218506689165759
[1, 2, 38.44447031494155, 0.5037687288455892, 1] 0.034668595397703
[1, 2, 9.847452903169586, 16.519727113668203, 1] 0.480422556894765
[1, 2, 16.23402428834046, 19.488819648370683, 1] 0.434172077647009
[1, 2, 18.166373999448993, 46.454397921674854, 1] 0.065416378263419
[1, 2, 19.042096772808314, 17.640979375663324, 1] 0.303894643044707
[1, 2, 10.280214892375357, 39.75881100274385, 1] 0.112018265269779
[1, 2, 8.074059958318825, 11.88489007123137, 1] 0.066411710556648
[1, 2, 46.44381215116151, 15.816756875484607, 1] 0.025024937674214
[1, 2, 46.86243811555914, 14.47164995104875, 1] 0.036020071735155
[1, 2, 47.08170139661584, 26.20776156367458, 1] 0.5730836680145
[1, 2, 38.90029549323418, 40.35505397736122, 1] 168.8035529843457
[1, 2, 35.824180676692116, 32.04514119215703, 1] 1765.3758446911102
[1, 2, 11.457712715379715, 5.486906099324846, 1] 0.024900734201391
[1, 2, 20.506765395700604, 28.52443462153756, 1] 1.003561963989395
[1, 2, 5.56660918639837, 16.8775433474458, 1] 0.080233883270121
[1, 2, 26.01873813081392, 40.7995907609894, 1] 983.2332188085633
[1, 2, 31.10400712741064, 33.191214191585196, 1] 80.71031687280828
[1, 2, 14.269676016851857, 47.8796299699547, 1] 0.577068983884655
[1, 2, 19.11690538244164, 23.390871030072724, 1] 0.565873593504751
[1, 2, 9.58331344971879, 40.70612536814715, 1] 1.996274952564185
[1, 2, 48.17024227342514, 9.039347796127313, 1] 0.056114671800005
[1, 2, 30.49239248864648, 25.164118869774843, 1] 0.168511261972879
[1, 2, 9.984260480166853, 7.34654491814446, 1] 0.37170745965688
[1, 2, 3.221043778923411, 20.011870528077164, 1] 0.47638568723769
[1, 2, 6.464662717262355, 32.2947578845515, 1] 1.716781881648203
[1, 2, 28.19703448565555, 9.545184219927256, 1] 0.00289587170612
[1, 2, 37.06710801186885, 40.62797436449196, 1] 8.65798392717941e+16
[1, 2, 4.814863147281535, 15.82221769679635, 1] 0.08244626093566
[1, 2, 30.698271518273113, 17.409431214352768, 1] 0.079158564458088
[1, 2, 45.64033712703514, 26.029819059889327, 1] 0.454746828751404
[1, 2, 16.005958396680455, 40.77360165900329, 1] 2.388297996466075
[1, 2, 45.66663232849679, 32.24267449249522, 1] 3353.4712526606913
[1, 2, 3.9259438579062174, 45.05160136627208, 1] 9.415794635693516
[1, 2, 7.504362088394391, 18.18481995248303, 1] 1.535452786688327
[1, 2, 14.530597892693782, 7.537625381750031, 1] 0.479679015147985
[1, 2, 40.799997571801676, 13.024615369045717, 1] 0.053351276190073
[1, 2, 15.407088099258083, 27.20285406936811, 1] 1.970838112880013
[1, 2, 47.75269120288148, 4.309268736206807, 1] 0.043587291265316
[1, 2, 4.5049047326756915, 29.195090227677724, 1] 3.45629658004309
[1, 2, 0.18551550157424135, 35.42004650261669, 1] 10.410293688425035
[1, 2, 27.35433484540057, 20.764540441053608, 1] 0.173445011958536
[1, 2, 44.472783609338805, 23.326824922177572, 1] 5763.343188119005
[1, 2, 45.4157663975317, 16.986385094084344, 1] 0.014911906512722
[1, 2, 1.8512686072423188, 3.9552544517204975, 1] 0.473621480214585
[1, 2, 40.451246122174275, 42.060483589397734, 1] 129.62074429034246
[1, 2, 20.71664759754341, 0.6055682225088297, 1] 0.018737538051579
[1, 2, 7.562741211093083, 34.632241095574116, 1] 0.485361026885319
[1, 2, 39.01778144122435, 46.092839097406596, 1] 0.873140986855376
[1, 2, 21.181782536761478, 2.951786656205009, 1] 0.001943210916582
[1, 2, 40.26740806453936, 4.762241367925602, 1] 0.053829064837702
[1, 2, 0.3704537656096416, 23.077038139582147, 1] 3.94163477387268
[1, 2, 6.589961983238386, -0.2681002112785149, 1] 0.00129249710828
[1, 2, 30.3596401124747, 6.19840135344959, 1] 0.023302613177509
[1, 2, 20.686067134630214, 27.103294561600308, 1] 20.63605042386568
[1, 2, 13.340342467218925, 36.37011375801771, 1] 0.041089640247938
[1, 2, 7.147047975411848, 45.60772952816252, 1] 0.265740938878517
[1, 2, 4.078821518104898, 26.116940592629025, 1] 14.102654771961326
[1, 2, 39.56031878240154, 22.799559665932417, 1] 0.460909919922342
[1, 2, 44.444951551884536, 32.51960199925473, 1] 19.583779932316357
[1, 2, 19.33515325807473, 13.22488154645758, 1] 0.484047713713954
[1, 2, 19.129250470006856, 41.75541539472621, 1] 8.932970549108138
[1, 2, 32.658855856040425, 14.30007780448026, 1] 0.037105725812612
[1, 2, 4.976145652755072, 36.179267973096245, 1] 0.107719042012433
[1, 2, 48.31524479233765, 17.830528009773147, 1] 0.019052280161574
[1, 2, 38.3408584752975, 28.972385020211163, 1] 8.62928278921076
[1, 2, 26.70125225613321, 18.74856612260157, 1] 0.155767082943454
[1, 2, 33.46737753909259, 42.24513390057986, 1] 132.53849482615186
[1, 2, 45.185415825948716, 32.522315248387905, 1] 0.169444415482788
[1, 2, 36.440439356774924, 17.468607671078917, 1] 0.039459915320409
[1, 2, 35.28882027092955, 19.491920071678592, 1] 0.051603251243047
[1, 2, 34.57435781687642, 33.336260650984435, 1] 173.00269912720518
[1, 2, 42.79120578033477, 26.86925645323225, 1] 2917.941607700131
[1, 2, 10.228925122082705, 6.365075101840185, 1] 0.037616888512791
[1, 2, 41.707518806338676, 26.496814819966488, 1] 4.394749406830131
[1, 2, 41.67110945340393, 30.004361151262884, 1] 228.37028123135866
[1, 2, 16.399472156177204, 29.227727699129204, 1] 0.010589845173362
[1, 2, 22.406200608710254, 36.622325472880114, 1] 437.09465405073627
[1, 2, 17.051287026425243, 11.801041086698678, 1] 0.253176036181681
[1, 2, 17.25420061117333, 45.716171008122856, 1] 0.287438344787794
[1, 2, 17.074525898421616, 39.487012394726584, 1] 1212.7869603334982
[1, 2, 18.14651459891022, 33.730785178817655, 1] 502.8715862610222
[1, 2, 24.38660687983319, 17.42214988443096, 1] 38.68455363955763
[1, 2, 13.033167673540692, 13.18923723477208, 1] 0.466340176105165
[1, 2, 25.24806523738212, -0.6961147667710601, 1] 0.049685617244345
[1, 2, 22.72962255773145, 27.61092172591792, 1] 9.125559347554962
[1, 2, 7.024413514099265, 7.486540047897979, 1] 0.082878763654999
[1, 2, 19.423736285774325, 48.62308758125741, 1] 2021.54696000535
[1, 2, 6.06823421193154, 24.153970738454085, 1] 0.036972003306064
[1, 2, 45.47010465061148, 33.47158005616258, 1] 0.080253467298224
[1, 2, 39.2071217244821, 45.17806643003847, 1] 3.91168952055551e+18
[1, 2, 11.431741643001393, 29.629779344199555, 1] 0.102031919279647
[1, 2, 6.68008883527872, 28.73487788467746, 1] 2.543991316956695
[1, 2, 9.640176948223257, 39.672737860929985, 1] 1.805296974618299
[1, 2, 21.3475229043166, 23.666071986503756, 1] 0.339891794923947
[1, 2, 19.656460972171004, 15.728702191556184, 1] 0.11447528987616
[1, 2, -0.9914509811333951, 18.944270549241594, 1] 29.22407933594963
[1, 2, 35.3467133499612, 16.066222503904307, 1] 0.032009708359892
[1, 2, 18.60070939339057, 5.2034287772397, 1] 0.005235103583275
[1, 2, 37.74316258320824, 15.796974213030037, 1] 0.292932909198407
[1, 2, 7.879177200245492, 39.42666325005729, 1] 0.153776113550194
[1, 2, 7.406943849242371, 13.752217532308155, 1] 0.47792158486948
[1, 2, 19.246654461921604, 7.203449997577872, 1] 0.013050189983397
[1, 2, 22.29201027973231, 34.67547608604068, 1] 16.21868224551207
[1, 2, 28.405097131135665, 12.823271735674886, 1] 0.030910209126846
[1, 2, 2.702605004470094, 48.61832305009226, 1] 7.772721773662781
[1, 2, 15.502398488768534, 26.661417859172666, 1] 0.013702611493213
[1, 2, 14.316840334427479, 11.773614889086044, 1] 0.324015799473019
[1, 2, 24.202001496119593, 33.7587453435631, 1] 16.85580108232956
[1, 2, 0.43923892927698693, 35.27011108407967, 1] 9.915604567882328
[1, 2, 30.818787943316146, 6.237087516477791, 1] 0.025428854198533
[1, 2, 26.039828987857938, 47.09226821200684, 1] 2997.2388745309995
[1, 2, 34.34513448110749, 9.74063646762905, 1] 0.015624971224877
[1, 2, 26.640895330068773, 24.17138541083344, 1] 0.237093934048223
[1, 2, 23.790219179509197, 40.18821995806415, 1] 4734.370168539165
[1, 2, 27.394209962018245, 22.9822691779964, 1] 0.205080463678725
[1, 2, 45.718428327765686, 28.86546895361047, 1] 3.7656632046132e+17
[1, 2, 5.099889248401203, 20.76699691887165, 1] 0.156976832304435
[1, 2, 29.020032860085443, 44.26734991944632, 1] 11114.378400050158
[1, 2, 13.089487344944967, 3.5730667956584146, 1] 4.9738405635e-05
[1, 2, 15.994346022805441, 23.43177149216222, 1] 0.034293350772807
[1, 2, 7.9126747159856805, 37.79344400409303, 1] 0.94643670702362
[1, 2, 36.71122176842631, 38.176765791534066, 1] 1.37698845758493e+16
[1, 2, 47.194408700725, 29.924716653789925, 1] 0.468105311009371
[1, 2, 38.91617049704754, 1.7538635631223443, 1] 0.043792107945886
[1, 2, 17.26355564431102, 28.065018087603868, 1] 14.046429295121307
[1, 2, 6.601553785414433, 11.823069249438829, 1] 0.776711651247504
[1, 2, 27.01847105456079, 35.71777564236026, 1] 33.01615753487549
[1, 2, 40.83452611951413, 23.63584214842213, 1] 0.070687678455811
[1, 2, 46.282433863488826, 4.781613650221928, 1] 0.04846878147876
[1, 2, 33.947414881514966, 26.646850556632252, 1] 329.8745099790151
[1, 2, 13.900125314688367, 40.14789340576425, 1] 0.483302377509314
[1, 2, 18.773486876952106, 5.045619370549837, 1] 0.006917729156151
[1, 2, 39.7137382281795, 17.72811996841246, 1] 0.012378849298429
[1, 2, 29.396828444918043, 14.009671501368043, 1] 0.037540589083527
[1, 2, 46.423977329605485, 27.718052194129086, 1] 116.79146343068282
[1, 2, 8.889145801039167, 36.54187134095491, 1] 1.684071299384201
[1, 2, 42.79782193774432, 23.500580830860464, 1] 28.788167342435113
[1, 2, 2.841032851931997, 42.52330778541925, 1] 8.816317288610916
[1, 2, 24.69703004103767, 17.71058517856233, 1] 30.922912991455913
[1, 2, 12.792138786472103, 19.8373713317569, 1] 1.038163985176149
[1, 2, 20.51104038789645, 23.191621875536345, 1] 0.430623880144634
[1, 2, 42.015982089043646, 30.965983355611883, 1] 363.96197534213286
[1, 2, 40.39939078289508, 41.17598588417828, 1] 404.52549553599636
[1, 2, 28.66795989519997, 1.1750583437903814, 1] 0.050032527859631
[1, 2, 9.685255030765168, 8.610208146594346, 1] 0.074495456861805
[1, 2, 4.277362891084303, 39.93750158028841, 1] 10.477568563174692
[1, 2, 37.93380655642444, 44.96360050687605, 1] 2.8510906188792
[1, 2, 11.300881942436392, 45.581665572084255, 1] 43.27595725469125
[1, 2, 23.46874588187274, 38.73238144805361, 1] 710.7245245704283
[1, 2, 39.91035282902049, 1.1813296688260153, 1] 92.09550785009299
[1, 2, 21.723645957999842, 16.842469761285606, 1] 0.227339959965801
[1, 2, 40.31364350933729, 31.976823412916843, 1] 1529.8599228370638
[1, 2, 1.028114481071447, 12.25148051864778, 1] 0.302213904709887
[1, 2, 9.912254278487504, 42.356001503436644, 1] 0.142011057699388
[1, 2, 0.36346301315504737, 38.396858008958844, 1] 9.623301157599442
[1, 2, 29.21853658126965, 42.91910100978181, 1] 7804.109499898641
[1, 2, 12.75932454177769, 43.08690027246406, 1] 0.108099687480953
[1, 2, 27.779024322106366, 17.832505939997805, 1] 0.124622270765075
[1, 2, 40.40008331438925, 16.640853076896835, 1] 0.92665467016153
[1, 2, 27.18314466910188, 11.325509589907563, 1] 0.385676117029123
[1, 2, 36.36781372571313, -0.8156242634954116, 1] 0.166784650004778
[1, 2, 10.07330497022923, 47.113530294870266, 1] 0.499270422854112
[1, 2, 10.794703315358507, 4.057698130859444, 1] 0.44481198311759
[1, 2, 0.9999562923789571, 10.467509939093128, 1] 0.091536406400137
[1, 2, 47.25296508358781, 10.16839397864985, 1] 0.054190542490519
[1, 2, 25.62233993067066, 16.996692110924695, 1] 0.149377427787304
[1, 2, 0.5074869378108424, 0.9619217659667787, 1] 0.040929747419054
[1, 2, 23.819108905407976, 17.453859511233965, 1] 0.191638483436951
[1, 2, 17.15373781656524, 9.818137422930535, 1] 677.2703202643298
[1, 2, 42.81202704975718, 34.67245163113954, 1] 1313.3778245506562
[1, 2, 45.77944303704265, 9.238483307687524, 1] 0.054288709580978
[1, 2, 45.45096677647354, 4.595601925413895, 1] 0.048773850775687
[1, 2, 31.656833414763717, 35.03746454371029, 1] 5.539341845174771
[1, 2, 7.30085216376043, 17.16724010823789, 1] 0.032204326762595
[1, 2, 25.020546696305807, 43.34353601439631, 1] 15396.520604593565
[1, 2, 8.558698611662697, 23.741884216776285, 1] 0.112589697676157
[1, 2, 28.234205941183106, 1.4245242192163117, 1] 0.048541591057432
[1, 2, 2.3201045161057374, 23.839427623871085, 1] 1.685248599177074
[1, 2, 4.354133294530023, 27.577494815879913, 1] 0.89774201477808
[1, 2, 0.7886985136929212, 36.909836616681844, 1] 8.063026933252337
[1, 2, 47.25797846343424, 10.183389391827925, 1] 0.647399958452027
[1, 2, 7.401420731231418, 41.91203846232914, 1] 2.320227158706694
[1, 2, 12.180133502849722, 23.106462675616, 1] 1.379783252548934
[1, 2, 45.2226730326449, 33.19884542585896, 1] 939.884161431258
[1, 2, 44.00343341389913, 10.091177554905762, 1] 0.049230037117107
[1, 2, 18.74307638808202, -0.863567403099146, 1] 0.023119304251641
[1, 2, 3.921826785064537, 10.529275084652246, 1] 0.479291314794835
[1, 2, 4.824087330054079, 39.4925268391708, 1] 7.115630862675173
[1, 2, 3.8923801951740735, 33.3001395481861, 1] 11.129873117284745
[1, 2, 3.733479691906611, 19.513416613492076, 1] 0.477944083609602
[1, 2, 27.643368497596327, 30.91574193192168, 1] 1.287571901351309
[1, 2, 30.43607613070069, 38.42582789928538, 1] 139.22532950455056
[1, 2, 43.77300764196212, 40.19485850213893, 1] 201.81360196975197
[1, 2, 25.263474047078216, 37.609920939809136, 1] 149.92253516686023
[1, 2, 18.810387776237537, 32.099034632589095, 1] 172.13136769465484
[1, 2, 28.800912965196357, 9.284673405039207, 1] 0.001551881210031
[1, 2, 38.3129288241781, 0.49698584651123956, 1] 0.034946664923263
[1, 2, 10.977408056641824, 3.198241174262746, 1] 0.004863948592583
[1, 2, 21.70552060539821, 16.497858943141182, 1] 0.221910856102213
[1, 2, 19.336109658455186, 10.239708602603898, 1] 0.171158885184021
[1, 2, 1.70079131145321, 30.375164956503333, 1] 9.655674651229912
[1, 2, 11.584467134706411, 24.539089755011744, 1] 4.573611372763357
[1, 2, 42.04060572099505, 3.8373318995989507, 1] 0.049983340241008
[1, 2, 12.73294545709035, 14.622847407527402, 1] 0.467220057694196
[1, 2, 14.317930375014644, 6.541129032475297, 1] 0.025625258463063
[1, 2, 27.119556253439594, 0.7114241617323389, 1] 0.048944846238579
[1, 2, 37.76653472900337, 17.56005490902336, 1] 0.035171696594192
[1, 2, 20.88025729821645, 29.39357360132277, 1] 1.06119713493406
[1, 2, 18.46608448430633, 14.530338614156285, 1] 0.265481156362033
[1, 2, 4.8741537803964015, 44.5456568122987, 1] 10.180032819427023
[1, 2, 35.62678491274593, 5.00066336063782, 1] 0.05034203140357
[1, 2, 20.673090823295592, 33.14982830052975, 1] 5.425601689546568
[1, 2, 39.39571516609825, 41.740468143076285, 1] 50.96272349391091
[1, 2, 19.81253430682455, 31.690466936954564, 1] 15.24685780631463
[1, 2, 0.8426194960030895, 3.3127165328908204, 1] 0.193767317202448
[1, 2, 41.89050419840088, 28.368557326530127, 1] 1738.7935744375332
[1, 2, 36.503338935360986, 39.97023931250933, 1] 0.573512081603361
[1, 2, 27.391362354488447, 33.27136147205211, 1] 43.57871869780164
[1, 2, 27.954879474888994, 20.15485227346237, 1] 0.109176411471398
[1, 2, 39.89966031827967, 18.12531726529992, 1] 0.03172685827755
[1, 2, 14.031679271722565, 27.41682191310869, 1] 0.014531136817671
[1, 2, 42.36432337009361, 20.589103685767245, 1] 0.010964012164286
[1, 2, 19.056287368547633, -0.17743289892163583, 1] 0.01563772116548
[1, 2, 47.282500325720115, 15.03493799080185, 1] 0.033950055244674
[1, 2, 46.06833258977001, 31.456186324946806, 1] 3142.813013851313
[1, 2, 48.49139945279445, 11.919533920095095, 1] 0.051664820286654
[1, 2, 1.227550719539967, 24.268359985874252, 1] 9.960636236696079
[1, 2, 4.129165779123712, -0.8246267641207385, 1] 0.000875995806792
[1, 2, 2.227465327776924, 22.46707238568631, 1] 0.325554693997373
[1, 2, 45.684090220270086, 38.118816293893175, 1] 27.532184633247528
[1, 2, 26.43047120806621, 14.836432002529467, 1] 0.106175734080088
[1, 2, 22.46590052885117, 12.543363553533988, 1] 0.141670192707686
[1, 2, 45.10253412212095, 13.35025600145703, 1] 0.036568349262656
[1, 2, 8.113296008431677, 33.43751338836272, 1] 0.484172006655861
[1, 2, 2.4597651783011605, 9.949631238537105, 1] 0.017622730950434
[1, 2, 14.348940338689843, 8.918109851262901, 1] 0.048888025971333
[1, 2, 39.09251764876829, 7.541535447763588, 1] 0.048240191212424
[1, 2, 33.6556808244851, 31.26486450334835, 1] 2568.202172633867
[1, 2, 22.09117903620398, 26.518421560122786, 1] 0.207253187875618
[1, 2, 7.023715578759161, 37.71475088513805, 1] 0.482875793380227
[1, 2, 46.74440369066907, 39.230432284112894, 1] 746.0379742596301
[1, 2, 20.35068269354238, 35.265649488345, 1] 125.20882444655496
[1, 2, 25.852369583338533, 33.159009081976286, 1] 15.51750375970569
[1, 2, 40.806916128952345, 26.359183959624882, 1] 0.061700167484688
[1, 2, 46.78720590240464, 33.11837045010479, 1] 2.796501238814592
[1, 2, 0.36128072536244593, 20.40866649952854, 1] 18.046241338502636
[1, 2, 35.48395460650932, 29.94351560531066, 1] 340.9661588894505
[1, 2, 44.099328843462175, 26.25425589202693, 1] 0.203681984895331
[1, 2, 40.761323127356995, 18.54114903767506, 1] 48.668267091386504
[1, 2, 38.03560482788522, 15.088805716432201, 1] 16.721849401134413
[1, 2, 40.13359448506639, 46.702412407731686, 1] 1.98190179726478e+19
[1, 2, 41.257112607151214, 13.266145661014173, 1] 0.021251960175823
[1, 2, 45.85400530541572, 9.407528138357414, 1] 0.054062197768567
[1, 2, 22.043297947565023, 27.600233360515524, 1] 0.062343394986141
[1, 2, 39.418931403573154, 6.733517220433744, 1] 0.051602963518303
[1, 2, 1.400161710131771, 44.11859011055698, 1] 7.3543569230696
[1, 2, 31.473219425900183, 28.74453986166745, 1] 1394.0101482078685
[1, 2, 42.45451672250717, 7.958587521998462, 1] 0.052912826881048
[1, 2, 0.8483648881622294, 43.698853078261166, 1] 8.25464310668524
[1, 2, 3.7245522779676863, 13.59363421610419, 1] 0.066526424946371
[1, 2, 22.72232226624887, 2.9972806993782086, 1] 0.006779776209138
[1, 2, 6.451608350200773, 35.818044228609075, 1] 1.345315423679253
[1, 2, 18.602475317702815, 15.344264389815194, 1] 0.119354561892656
[1, 2, 0.7238621577462809, 39.425578764589105, 1] 8.974278905794531
[1, 2, 27.54300173494886, 44.28493925637866, 1] 12587.291415316999
[1, 2, 24.687962744056865, 22.279423169463005, 1] 0.484740111939937
[1, 2, 32.26773629357969, 10.294294525313692, 1] 0.005329891904033
[1, 2, 31.618185761675157, 5.002964739946226, 1] 0.038878524617081
[1, 2, 33.51572790016203, 23.645953544490652, 1] 0.114291429580285
[1, 2, 20.058919969519753, 32.68895385053496, 1] 10.650668547970453
[1, 2, 39.99597553792341, 31.62117791484993, 1] 251.78912976041073
[1, 2, 22.59659601122685, 28.892105434139232, 1] 0.829032002101893
[1, 2, 34.275626716368926, 9.493529984683715, 1] 0.017059854748543
[1, 2, 42.749218558426215, 45.62127226446788, 1] 20.68291964230386
[1, 2, 37.035880908645304, 33.11324616263562, 1] 891.6019628188004
[1, 2, 27.207804839685185, 9.143842918670654, 1] 0.002391710670728
[1, 2, 27.390432962212625, 0.9615282131218159, 1] 0.048580468897543
[1, 2, 24.979740101762573, 40.391779692028976, 1] 8224.363691990346
[1, 2, 2.7172985826978087, 12.000751540494921, 1] 0.4795647690625
[1, 2, 36.67308494160349, 47.941223176333494, 1] 1.24602034198101e+16
[1, 2, 40.310126079942464, 13.908347175151004, 1] 0.013710921137415
[1, 2, 41.58517722758839, -0.7654815793268923, 1] 0.011045406263784
[1, 2, 29.801455876644944, 12.740841581596275, 1] 0.808874093249696
[1, 2, 33.74476117656148, 31.683723222913244, 1] 16.14980656011838
[1, 2, -0.01552408406285033, 41.22449417235113, 1] 4.047240524952683
[1, 2, 22.837018478101612, 7.056012844910681, 1] 0.001905509689128
[1, 2, 40.73660015198335, 33.4992289437396, 1] 2020.304149899783
[1, 2, 36.95806862806966, 24.963950030748368, 1] 0.086820533341717
[1, 2, 10.447040318697733, 10.405246188980673, 1] 0.112455528514396
[1, 2, 33.72748780923115, 43.65510757229831, 1] 0.037125307552651
[1, 2, 31.17059482767538, 3.8170138394943436, 1] 0.044730825214532
[1, 2, 23.19215031993211, 34.49844443685617, 1] 13.617869080498348
[1, 2, 33.57762710211252, 44.14884556990923, 1] 0.025318329216628
[1, 2, 36.380867230437325, -0.17957016080036214, 1] 0.03342470171167
[1, 2, 0.6052089222141908, 14.339996361394775, 1] 0.612585054842107
[1, 2, 0.6417301210058521, 4.8666224060899665, 1] 1.451777406196397
[1, 2, 25.958728024148666, 30.50325375248089, 1] 1.19841745061251
[1, 2, 35.97950610338012, 12.378059291929572, 1] 0.008229781322394
[1, 2, 23.079495849407056, 41.15034528955325, 1] 11357.548360747573
[1, 2, 28.25530500748243, 10.273975928394853, 1] 0.047660658233725
[1, 2, 4.7902996097070165, 10.189897717546348, 1] 0.019872203752783
[1, 2, 41.02230451819766, 46.99541341208197, 1] 19.92561972308887
[1, 2, 4.691161323334015, 23.397727510366906, 1] 0.481644275160998
[1, 2, 44.335300485546895, 21.726908418684488, 1] 0.408407821611702
[1, 2, 6.768804567834897, 8.036910712316043, 1] 0.110303438415887
[1, 2, 45.32904506077396, 46.97891971852657, 1] 378.0653160306392
[1, 2, 19.392272816756236, 21.936544524804393, 1] 0.357585041697362
[1, 2, 9.261886522326607, 2.4263829741805307, 1] 0.003968277840183
[1, 2, 13.638201942188871, 45.57166316629701, 1] 0.115984250984612
[1, 2, 39.25480986462001, 9.527657206230085, 1] 0.038711024234181
[1, 2, 28.364384892007266, 5.724677675970309, 1] 0.016372425642256
[1, 2, 33.60557670947794, 3.1818217701197646, 1] 0.05186512951108
[1, 2, 11.949218956491858, 41.133275935759244, 1] 0.483025083946667
[1, 2, 32.4592493141541, 24.323089292563793, 1] 119.52590565577057
[1, 2, 0.5632193714974207, 12.96277320711372, 1] 0.362828958279703
[1, 2, 14.361531644176047, 16.512800135103728, 1] 0.466733502000348
[1, 2, 38.777064943525694, 9.403333898407412, 1] 0.037741489959472
[1, 2, 27.713650476305514, 38.93609901700552, 1] 115.74364712936021
[1, 2, 45.85337549285677, 14.528297730404612, 1] 0.360371245413664
[1, 2, 44.58449371800834, 6.178674909188193, 1] 0.054463379223921
[1, 2, 15.250479333896234, 11.068201899426246, 1] 0.287885408394587
[1, 2, 20.79367023324323, 28.18272976336923, 1] 142.13478408140017
[1, 2, 24.02148548823876, 0.3330709452861633, 1] 0.042177703978006
[1, 2, 31.21483829842338, 1.6276723224925638, 1] 0.051570892867671
[1, 2, 25.062364411326705, 18.18681685636307, 1] 20.3479735590994
[1, 2, 0.9209919702510292, 42.43344189411831, 1] 8.3765770696006
[1, 2, 33.31652726432381, 46.8688201511064, 1] 172.1734107597897
[1, 2, 8.402500441147327, 45.530597433053124, 1] 3.724319614509404
[1, 2, 41.49526778286582, 30.09510594521115, 1] 115.94677410763975
[1, 2, 11.975489719805477, 11.287074744953363, 1] 0.373554834167884
[1, 2, 8.94938235284022, 22.529198851210026, 1] 0.636675744123542
[1, 2, 19.743822391627393, 47.74876985881907, 1] 0.057817258949446
[1, 2, 46.74750108398775, 6.147086228077337, 1] 0.053033316946458
[1, 2, 33.143235319739794, 18.73937425135821, 1] 0.062570864217005
[1, 2, 46.44173313582378, 23.229933681972295, 1] 0.046830024015589
[1, 2, 3.8027994950408717, 5.275349364432286, 1] 0.078853866714798
[1, 2, 23.848848787018124, -0.39576299932211256, 1] 0.046452852189621
[1, 2, 39.10190707551076, 3.4138523910039247, 1] 0.05164404966754
[1, 2, 13.149016502745699, -0.5612615597874229, 1] 0.020436492313786
[1, 2, 1.5836583834384697, 25.059315717512444, 1] 10.196817239157568
[1, 2, 28.563602525173653, 41.626038545850534, 1] 170.80297215383783
[1, 2, 3.4537815942950694, 40.09895654380923, 1] 9.760175132928282
[1, 2, 15.259453716406664, 28.28118669148652, 1] 0.322436833298749
[1, 2, 33.007056507762336, 35.780061312130016, 1] 0.524560485820053
[1, 2, 29.97281433129745, 29.09164038828109, 1] 549.3884039343925
[1, 2, 14.159528274958234, 14.41346853057216, 1] 0.367931187532789
[1, 2, 11.168219384151662, 41.87478836500535, 1] 0.49386511295817
[1, 2, 42.45812687087777, 42.796488832793514, 1] 5507.608099772885
[1, 2, 12.325459722955024, 39.89192969142672, 1] 0.482446606654266
[1, 2, 5.1469244774186365, 6.466087576857822, 1] 0.088902887662336
[1, 2, 0.44521961142382027, 32.125177626210046, 1] 8.576491686293107
[1, 2, 2.1206318766608563, 3.8352537460827625, 1] 0.074737239444473
[1, 2, 18.094726554592327, 46.49866098378631, 1] 2415.274439727358
[1, 2, 26.798466053936714, 37.020943849345535, 1] 171.41535018868444
[1, 2, 22.704319011238006, 33.8958334269587, 1] 44.85169751486912
[1, 2, 14.842136573367844, 5.116403294244543, 1] 0.209633278727661
[1, 2, 32.47854042933211, 25.95591303877867, 1] 0.157371719028002
[1, 2, 47.50512245255143, 47.66192738762611, 1] 5834.531212056437
[1, 2, 30.76771163063995, 22.11059064053601, 1] 0.114174277240187
[1, 2, 21.84105651172569, 6.235033994006851, 1] 0.005073813435521
[1, 2, 17.487825748049364, 19.407809216919205, 1] 0.332455344651225
[1, 2, 46.59640912760313, 28.06791575241042, 1] 0.043814484633388
[1, 2, 38.63376879410501, 36.50031228667506, 1] 2098.2127078461035
[1, 2, 10.700948165497554, 46.835270352948115, 1] 2.010713991042741
[1, 2, 5.147305124140584, 40.05867836509153, 1] 4.23170924472732
[1, 2, 7.179692955693312, 28.24054342855036, 1] 0.480984061685408
[1, 2, 47.234003105954635, 8.523464555875915, 1] 0.055926906192777
[1, 2, 16.214324486330835, 44.652050334120794, 1] 0.075718492320904
[1, 2, 45.26951495715715, 47.96129964044914, 1] 0.103627977477717
[1, 2, 44.259219812529196, 0.8129947898721077, 1] 0.022422104324452
[1, 2, 44.07346147525507, 9.967026627939564, 1] 3.857821762587502
[1, 2, 28.259842009856772, 30.585467496152305, 1] 73.468110087524
[1, 2, 26.251037776571003, 45.83811517912774, 1] 16919.627055814453
[1, 2, 28.11113496143905, 9.675309293450614, 1] 0.019664875713063
[1, 2, 48.26053635964304, 6.5824097761804214, 1] 0.052975664157304
[1, 2, 38.69233667955391, 22.141399391140467, 1] 0.067607397905409
[1, 2, 47.57763638307581, 32.631729208521286, 1] 1.69676632075665e+17
[1, 2, 25.146238834453612, 34.97030436485707, 1] 75.52907667393434
[1, 2, 11.061529162141454, 23.615288140397514, 1] 4.398841323468544
[1, 2, 23.655055772586266, 26.636992346000895, 1] 19.951114294525834
[1, 2, 6.430626866436568, 32.08563759628533, 1] 0.712046507287613
[1, 2, 3.678693579174576, 31.573858910265486, 1] 11.194207886979292
[1, 2, -0.09045209489054096, 8.082273508590038, 1] 0.287658189159634
[1, 2, 37.74835572287875, 5.419175153884388, 1] 0.052414729856223
[1, 2, 27.63560864813722, 26.70395265558617, 1] 9.538827257346895
[1, 2, 43.33119571749519, 3.1725104992930255, 1] 0.044564204870239
[1, 2, 3.5368936637345927, 5.593042879138372, 1] 0.114693859961004
[1, 2, 3.731772388677763, 32.43605124394149, 1] 11.123748046495905
[1, 2, 32.04378396648347, 46.48842701534796, 1] 3.36372153339849e+21
[1, 2, 26.265893940813818, 38.973198127048526, 1] 162.3951494579916
[1, 2, 5.4551681401265935, 32.275452679596214, 1] 3.127520829156778
[1, 2, 29.238377254386812, 22.434183974725283, 1] 102.62968509179865
[1, 2, 9.81740256608109, 21.470513749567093, 1] 3.84844424834736
[1, 2, 28.895514054968615, 46.44635195764522, 1] 15186.199613152345
[1, 2, 44.554202964986494, 7.311768613957643, 1] 0.05530519971171
[1, 2, 23.497384506932168, 28.717950486080262, 1] 3.92748825314461
[1, 2, 34.44859983228317, 13.139895985928884, 1] 3.933309563069062
[1, 2, 38.740716225132715, 39.83585677520546, 1] 1447.6157832856131
[1, 2, 4.718794420770889, 22.50728126949694, 1] 0.47982048278634
[1, 2, 4.27060876717721, 18.01882085085507, 1] 0.168476025648914
[1, 2, 8.258360149569834, 21.1382922184485, 1] 0.07241344968116
[1, 2, 46.11461601649224, 47.09303326311798, 1] 849.3745484668203
[1, 2, 39.01687554809981, 14.869104518921368, 1] 0.001189858518803
[1, 2, 21.666541901575403, 3.349026360132912, 1] 0.002055496504012
[1, 2, 10.550819184988981, 19.012828565600465, 1] 1.513268349559945
[1, 2, -0.8104609779856322, 36.93810479079926, 1] 36.56112676800392
[1, 2, 7.168000814808336, 38.292540300527364, 1] 0.158302492893507
[1, 2, 20.86780176339957, 37.981067602677506, 1] 4.508893565955257
[1, 2, 40.54367280648185, 42.34906907985932, 1] 3.25107349351461e+16
[1, 2, 10.972103796743438, 32.13472661797829, 1] 0.025076729202375
[1, 2, 10.955455115731572, 12.83355036190883, 1] 0.468024176501855
[1, 2, 30.290479018616637, 37.965474140151585, 1] 162.5093201602752
[1, 2, 46.023662716048555, 7.945477905279986, 1] 0.055654471497395
[1, 2, 20.738847887788726, 28.4191727830606, 1] 31.25500702758819
[1, 2, 10.936288593276185, 30.142305309504735, 1] 0.077991968618041
[1, 2, 12.541709786619304, 2.3577640403647138, 1] 0.00930986311998
[1, 2, 27.127107053096474, 4.831597750884477, 1] 0.017091859362991
[1, 2, 1.9417192083668944, 38.12494599801876, 1] 8.76439828859403
[1, 2, 29.109874752621607, 12.770468848043416, 1] 0.055862887844105
[1, 2, 7.529041857395075, 10.35606009650833, 1] 0.238358695768488
[1, 2, -0.17272814658918967, 23.810420261946202, 1] 12.267594487054708
[1, 2, 25.091411889447635, 46.98549692965018, 1] 561.0968767198494
[1, 2, 10.238707295183447, 25.596775982257526, 1] 6.186864786916948
[1, 2, 7.9366721245422, 12.373390995872835, 1] 0.047012076215049
[1, 2, 17.649550824635895, 4.861133383977157, 1] 0.005285795093765
[1, 2, 18.80852135596255, 18.437318190721637, 1] 0.217667062416973
[1, 2, 16.333845320915337, 7.27115623786055, 1] 0.20023666682366
[1, 2, 24.028005996798885, 18.088092905947203, 1] 0.197501529180524
[1, 2, 14.75382830450145, 15.99202671702077, 1] 0.466092575307142
[1, 2, 14.520315380343618, 45.373188237764694, 1] 0.482532934191143
[1, 2, 28.575269388107845, 7.518445216419934, 1] 30.643541653704542
[1, 2, 43.10596765313551, 39.703763200527675, 1] 253.76186624034034
[1, 2, 40.1618777826683, 27.457022209698707, 1] 3.611126124238698
[1, 2, 24.814770000268318, 15.413378229331883, 1] 0.140562253360502
[1, 2, 7.814949051219912, 45.3322829857845, 1] 2.727280249259158
[1, 2, 39.16100539798631, 7.6252755588645424, 1] 0.048060238454554
[1, 2, 25.981696507277032, 23.559349720528758, 1] 0.222065885891035
[1, 2, 21.510860924246252, 12.985109248183441, 1] 0.167380215888567
[1, 2, 11.221623707239438, 31.042587484397004, 1] 0.018954964016
[1, 2, 5.070787502416275, 35.93853147652204, 1] 0.473397374115689
[1, 2, 14.145443000840137, 6.120933490809511, 1] 0.24485276328445
[1, 2, 8.406450932891442, 11.008809695627592, 1] 0.231919235006108
[1, 2, 7.486239759647235, 1.667304284833616, 1] 0.003096718463259
[1, 2, 32.45225415557162, 39.839766307763874, 1] 144.51159530536475
[1, 2, 14.991519568361046, 15.657437367442856, 1] 0.36696906042482
[1, 2, 29.118880123068458, 20.254377174358474, 1] 0.135980062900896
[1, 2, 25.364463343458905, 28.695975523898575, 1] 43.020524611852146
[1, 2, 4.181108764148518, 38.0090302773715, 1] 10.6920107041236
[1, 2, 38.662025304593094, 10.985071685840115, 1] 0.026309313590945
[1, 2, 46.54210136304374, 46.02831807886311, 1] 5038.542927482304
[1, 2, 43.94152136898846, 29.118364638836603, 1] 0.472693240906184
[1, 2, 41.9910767631375, 27.22264853647504, 1] 2.116243109293085
[1, 2, 43.90634277732723, 18.295559610594186, 1] 1.057589892001107
[1, 2, 1.937959592345274, 28.23778961808521, 1] 10.111209015055683
[1, 2, 27.933843477985217, 12.704438577546568, 1] 0.426113574098594
[1, 2, 38.35300465199018, 22.550244469121584, 1] 0.050676285638792
[1, 2, 14.137117878948263, 8.40174203928747, 1] 0.274576003901689
[1, 2, 33.52177462041786, 10.591396217612242, 1] 0.007609228579151
[1, 2, 25.939513028665495, 32.287486255248794, 1] 20.7102023421759
[1, 2, 11.964280692430869, 5.3038158197604774, 1] 0.302422627554266
[1, 2, 37.34962666504877, 26.452823820703205, 1] 127.45849045845878
[1, 2, 18.426592399728065, 4.710015805667656, 1] 0.008484469573705
[1, 2, 47.03794882045387, 29.049880688153625, 1] 3.58666545043346e+17
[1, 2, 8.223914199404032, -0.8765266388530415, 1] 0.01269928265942
[1, 2, 8.504530438509128, 43.98846782020102, 1] 73.21410610268399
[1, 2, 39.363415563540414, 42.08773002482171, 1] 0.547110847805702
[1, 2, 2.977599133827614, 6.832668171286816, 1] 0.479215660881589
[1, 2, 16.487209073545085, 41.86339368027423, 1] 0.051957608301537
[1, 2, 24.02161829335492, 40.9904697532542, 1] 11376.344936984064
[1, 2, 7.261788608369287, 26.22441194708636, 1] 0.235229037267241
[1, 2, 17.37127215424537, 2.9377338077499213, 1] 0.014576954189544
[1, 2, 4.458709483127667, 32.942582749420005, 1] 0.18826052352304
[1, 2, 44.06359504210863, 30.051297476482542, 1] 3864.712161035453
[1, 2, 15.130276346523033, 42.44736005611174, 1] 0.072045605087444
[1, 2, 13.491805247075485, -0.5706854320954793, 1] 0.019289669247632
[1, 2, 47.17246771574132, 27.02127057245934, 1] 0.071068442199828
[1, 2, 28.267574275894532, 18.181801435607255, 1] 0.121636899602668
[1, 2, 35.659493121199624, 2.8151069810288374, 1] 0.195610760619623
[1, 2, 1.0044017462995054, 13.891191901318779, 1] 0.541874423920927
[1, 2, 16.244652039359426, 1.5638090326016103, 1] 0.01621652616263
[1, 2, 2.055749351370368, 5.941533424605434, 1] 0.761579169505346
[1, 2, 1.3292918910308047, 44.914477790807965, 1] 0.969395949147571
[1, 2, 33.973115224102365, 34.75107928414623, 1] 64.61836313048983
[1, 2, 40.007221989555724, 2.757789367395098, 1] 0.047827548101932
[1, 2, 7.537860771876737, 4.3983982741388274, 1] 0.466083251632118
[1, 2, 24.555192225215478, 35.59961673755891, 1] 179.13633946891628
[1, 2, 25.77924962460975, 43.29943511196823, 1] 2156.8491283299427
[1, 2, 10.724268114645225, 34.26569140044479, 1] 0.494306745622517
[1, 2, 35.036401534535486, 42.74310344364793, 1] 0.053863459368546
[1, 2, 32.8132346982491, -0.7458073877325213, 1] 0.037654144575721
[1, 2, 38.498740375799045, 6.218377318898445, 1] 0.051565539552947
[1, 2, 47.782345106954224, 42.080611933330744, 1] 0.129181512695597
[1, 2, 15.632843437250482, 22.789969429107444, 1] 0.982278046378752
[1, 2, 12.763813693731947, 37.72114891125414, 1] 0.482875281784511
[1, 2, 45.58041030979907, 1.5345625478666198, 1] 0.130213310492454
[1, 2, 39.13745491023458, 35.816559663738495, 1] 2.206066819039348
[1, 2, 29.433784235698592, 15.135894954171409, 1] 0.070601377628054
[1, 2, 47.217572327378875, 47.761844014645334, 1] 4850.690683495322
[1, 2, 21.30379650819293, 45.85546649394831, 1] 0.054334338426713
[1, 2, 29.94218947355986, 10.50467384029511, 1] 0.005028467530686
[1, 2, 5.287983124035451, 35.93019526102366, 1] 4.675089851826151
[1, 2, 20.989370746623006, 33.92537818579286, 1] 24.696420185588654
[1, 2, 45.17281799529778, 22.985990140432634, 1] 0.049555054263768
[1, 2, 2.7073703972897, -0.1076692750632704, 1] 0.012897996443606
[1, 2, 33.7965125900613, 39.67940897699863, 1] 166.80026048002208
[1, 2, 14.744985611035723, 7.720535538598295, 1] 0.035315115011212
[1, 2, 13.285756857358306, 2.6917977286788917, 1] 0.009409656856993
[1, 2, 29.696777051127945, 1.2920063788147815, 1] 0.05091433270059
[1, 2, 16.12947175383991, 23.503087666308048, 1] 1.007239821625272
[1, 2, 14.834599734784438, 12.628521997017812, 1] 0.324836034239177
[1, 2, 20.31733272585724, 16.515350251338297, 1] 0.123822584024171
[1, 2, 39.41910085474317, 33.3274864328262, 1] 0.143754715719732
[1, 2, 35.40202261557143, 47.148923242904964, 1] 151.92097640381516
[1, 2, 47.10239604876332, 20.759854666450167, 1] 0.310134851708327
[1, 2, 37.29972839004604, 21.92192218470998, 1] 0.054553310902527
[1, 2, 23.073756476722565, 7.91486297259571, 1] 0.079826161189225
[1, 2, 18.46484170201124, 46.789671275658854, 1] 0.064371053207242
[1, 2, 6.137759164503038, 13.655591325077038, 1] 0.003620589894767
[1, 2, 10.754027209246743, 2.8839402651480395, 1] 0.002855379272569
[1, 2, 8.929688271999426, 48.540620943192266, 1] 53.831005735503965
[1, 2, 19.902302171218494, 10.657955816873166, 1] 0.044193578175543
[1, 2, 21.983607760505908, 36.39931771458075, 1] 2916.6367097657367
[1, 2, 13.042545054704375, 7.051124467937148, 1] 0.034703967531852
[1, 2, 22.65134744692335, 11.231276776660827, 1] 0.120963821066559
[1, 2, 13.050902056304853, 10.718502095237914, 1] 0.082920456958958
[1, 2, 42.55489914206366, 6.836278725652079, 1] 0.054665185208916
[1, 2, 48.95365815453501, 32.06190409496732, 1] 0.470348490282763
[1, 2, 0.3186057836851839, 6.874258067312173, 1] 0.027716413189861
[1, 2, 19.548497336186976, 3.0450151807859935, 1] 0.009729349704174
[1, 2, 23.89987423909083, 10.104969972335372, 1] 0.092565391316428
[1, 2, 33.131019059862425, 31.09930825213022, 1] 1860.6673069028914
[1, 2, 35.63193849732389, 7.228215749040402, 1] 0.039668947032488
[1, 2, 37.87806746047984, 36.73449667690586, 1] 3773.3954690513724
[1, 2, 48.434577863718054, 35.880800596168356, 1] 0.074024827315902
[1, 2, 33.642396982644996, -0.7981152775152758, 1] 0.034733208095903
[1, 2, 13.477491573149177, 48.60403434716217, 1] 13.181905077263437
[1, 2, 18.118866246890313, 14.130180989934694, 1] 0.267160543323953
[1, 2, 9.830814306616599, 19.746517581228787, 1] 0.595561787520767
[1, 2, 15.10636340911849, 25.72853484470203, 1] 1.720153401043257
[1, 2, 24.789742348887184, 14.271246035479802, 1] 0.124751746680245
[1, 2, 14.064901997893548, 47.68565197851179, 1] 1.417030235283613
[1, 2, 0.2684783683355627, 15.656590928684263, 1] 0.051387799545758
[1, 2, 44.3897013298563, 27.707982014415467, 1] 1.107478372696354
[1, 2, 48.81421080880304, 12.225317430684203, 1] 280.27915367951766
[1, 2, 12.483675705389281, 24.880153863506393, 1] 0.016087783091608
[1, 2, 48.3740735858577, 4.668787822868931, 1] 0.044625034250876
[1, 2, 37.80254051676334, 18.8497786249812, 1] 0.429307377307946
[1, 2, 19.44252340281978, 38.75151868486135, 1] 0.278644300008208
[1, 2, 8.311658396651874, 19.9581436297016, 1] 0.056161686727708
[1, 2, 15.997371827926866, 22.032235675920138, 1] 0.793776833743748
[1, 2, 37.69816607293943, 20.667118967205678, 1] 0.059895525588465
[1, 2, 35.45564661169118, 16.409006358138075, 1] 0.034484046804234
[1, 2, 16.396745395809017, 46.25609238709076, 1] 1.766391244359812
[1, 2, 28.05636963761225, 21.843240736216224, 1] 0.139101521119657
[1, 2, 27.024713084178877, 41.14273587141484, 1] 11738.437454478828
[1, 2, 5.019556901957889, 43.6466828236593, 1] 6.492639992377911
[1, 2, 19.824591674476995, 15.323045777337086, 1] 0.104171531076275
[1, 2, 41.25543188458032, 44.534782343194436, 1] 47.93688006858823
[1, 2, 46.90993098121631, 2.924526182874044, 1] 0.035629073380015
[1, 2, 15.539927703094232, 45.713208980520875, 1] 1.695665575914613
[1, 2, 44.09387872521194, 32.60456957985728, 1] 0.087847699971572
[1, 2, 27.43387157885325, 34.55235157111056, 1] 77.11608641276638
[1, 2, 4.309819760044443, 8.008471200232144, 1] 0.40097979213704
[1, 2, 2.8373282513620763, 27.76072453637487, 1] 10.949118144842902
[1, 2, 16.533182153340892, 15.079111826343851, 1] 0.322738161174157
[1, 2, 37.27216152923718, 44.457681148789135, 1] 223.3768934985943
[1, 2, 9.939985783613427, 46.64831936895692, 1] 1.569846108089638
[1, 2, 38.272478626834314, 13.973472188083575, 1] 0.009732642887752
[1, 2, 15.267981823919126, 42.22863752021449, 1] 0.483716311115054
[1, 2, 21.572158514528905, 26.815315611193547, 1] 0.07028054581896
[1, 2, 46.42630556677124, 28.666527360488253, 1] 5087.230832756703
[1, 2, 9.955079876858914, 31.011594134695557, 1] 0.025423627985914
[1, 2, -0.5714312166694537, 45.02605498981676, 1] 14.761017079266637
[1, 2, 1.402543164068688, 38.37816662516291, 1] 8.188915995017062
[1, 2, 42.410690600777606, 8.067259099486652, 1] 0.052611092753313
[1, 2, 32.76311251954082, 22.16668873334234, 1] 0.642244278137643
[1, 2, 3.5785344389348284, 41.8642144699023, 1] 9.604199335513037
[1, 2, 38.14575483996185, 40.54322026492234, 1] 97.10490338725545
[1, 2, 28.72541897261129, 9.893528340873498, 1] 0.003861508611813
[1, 2, 24.392527032649227, 15.678109414953546, 1] 0.152274253455491
[1, 2, 19.06532360675955, 25.525491644019528, 1] 0.823175415865814
[1, 2, 21.94191484888588, 30.208700048789872, 1] 1.005780995864976
[1, 2, 40.62783617980484, 43.290880271703074, 1] 83.93589236387844
[1, 2, 9.567635671093434, 28.20512772481298, 1] 0.100513348383736
[1, 2, 29.156051440214487, 12.925314975819203, 1] 0.408608204670255
[1, 2, 15.808341249940188, 15.546607379375061, 1] 0.347111428218732
[1, 2, 32.401417210241696, 47.76005898284224, 1] 14842.12853537509
[1, 2, -0.13073469285472727, 24.635832471521898, 1] 12.134830390429824
[1, 2, 39.71294010426201, 43.34441174555213, 1] 0.589522155170271
[1, 2, 35.86418389706223, 31.61608634340103, 1] 7.361836147802681
[1, 2, 13.925747888915192, 12.331886005309347, 1] 0.342603683548065
[1, 2, 6.543015331370695, 4.737431466689808, 1] 0.034269619903028
[1, 2, 18.780407282449254, 22.445843717506175, 1] 0.501604363983115
[1, 2, 47.937655772948766, 8.879090130590939, 1] 0.056076505996429
[1, 2, 45.54851564597039, 10.694323245019216, 1] 0.050215952460146
[1, 2, 1.402020063301208, 25.746666242260915, 1] 9.971729087858458
[1, 2, 44.703099927179956, 20.329460379616112, 1] 0.355731662111715
[1, 2, 19.794860711329694, 3.9949723623484825, 1] 0.010815405066512
[1, 2, 32.048319775390915, 15.576250557398236, 1] 0.040644884712344
[1, 2, 39.5064199357402, 35.9502121035105, 1] 2396.8532156960396
[1, 2, 1.1466002208199386, 12.803393919792917, 1] 0.305928423280761
[1, 2, 2.2379955198739485, 17.114817689470996, 1] 3.573097392712067
[1, 2, 31.083016203603584, 9.707907363072056, 1] 0.004104574759141
[1, 2, 43.76794572448184, 38.853628112053094, 1] 601.1365794093243
[1, 2, 9.866182379413358, 15.462628709496911, 1] 0.776096737294839
[1, 2, 47.606750661018054, 39.107607949547344, 1] 0.223339361340791
[1, 2, 38.77075700481995, 7.695570137741104, 1] 0.04681507392891
[1, 2, 18.705108012442686, 24.133695821504666, 1] 0.696181826505962
[1, 2, 24.06606495867706, 16.332769190228035, 1] 0.084654288955262
[1, 2, 4.279657663553639, 48.735821355939926, 1] 9.110740977027236
[1, 2, 40.525896634437096, 36.482543870189296, 1] 111.28781325379461
[1, 2, 7.103492348207103, 1.890479872595991, 1] 0.005292395936364
[1, 2, 26.144711328659206, 20.69009926677421, 1] 0.195301721910941
[1, 2, 20.50406850643559, 21.9878722995925, 1] 0.342768113519988
[1, 2, 25.762856049674795, 19.726074100934195, 1] 0.18810422809276
[1, 2, 45.50822901590453, 33.19423835097039, 1] 39.3193516832195
[1, 2, 39.900962978171606, 3.830601679594415, 1] 0.052184162317886
[1, 2, 19.71817427248516, 24.23655404297862, 1] 0.594065835979345
[1, 2, 18.619655953240244, 47.93855846338404, 1] 0.070316318151486
[1, 2, 15.13494517382189, 36.61670832328133, 1] 0.48375509847237
[1, 2, 13.654883079386643, 34.838782297418305, 1] 0.0447704481616
[1, 2, 41.35965094978143, 1.4505180856496, 1] 0.036029638853138
[1, 2, 11.164594249600597, 21.74145361858665, 1] 0.47824220507486
[1, 2, 33.34070359851577, 18.040659002545556, 1] 0.057036209760289
[1, 2, 42.21935476828677, 10.328723335011103, 1] 0.043828647275347
[1, 2, 0.91636811923388, 31.490886624579723, 1] 8.935654772324815
[1, 2, 30.61812860368487, 19.86971644931306, 1] 0.108601719359559
[1, 2, 36.76847640068876, 23.17080059532253, 1] 3535.160716298397
[1, 2, 1.5759261234076791, 42.218980822590446, 1] 7.730902899610385
[1, 2, 26.814322107716855, 22.35320615379918, 1] 0.169685014508417
[1, 2, 26.334365312380694, 5.5384937918685715, 1] 0.006868929099876
[1, 2, 13.980225803793996, 7.912870145777486, 1] 0.271845636529595
[1, 2, 19.187045034890875, 43.44444658167341, 1] 827.0861345247866
[1, 2, 33.2379879783829, 31.730618137214435, 1] 21.225506223771557
[1, 2, 22.621209244561292, 37.157483050852356, 1] 1.947926449243312
[1, 2, 2.2584374911864336, 36.00879108932276, 1] 9.330327490217723
[1, 2, -0.8541706261750095, 15.340959994775911, 1] 3.59544527046872
[1, 2, 2.379072008807027, 11.600222938969036, 1] 0.060669437351466
[1, 2, 7.044321577103341, 46.00077305846632, 1] 1.224970521809339
