[1, 1, 0, 0, 0.5608278779296749] 0.040763829999374
[1, 1, 0, 0, 3.393635371740422] 0.176623826540203
[1, 1, 0, 0, 7.178627226371564] 0.375298170484765
[1, 1, 0, 0, 2.148693293649948] 0.404981469264617
[1, 1, 0, 0, 13.551146147836457] 0.392873998895321
[1, 1, 0, 0, 1.4610168787225009] 0.003802605489076
[1, 1, 0, 0, 6.100479524297715] 0.360970213501008
[1, 1, 0, 0, 1.3169927581752594] 0.016320918847622
[1, 1, 0, 0, 19.38445878645209] 0.398091768663889
[1, 1, 0, 0, 14.792243678178895] 0.394210331275781
[1, 1, 0, 0, 17.232251603844176] 0.396451477446034
[1, 1, 0, 0, 16.309346646515063] 0.395656712745836
[1, 1, 0, 0, 18.84094791680033] 0.397703439465534
[1, 1, 0, 0, 10.154893497597255] 0.387901487355549
[1, 1, 0, 0, 2.367590415055405] 0.406774489409666
[1, 1, 0, 0, 17.84110708298886] 0.396944261888081
[1, 1, 0, 0, 16.186377777313382] 0.395546215680936
[1, 1, 0, 0, 9.943511312188784] 0.387456695651902
[1, 1, 0, 0, 5.408089565736594] 0.343275527153191
[1, 1, 0, 0, 1.247807775855927] 0.02354195850711
[1, 1, 0, 0, 5.776065682332638] 0.353863911173808
[1, 1, 0, 0, 17.011958584659045] 0.396267150179705
[1, 1, 0, 0, 10.488908620611317] 0.388550102943241
[1, 1, 0, 0, 3.5166524334806604] 0.192944234035998
[1, 1, 0, 0, 2.7336974069729303] 0.093575573144533
[1, 1, 0, 0, 17.138401260953458] 0.396373350353398
[1, 1, 0, 0, 2.532671335956771] 0.050660098050617
[1, 1, 0, 0, 0.7307037186761733] 0.008053986454345
[1, 1, 0, 0, 4.875975320345745] 0.321178158496729
[1, 1, 0, 0, 11.959944388458476] 0.390882892698568
[1, 1, 0, 0, 19.614083837121473] 0.398250955656594
[1, 1, 0, 0, 10.448820809664944] 0.388475378046714
[1, 1, 0, 0, 11.09543781506593] 0.389596106481215
[1, 1, 0, 0, 8.482293951852103] 0.383162337298888
[1, 1, 0, 0, 14.573465307531915] 0.393985726796342
[1, 1, 0, 0, 13.41599745075892] 0.392718588418786
[1, 1, 0, 0, 2.8034087363751126] 0.105855691478588
[1, 1, 0, 0, 19.445133025568385] 0.398134102007307
[1, 1, 0, 0, 3.77690138241495] 0.229472029026458
[1, 1, 0, 0, 3.73989734354069] 0.22471653020211
[1, 1, 0, 0, 2.911391258050091] 0.122808821528121
[1, 1, 0, 0, 15.419667314813154] 0.394831151473976
[1, 1, 0, 0, 7.1913103559540765] 0.375409779327025
[1, 1, 0, 0, 17.184592681452038] 0.396411877029752
[1, 1, 0, 0, 6.154638858765898] 0.361993071243221
[1, 1, 0, 0, 14.056329999166623] 0.393436839769517
[1, 1, 0, 0, 12.686973460596223] 0.39184015868028
[1, 1, 0, 0, 15.53723854811224] 0.394943813747345
[1, 1, 0, 0, 5.773438166225031] 0.353798700197595
[1, 1, 0, 0, 13.789070445554916] 0.393142510896684
[1, 1, 0, 0, 8.851179232739035] 0.384520342216146
[1, 1, 0, 0, 11.766465284115723] 0.390611081618606
[1, 1, 0, 0, 10.577001683494254] 0.388711600529563
[1, 1, 0, 0, 3.239163132929155] 0.162422771378919
[1, 1, 0, 0, 7.122122492096874] 0.374788215503783
[1, 1, 0, 0, 18.380476685926663] 0.397361251534106
[1, 1, 0, 0, 10.76418134400898] 0.38904320577796
[1, 1, 0, 0, 3.2775678847178535] 0.166165237504087
[1, 1, 0, 0, 11.743119145225144] 0.390577723496993
[1, 1, 0, 0, 3.6293714470125016] 0.409007216222231
[1, 1, 0, 0, 7.636696104041976] 0.378797326351447
[1, 1, 0, 0, 7.990204996301604] 0.380884930876675
[1, 1, 0, 0, 8.587064408802135] 0.383573904737607
[1, 1, 0, 0, 9.644071075803414] 0.386771190171535
[1, 1, 0, 0, 16.969431839001206] 0.396231186710041
[1, 1, 0, 0, 3.7062890220980083] 0.408965453217725
[1, 1, 0, 0, 9.413427315215632] 0.386190234650839
[1, 1, 0, 0, 17.181603383398137] 0.396409388104572
[1, 1, 0, 0, 11.144040912742392] 0.389673992022
[1, 1, 0, 0, 6.894470568365421] 0.406613169104412
[1, 1, 0, 0, 2.117228378848295] 0.404663039723023
[1, 1, 0, 0, 12.003037962066081] 0.390942352657132
[1, 1, 0, 0, 6.616048095413014] 0.406754547994336
[1, 1, 0, 0, 2.5537803405413273] 0.40778390124179
[1, 1, 0, 0, 7.094128776607298] 0.374528298603922
[1, 1, 0, 0, 1.7047194814265598] 0.399436741008118
[1, 1, 0, 0, 12.216786521474868] 0.391231858057854
[1, 1, 0, 0, 5.933278525180894] 0.357530793089854
[1, 1, 0, 0, 10.362159707405924] 0.388311068752518
[1, 1, 0, 0, 17.823803632036427] 0.396930586180122
[1, 1, 0, 0, 8.681708621859867] 0.383927287987357
[1, 1, 0, 0, 9.638100871679985] 0.386756785199215
[1, 1, 0, 0, 19.108636898532115] 0.397896749899882
[1, 1, 0, 0, 10.365654531025415] 0.388317770398983
[1, 1, 0, 0, 18.130105364966205] 0.397169906828462
[1, 1, 0, 0, 14.781296055268069] 0.394199195155912
[1, 1, 0, 0, 18.588023291442784] 0.397517022583311
[1, 1, 0, 0, 4.650279160304169] 0.308474084840235
[1, 1, 0, 0, 15.061157509813981] 0.394480547867642
[1, 1, 0, 0, 2.7120814084735767] 0.089529651702652
[1, 1, 0, 0, 14.551907469376124] 0.393963354511777
[1, 1, 0, 0, 19.894716984320905] 0.398441716301985
[1, 1, 0, 0, 10.845841469757351] 0.389183303916152
[1, 1, 0, 0, 3.8435585272297668] 0.237690780873019
[1, 1, 0, 0, 17.1705361819132] 0.396400168191656
[1, 1, 0, 0, 18.36163103950967] 0.397346980440692
[1, 1, 0, 0, 9.910124709207086] 0.387383670454722
[1, 1, 0, 0, 6.113017661212075] 0.36121079694282
[1, 1, 0, 0, 0.39885818003534856] 0.135940595592044
[1, 1, 0, 0, 9.283969705436553] 0.385840478627203
[1, 1, 0, 0, 4.848271956186451] 0.31974305980566
[1, 1, 0, 0, 7.109041455154972] 0.374667386435585
[1, 1, 0, 0, 19.317016789559286] 0.398044465968854
[1, 1, 0, 0, 16.885970564207888] 0.396160249594204
[1, 1, 0, 0, 19.409561078501376] 0.39810930323373
[1, 1, 0, 0, 4.115288437728603] 0.266942395763375
[1, 1, 0, 0, 13.09853382348346] 0.392344768864233
[1, 1, 0, 0, 2.8235479078752945] 0.109198817778416
[1, 1, 0, 0, 3.3060675936061834] 0.168846544947369
[1, 1, 0, 0, 18.836459837979987] 0.397700165956056
[1, 1, 0, 0, 0.7985922813869739] 0.020092561092653
[1, 1, 0, 0, 2.89481212990202] 0.408766336110798
[1, 1, 0, 0, 2.8652803934874282] 0.115855341684324
[1, 1, 0, 0, 1.9926852498948389] 0.403255508597949
[1, 1, 0, 0, 11.386436426667363] 0.390051513472413
[1, 1, 0, 0, 1.464362857909438] 0.004370267534116
[1, 1, 0, 0, 17.26904255833335] 0.396481943607266
[1, 1, 0, 0, 1.362174351594172] 0.010792831339178
[1, 1, 0, 0, 2.1222346811869386] 0.404714738871857
[1, 1, 0, 0, 16.698984973041636] 0.395999555989977
[1, 1, 0, 0, 13.562474664368949] 0.392886928914922
[1, 1, 0, 0, 9.193893964183593] 0.385585906046875
[1, 1, 0, 0, 19.18157361014058] 0.397948729054459
[1, 1, 0, 0, 3.9229567998999815] 0.246919796793773
[1, 1, 0, 0, 11.519561626157317] 0.390251653011189
[1, 1, 0, 0, 18.679816822537404] 0.397585108723188
[1, 1, 0, 0, 1.0693665267915398] 0.034477149241929
[1, 1, 0, 0, 18.046323107021294] 0.397105023994515
[1, 1, 0, 0, 6.276639693623514] 0.364148765608535
[1, 1, 0, 0, 2.218158662372074] 0.405629376281159
[1, 1, 0, 0, 16.65412030411526] 0.395960634354729
[1, 1, 0, 0, 7.347020211456905] 0.406411322846116
[1, 1, 0, 0, 6.074048993708829] 0.360455519809343
[1, 1, 0, 0, 19.570434047560816] 0.398220911215198
[1, 1, 0, 0, 1.5117737808162124] 0.013169995178477
[1, 1, 0, 0, 2.9077440477028493] 0.122273508377974
[1, 1, 0, 0, 10.723160819105358] 0.388971808709825
[1, 1, 0, 0, 9.951130216526256] 0.38747324891707
[1, 1, 0, 0, 0.7639841344294185] 0.014453333623231
[1, 1, 0, 0, 12.5864941100987] 0.391713200484705
[1, 1, 0, 0, 8.268470498564088] 0.382248387769258
[1, 1, 0, 0, 19.76805445225115] 0.398356125022151
[1, 1, 0, 0, 1.8097776229184004] 0.400859694874453
[1, 1, 0, 0, 5.98133902712399] 0.358565186022231
[1, 1, 0, 0, 19.663829307982173] 0.398285074083326
[1, 1, 0, 0, 3.844440673744327] 0.237796595188529
[1, 1, 0, 0, 11.09789796341975] 0.389600067400136
[1, 1, 0, 0, 9.858482783846261] 0.387269117052236
[1, 1, 0, 0, 16.517362965813714] 0.395841108875093
[1, 1, 0, 0, 2.34386879431012] 0.406614285327793
[1, 1, 0, 0, 16.28230537850881] 0.395632501565394
[1, 1, 0, 0, 10.59988863594955] 0.388752968801246
[1, 1, 0, 0, 3.178871546548816] 0.156223712178496
[1, 1, 0, 0, 2.5256120621901923] 0.048897130997702
[1, 1, 0, 0, 11.787658902208683] 0.390641256630375
[1, 1, 0, 0, 19.775483716615405] 0.398361165010748
[1, 1, 0, 0, 14.10249967818743] 0.393486878639122
[1, 1, 0, 0, 8.829225502701199] 0.384446215832105
[1, 1, 0, 0, 13.284034056227155] 0.392564729696102
[1, 1, 0, 0, 6.763983808663179] 0.406677703165033
[1, 1, 0, 0, 17.46281655352854] 0.396640924937279
[1, 1, 0, 0, 2.421338537152482] 0.407109467902289
[1, 1, 0, 0, 9.795974151805654] 0.387127771563188
[1, 1, 0, 0, 17.596202994778437] 0.396748932433145
[1, 1, 0, 0, 12.116904452927479] 0.391097673488387
[1, 1, 0, 0, 17.135698934181672] 0.396371091982743
[1, 1, 0, 0, 4.6721447499865825] 0.309811006589048
[1, 1, 0, 0, 16.937681401866875] 0.396204255479463
[1, 1, 0, 0, 17.582034566933164] 0.396737514528115
[1, 1, 0, 0, 4.415906916395064] 0.29251564080154
[1, 1, 0, 0, 0.17317744349175213] 0.326771847742468
[1, 1, 0, 0, 19.827299936548172] 0.398396212255299
[1, 1, 0, 0, 13.238505984627547] 0.392511149286428
[1, 1, 0, 0, 0.31259061822427103] 0.349948488963899
[1, 1, 0, 0, 4.565073481969786] 0.303027389664413
[1, 1, 0, 0, 19.781929342189446] 0.398365539440181
[1, 1, 0, 0, 17.171374747533033] 0.396400867076034
[1, 1, 0, 0, 11.68584554891315] 0.390495353153239
[1, 1, 0, 0, 1.9050765029829075] 0.402142802483205
[1, 1, 0, 0, 13.610754901223217] 0.392941869314886
[1, 1, 0, 0, 7.256971133257693] 0.406448902932844
[1, 1, 0, 0, 0.05775844870272051] 259.5011184818738
[1, 1, 0, 0, 18.796243850121563] 0.397670762755633
[1, 1, 0, 0, 15.083018742865699] 0.394502240711807
[1, 1, 0, 0, 13.49822149934592] 0.392813395225618
[1, 1, 0, 0, 8.378816005102582] 0.382733120474959
[1, 1, 0, 0, 15.369494669174761] 0.394782730176353
[1, 1, 0, 0, 13.403564057061065] 0.392704182299629
[1, 1, 0, 0, 18.89355853327872] 0.397741764017695
[1, 1, 0, 0, 0.948850345775567] 0.033799314824086
[1, 1, 0, 0, 1.5161520255662086] 0.014070154182671
[1, 1, 0, 0, 11.397117928789896] 0.390067754746222
[1, 1, 0, 0, 17.009052593215312] 0.396264696619984
[1, 1, 0, 0, 14.571723700132633] 0.393983921038459
[1, 1, 0, 0, 0.6516176888795533] 0.011169718231936
[1, 1, 0, 0, 11.672193664287548] 0.390475605119843
[1, 1, 0, 0, 0.19496950437983163] 0.335874719307649
[1, 1, 0, 0, 10.605073844991379] 0.388762308162318
[1, 1, 0, 0, 9.602564189345646] 0.386670346363409
[1, 1, 0, 0, 10.07994517217579] 0.387747113878421
[1, 1, 0, 0, 11.807176083069141] 0.390668955275238
[1, 1, 0, 0, 18.731219741534233] 0.397623021818979
[1, 1, 0, 0, 15.632724376682996] 0.395034493407056
[1, 1, 0, 0, 18.869125340434948] 0.397723977057657
[1, 1, 0, 0, 18.030971550927354] 0.397093088527609
[1, 1, 0, 0, 6.551417616841475] 0.368340234627176
[1, 1, 0, 0, 0.2954464892584441] 0.347359861395186
[1, 1, 0, 0, 13.329022799006442] 0.392617422167546
[1, 1, 0, 0, 5.920538408518599] 0.357250066131843
[1, 1, 0, 0, 17.063344631410075] 0.396310440763382
[1, 1, 0, 0, 3.3709338087440788] 0.174670072801237
[1, 1, 0, 0, 15.10577767697093] 0.394524777306947
[1, 1, 0, 0, 6.031885840121225] 0.359612522750658
[1, 1, 0, 0, 13.851595916292169] 0.393212038406509
[1, 1, 0, 0, 13.411719133158176] 0.392713633381306
[1, 1, 0, 0, 4.252775582679799] 0.408544698274555
[1, 1, 0, 0, 4.9959405398744465] 0.327028969194271
[1, 1, 0, 0, 16.104975654905978] 0.395472448960685
[1, 1, 0, 0, 4.1001968331272876] 0.265483171461997
[1, 1, 0, 0, 1.866583098387038] 0.401630608121819
[1, 1, 0, 0, 18.94167948337842] 0.397776658551128
[1, 1, 0, 0, 9.33495112785395] 0.385980400205127
[1, 1, 0, 0, 6.274082070397855] 0.406948006703644
[1, 1, 0, 0, 2.925029247281894] 0.124788942887927
[1, 1, 0, 0, 14.523656148294396] 0.393933970780372
[1, 1, 0, 0, 8.20194731886502] 0.381941662378274
[1, 1, 0, 0, 1.2661837610178361] 0.021771620749367
[1, 1, 0, 0, 10.894229061086918] 0.389265096871016
[1, 1, 0, 0, 17.372828322615348] 0.39656740243357
[1, 1, 0, 0, 3.858688679835154] 0.239495609292749
[1, 1, 0, 0, 14.07279218053003] 0.393454675675959
[1, 1, 0, 0, 10.813256793940313] 0.389127716678491
[1, 1, 0, 0, 8.361621046987437] 0.382659478077817
[1, 1, 0, 0, 15.872551427178736] 0.395259060292235
[1, 1, 0, 0, 17.21935430285506] 0.39644077593157
[1, 1, 0, 0, 19.52183677576134] 0.398187371941323
[1, 1, 0, 0, 2.7365631708026594] 0.094103176834486
[1, 1, 0, 0, 15.183606360159898] 0.394601511173007
[1, 1, 0, 0, 10.3854973705128] 0.388355698825102
[1, 1, 0, 0, 14.164953246566458] 0.393554276286865
[1, 1, 0, 0, 12.892128330061233] 0.392094681819917
[1, 1, 0, 0, 8.050208047973157] 0.381197535397487
[1, 1, 0, 0, 18.157235221092893] 0.397190824470103
[1, 1, 0, 0, 11.72601680032148] 0.39055320722035
[1, 1, 0, 0, 16.39559463585514] 0.395733550564175
[1, 1, 0, 0, 13.277860662288631] 0.39255747962528
[1, 1, 0, 0, 5.341453989267837] 0.341002397250695
[1, 1, 0, 0, 13.242469553118607] 0.392515824203876
[1, 1, 0, 0, 11.76518051602522] 0.390609249117836
[1, 1, 0, 0, 1.3205164704771555] 0.015912961754872
[1, 1, 0, 0, 9.188878285791183] 0.385571439905704
[1, 1, 0, 0, 10.536264635934486] 0.388637372918509
[1, 1, 0, 0, 14.23404913033744] 0.393628389538662
[1, 1, 0, 0, 13.954074642383265] 0.393325090505799
[1, 1, 0, 0, 8.992045468107593] 0.384978309782187
[1, 1, 0, 0, 13.954447457022916] 0.393325495981562
[1, 1, 0, 0, 8.034226336501076] 0.38111533321914
[1, 1, 0, 0, 16.62226558163639] 0.395932912661343
[1, 1, 0, 0, 19.169572074614496] 0.397940190344475
[1, 1, 0, 0, 5.386005660131998] 0.342535656414789
[1, 1, 0, 0, 11.327336013544315] 0.389961069232388
[1, 1, 0, 0, 14.107027090906909] 0.393491776774004
[1, 1, 0, 0, 10.331399061547227] 0.388251801145772
[1, 1, 0, 0, 14.929647832003303] 0.394349202102645
[1, 1, 0, 0, 1.0861999614544593] 0.03399039269462
[1, 1, 0, 0, 12.211886312575375] 0.391225318146559
[1, 1, 0, 0, 10.300309554920183] 0.38819137905265
[1, 1, 0, 0, 8.047130613360387] 0.381181765620613
[1, 1, 0, 0, 12.123026863480513] 0.391105953073818
[1, 1, 0, 0, 19.415622884958122] 0.39811353358006
[1, 1, 0, 0, 11.855441963921365] 0.390737090874724
[1, 1, 0, 0, 3.0225564397463867] 0.138011858177535
[1, 1, 0, 0, 14.07404720026572] 0.393456026425883
[1, 1, 0, 0, 7.686968671547039] 0.379122404910211
[1, 1, 0, 0, 15.881921943162814] 0.395267743552414
[1, 1, 0, 0, 14.094785559026967] 0.393478527044542
[1, 1, 0, 0, 19.64362269333544] 0.398271218645473
[1, 1, 0, 0, 4.211978841338815] 0.275871407506021
[1, 1, 0, 0, 1.8808716079929266] 0.401822000792923
[1, 1, 0, 0, 0.10334017637303017] 2.189586646017439
[1, 1, 0, 0, 16.54809281058464] 0.395868083237256
[1, 1, 0, 0, 6.517144421162222] 0.406808185249254
[1, 1, 0, 0, 6.675246998012307] 0.40672331918925
[1, 1, 0, 0, 12.538887759262337] 0.391652497039825
[1, 1, 0, 0, 14.527849847314831] 0.39393833709309
[1, 1, 0, 0, 7.3307849452370055] 0.406418015595437
[1, 1, 0, 0, 12.275442192147931] 0.391309801600889
[1, 1, 0, 0, 1.8117327125719185] 0.400886398169887
[1, 1, 0, 0, 3.568344432346886] 0.200782039196636
[1, 1, 0, 0, 15.636030684930036] 0.395037620113338
[1, 1, 0, 0, 9.902903825009544] 0.387367770861251
[1, 1, 0, 0, 12.642607087019735] 0.391784292866357
[1, 1, 0, 0, 7.370059967447242] 0.406401899956988
[1, 1, 0, 0, 5.236304235174421] 0.407682516710818
[1, 1, 0, 0, 7.192297123726885] 0.375418424260238
[1, 1, 0, 0, 12.854285478532347] 0.392048191400822
[1, 1, 0, 0, 19.230800775169865] 0.397983605280175
[1, 1, 0, 0, 15.716370029762555] 0.395113328699223
[1, 1, 0, 0, 14.485177941840718] 0.393893839032833
[1, 1, 0, 0, 8.861627466427986] 0.384555351060367
[1, 1, 0, 0, 3.9968969407150556] 0.254993435658583
[1, 1, 0, 0, 2.6743290454238777] 0.082170524840395
[1, 1, 0, 0, 3.1064405519983262] 0.148197935506411
[1, 1, 0, 0, 7.730651881535254] 0.406264331387349
[1, 1, 0, 0, 7.819279128511112] 0.406233213411714
[1, 1, 0, 0, 8.660174573951043] 0.383848350014224
[1, 1, 0, 0, 3.587502623896517] 0.203612706456476
[1, 1, 0, 0, 17.68592983588175] 0.396820940605999
[1, 1, 0, 0, 0.017579368694486952] 227107276345784.0
[1, 1, 0, 0, 12.081054761884245] 0.39104904728909
[1, 1, 0, 0, 14.874626349706762] 0.394293790103142
[1, 1, 0, 0, 2.032999753281415] 0.403735777027579
[1, 1, 0, 0, 8.649275381713954] 0.383808072624613
[1, 1, 0, 0, 8.303374491185036] 0.382404875354906
[1, 1, 0, 0, 15.598661046235199] 0.395002227342958
[1, 1, 0, 0, 4.928639628038831] 0.323817740513729
[1, 1, 0, 0, 8.069437774703353] 0.381295442886744
[1, 1, 0, 0, 17.402848927149556] 0.396591989099456
[1, 1, 0, 0, 18.32229640796145] 0.397317125148191
[1, 1, 0, 0, 6.986327882972847] 0.406569505679914
[1, 1, 0, 0, 8.351008315607995] 0.382613684725048
[1, 1, 0, 0, 3.6539418906150867] 0.408994609859904
[1, 1, 0, 0, 3.9237214957635635] 0.247005876840141
[1, 1, 0, 0, 19.159239718591962] 0.397932886409948
[1, 1, 0, 0, 9.009973901557819] 0.385034502236977
[1, 1, 0, 0, 6.239685789405076] 0.406968743568185
[1, 1, 0, 0, 14.021299203661306] 0.393398647817556
[1, 1, 0, 0, 2.6592855909924196] 0.079128943667073
[1, 1, 0, 0, 15.093610879698085] 0.394512735776864
[1, 1, 0, 0, 8.688230618857682] 0.383951029860542
[1, 1, 0, 0, 18.148421594595355] 0.397184033930868
[1, 1, 0, 0, 10.637349534444223] 0.388820171680178
[1, 1, 0, 0, 11.494278028401991] 0.390214025211267
[1, 1, 0, 0, 9.453211190096988] 0.386294098822901
[1, 1, 0, 0, 4.830960243274225] 0.318829511070706
[1, 1, 0, 0, 6.77821489298903] 0.37121809961907
[1, 1, 0, 0, 19.847684030001144] 0.39840997506724
[1, 1, 0, 0, 17.022399133375867] 0.396275960485054
[1, 1, 0, 0, 13.337754561739825] 0.392627620240179
[1, 1, 0, 0, 9.55884032007473] 0.386562396986386
[1, 1, 0, 0, 12.751072903387827] 0.39192034638139
[1, 1, 0, 0, 1.2068608306458084] 0.027088463160715
[1, 1, 0, 0, 3.9871498429281793] 0.253956898747783
[1, 1, 0, 0, 12.827311238228283] 0.392014928590207
[1, 1, 0, 0, 7.572676920193102] 0.406322382735012
[1, 1, 0, 0, 8.370113389270738] 0.382695934032625
[1, 1, 0, 0, 14.817950500421766] 0.394236440480502
[1, 1, 0, 0, 11.623347702329577] 0.390404580295884
[1, 1, 0, 0, 13.806551578360466] 0.393161992210985
[1, 1, 0, 0, 7.315184428007582] 0.376453038417504
[1, 1, 0, 0, 2.9803827081510548] 0.132488377304708
[1, 1, 0, 0, 1.2818853072528325] 0.020173665101215
[1, 1, 0, 0, 12.965299507719372] 0.392184003680068
[1, 1, 0, 0, 14.314521732907348] 0.393714117723879
[1, 1, 0, 0, 11.649589418817712] 0.390442809028502
[1, 1, 0, 0, 19.97239280528104] 0.398493779218002
[1, 1, 0, 0, 6.570991261910137] 0.368607660591511
[1, 1, 0, 0, 10.56281822621871] 0.388685843824246
[1, 1, 0, 0, 4.91003849513713] 0.322898482217594
[1, 1, 0, 0, 10.28452515503166] 0.388160498394294
[1, 1, 0, 0, 1.4258815449671292] 0.00183221674396
[1, 1, 0, 0, 19.82522128167011] 0.398394806979928
[1, 1, 0, 0, 12.70115960069991] 0.391857958551804
[1, 1, 0, 0, 10.10766020402103] 0.387804611502476
[1, 1, 0, 0, 18.64938524597204] 0.397562591116449
[1, 1, 0, 0, 14.627223167454597] 0.394041322811103
[1, 1, 0, 0, 12.298395991286428] 0.391340134903392
[1, 1, 0, 0, 18.97509301258326] 0.397800819948093
[1, 1, 0, 0, 9.70816627364287] 0.386923967189952
[1, 1, 0, 0, 10.671820436059276] 0.388881464809652
[1, 1, 0, 0, 3.5991703714067214] 0.205316989440338
[1, 1, 0, 0, 13.087534090135653] 0.392331586035223
[1, 1, 0, 0, 0.19361678719223896] 0.335622755530717
[1, 1, 0, 0, 16.222722245815156] 0.395578991253816
[1, 1, 0, 0, 7.86796105540261] 0.406216539762122
[1, 1, 0, 0, 7.796900542992205] 0.406240972551767
[1, 1, 0, 0, 11.507058515172819] 0.390233064855466
[1, 1, 0, 0, 7.136771657373848] 0.374922261866128
[1, 1, 0, 0, 12.079829133335458] 0.391047380443335
[1, 1, 0, 0, 8.16833439401888] 0.381782298787751
[1, 1, 0, 0, 9.260491839789731] 0.385775041915218
[1, 1, 0, 0, 15.373893901030922] 0.394786984124689
[1, 1, 0, 0, 11.04054994292447] 0.389507209252762
[1, 1, 0, 0, 10.791393082296505] 0.389090184905155
[1, 1, 0, 0, 13.004562519430271] 0.392231628540082
[1, 1, 0, 0, 15.657378219634337] 0.395057787055441
[1, 1, 0, 0, 1.1202204453505415] 0.032627839163959
[1, 1, 0, 0, 11.615250290662884] 0.390392750064116
[1, 1, 0, 0, 17.125279092649258] 0.396362379364652
[1, 1, 0, 0, 11.85533736858253] 0.390736943772993
[1, 1, 0, 0, 13.13624919695459] 0.39238984900316
[1, 1, 0, 0, 10.80660719564743] 0.389116321849266
[1, 1, 0, 0, 10.093939357527653] 0.387776208016897
[1, 1, 0, 0, 7.98883140020032] 0.380877645566348
[1, 1, 0, 0, 6.304204519061274] 0.406930049243699
[1, 1, 0, 0, 3.6941270594158193] 0.218638409316097
[1, 1, 0, 0, 10.285738029269586] 0.388162876183729
[1, 1, 0, 0, 3.0598124041400143] 0.142661798877536
[1, 1, 0, 0, 8.572028352831415] 0.383516192022813
[1, 1, 0, 0, 2.7002652607372934] 0.087267247148941
[1, 1, 0, 0, 10.359733502287336] 0.388306412471491
[1, 1, 0, 0, 8.618939944958141] 0.383694804788914
[1, 1, 0, 0, 1.0027066909474125] 0.035066642404655
[1, 1, 0, 0, 17.261500107964356] 0.396475705151691
[1, 1, 0, 0, 6.137921713143433] 0.361681852261779
[1, 1, 0, 0, 10.451213026927464] 0.388479859482813
[1, 1, 0, 0, 8.330891866944247] 0.382526159577577
[1, 1, 0, 0, 10.941063310626774] 0.389343429576209
[1, 1, 0, 0, 19.734071924684113] 0.398333064831539
[1, 1, 0, 0, 16.216977084121922] 0.395573816821486
[1, 1, 0, 0, 9.562577430649364] 0.386571691378423
[1, 1, 0, 0, 15.732266147782184] 0.395128248268868
[1, 1, 0, 0, 6.693491008365] 0.370197634665734
[1, 1, 0, 0, 9.53897920590978] 0.386512771223659
[1, 1, 0, 0, 3.9897528324189757] 0.254234602697556
[1, 1, 0, 0, 9.258353070351735] 0.385769049205232
[1, 1, 0, 0, 6.8908425007749985] 0.372482863953684
[1, 1, 0, 0, 6.964691579662244] 0.40657965844024
[1, 1, 0, 0, 11.504300884833755] 0.390228959970985
[1, 1, 0, 0, 11.343120861038097] 0.389985323008971
[1, 1, 0, 0, 11.465259014437981] 0.39017064511996
[1, 1, 0, 0, 0.21334748501784073] 0.337780838864227
[1, 1, 0, 0, 4.204774293774158] 0.275230422951684
[1, 1, 0, 0, 14.145175067300082] 0.393532988224594
[1, 1, 0, 0, 12.421455736645907] 0.391501188004915
[1, 1, 0, 0, 8.560435176437178] 0.383471390706512
[1, 1, 0, 0, 11.512348614693874] 0.390240934234604
[1, 1, 0, 0, 0.5614775617317092] 0.040519268686583
[1, 1, 0, 0, 2.3056077540626907] 0.406339221717423
[1, 1, 0, 0, 3.241060538834195] 0.162611300592384
[1, 1, 0, 0, 17.36085040053458] 0.396557576021852
[1, 1, 0, 0, 13.369188185868081] 0.392664255330326
[1, 1, 0, 0, 7.670694244488141] 0.379018281654782
[1, 1, 0, 0, 14.809690232725814] 0.394228056171025
[1, 1, 0, 0, 2.060739062288308] 0.404052909097982
[1, 1, 0, 0, 11.382926294236348] 0.390046169351866
[1, 1, 0, 0, 19.75419513358177] 0.398346708357507
[1, 1, 0, 0, 2.213095638867053] 0.405584723026065
[1, 1, 0, 0, 15.627837557415138] 0.39502986869652
[1, 1, 0, 0, 9.990948921864874] 0.387559107229545
[1, 1, 0, 0, 8.859532817286045] 0.384548346348599
[1, 1, 0, 0, 6.955448958241854] 0.406584023634783
[1, 1, 0, 0, 0.6246484718463652] 0.019068714373941
[1, 1, 0, 0, 3.4941773434771206] 0.189446130260732
[1, 1, 0, 0, 10.503708690192168] 0.388577492498917
[1, 1, 0, 0, 10.931020489019765] 0.389326700364088
[1, 1, 0, 0, 18.94618797296728] 0.397779922223663
[1, 1, 0, 0, 5.520224912478797] 0.346836719689803
[1, 1, 0, 0, 17.565107266357277] 0.396723856327798
[1, 1, 0, 0, 15.668929189995772] 0.395068684114779
[1, 1, 0, 0, 2.5308528936111885] 0.05020794842443
[1, 1, 0, 0, 2.2953699899867996] 0.406262044155306
[1, 1, 0, 0, 4.703610015313487] 0.311692955120798
[1, 1, 0, 0, 10.21636314020432] 0.388025529686625
[1, 1, 0, 0, 14.229118283104068] 0.393623119736065
[1, 1, 0, 0, 12.329750014626509] 0.391381418388725
[1, 1, 0, 0, 16.283065941558846] 0.395633183046942
[1, 1, 0, 0, 5.21951119170307] 0.407696238085219
[1, 1, 0, 0, 17.356940034077784] 0.396554365996754
[1, 1, 0, 0, 17.46876777804185] 0.396645768516764
[1, 1, 0, 0, 11.006908231409627] 0.389452215715523
[1, 1, 0, 0, 2.4075028874261917] 0.407026862563888
[1, 1, 0, 0, 7.754093111836129] 0.406256012989655
[1, 1, 0, 0, 16.99460028155109] 0.396252485797409
[1, 1, 0, 0, 4.78705962627288] 0.316453554636555
[1, 1, 0, 0, 0.24501460862841773] 0.340058351321586
[1, 1, 0, 0, 15.216816253797777] 0.394634099042617
[1, 1, 0, 0, 18.959270395572] 0.397789395298559
[1, 1, 0, 0, 10.461549969916625] 0.388499191389373
[1, 1, 0, 0, 7.358701610930529] 0.40640653497363
[1, 1, 0, 0, 0.9119298375397356] 0.031911046709174
[1, 1, 0, 0, 12.053164779305309] 0.391011044162603
[1, 1, 0, 0, 9.845095410627637] 0.387239096223088
[1, 1, 0, 0, 7.115220630238754] 0.374724596273085
[1, 1, 0, 0, 7.823577769723046] 0.406231725528709
[1, 1, 0, 0, 17.29576279340021] 0.396504013770989
[1, 1, 0, 0, 8.752434815933526] 0.384180727560275
[1, 1, 0, 0, 17.618560766736465] 0.396766923546712
[1, 1, 0, 0, 5.239121363551584] 0.407680219361374
[1, 1, 0, 0, 3.2835075923947565] 0.166730601759971
[1, 1, 0, 0, 5.19623448090891] 0.335603437728536
[1, 1, 0, 0, 12.123338459222644] 0.391106374265235
[1, 1, 0, 0, 3.3787730594117704] 0.409084864309215
[1, 1, 0, 0, 18.668007103778137] 0.397576376610215
[1, 1, 0, 0, 3.3308695891486106] 0.409086335086959
[1, 1, 0, 0, 7.386134070017068] 0.406395372117486
[1, 1, 0, 0, 1.8964363891452596] 0.402028830639182
[1, 1, 0, 0, 8.84182611042132] 0.384488855832657
[1, 1, 0, 0, 10.59454851592616] 0.388743337755146
[1, 1, 0, 0, 19.834101428538684] 0.398400815268864
[1, 1, 0, 0, 16.923430514688075] 0.396192145083886
[1, 1, 0, 0, 14.891824777284162] 0.394311129152201
[1, 1, 0, 0, 11.030414302110893] 0.389490681778733
[1, 1, 0, 0, 8.767495490551445] 0.384233574078276
[1, 1, 0, 0, 19.82593763553385] 0.398395291158115
[1, 1, 0, 0, 9.694269172456693] 0.386891169920696
[1, 1, 0, 0, 3.5136920015410977] 0.192486561503105
[1, 1, 0, 0, 15.464897354374052] 0.39487462601609
[1, 1, 0, 0, 8.989838598050675] 0.384971361317681
[1, 1, 0, 0, 7.692803448921688] 0.406277934449241
[1, 1, 0, 0, 4.19122358129103] 0.274014411657977
[1, 1, 0, 0, 12.381036319768771] 0.391448577017973
[1, 1, 0, 0, 17.298399229548007] 0.396506188819667
[1, 1, 0, 0, 10.208400267242377] 0.388009587582241
[1, 1, 0, 0, 2.640487171723096] 0.408124043227515
[1, 1, 0, 0, 17.415277519008686] 0.396602150675373
[1, 1, 0, 0, 13.660851637319807] 0.392998596614606
[1, 1, 0, 0, 19.051453918224993] 0.397855808480315
[1, 1, 0, 0, 17.952835413286678] 0.397032113231559
[1, 1, 0, 0, 17.986844385992395] 0.397058699485744
[1, 1, 0, 0, 1.307820473268022] 0.0173646499584
[1, 1, 0, 0, 17.575687148928125] 0.396732395131777
[1, 1, 0, 0, 11.036505463500765] 0.389500618428604
[1, 1, 0, 0, 6.981028437123793] 0.406571981013279
[1, 1, 0, 0, 4.834594024958083] 0.319022349115309
[1, 1, 0, 0, 13.451597405175342] 0.392759734587741
[1, 1, 0, 0, 13.001387620799454] 0.392227785289252
[1, 1, 0, 0, 11.921392709974372] 0.39082937439735
[1, 1, 0, 0, 3.552809858158381] 0.409041514796828
[1, 1, 0, 0, 1.1725787920821173] 0.029614315711117
[1, 1, 0, 0, 12.311921717916706] 0.391357965299405
[1, 1, 0, 0, 0.9414211934228311] 0.033489196878491
[1, 1, 0, 0, 18.50130154633128] 0.397452244796562
[1, 1, 0, 0, 15.225223293863031] 0.394642333880469
[1, 1, 0, 0, 4.34974190121517] 0.408458712472234
[1, 1, 0, 0, 13.003359960512821] 0.392230172989784
[1, 1, 0, 0, 19.542204504906422] 0.398201437838099
[1, 1, 0, 0, 8.153233066860432] 0.381709714507188
[1, 1, 0, 0, 12.276407609167766] 0.391311079286004
[1, 1, 0, 0, 11.831976770582436] 0.390704029803961
[1, 1, 0, 0, 0.819007350314267] 0.022951064962527
[1, 1, 0, 0, 7.6926706225172765] 0.406277982554792
[1, 1, 0, 0, 3.8431021917307873] 0.237636012539208
[1, 1, 0, 0, 14.29948251882811] 0.393698177977365
[1, 1, 0, 0, 16.034520877712648] 0.395408199682378
[1, 1, 0, 0, 3.034381456141535] 0.139510534850018
[1, 1, 0, 0, 18.798285217635424] 0.397672257595131
[1, 1, 0, 0, 14.165891284076984] 0.393555301702695
[1, 1, 0, 0, 3.8082491114534123] 0.233392012527202
[1, 1, 0, 0, 6.700926918380059] 0.370289697671773
[1, 1, 0, 0, 9.82996197777802] 0.387204995864064
[1, 1, 0, 0, 7.265624602802834] 0.376045990317915
[1, 1, 0, 0, 1.0537944898562568] 0.034811063120364
[1, 1, 0, 0, 10.044080964592991] 0.387671974786319
[1, 1, 0, 0, 14.261633446601031] 0.393657858508746
[1, 1, 0, 0, 2.4031444266853996] 0.023289050018176
[1, 1, 0, 0, 13.196205582654121] 0.392461133357308
[1, 1, 0, 0, 12.695891497952964] 0.391851352021229
[1, 1, 0, 0, 18.657161625192984] 0.397568350312861
[1, 1, 0, 0, 17.273741908035177] 0.396485828581897
[1, 1, 0, 0, 17.501093557223797] 0.3966720374261
[1, 1, 0, 0, 11.544697289180142] 0.390288905699658
[1, 1, 0, 0, 13.347627124656293] 0.392639139442215
[1, 1, 0, 0, 4.445006581879218] 0.294669583399547
[1, 1, 0, 0, 9.42555565790456] 0.386222082517676
[1, 1, 0, 0, 0.28727195671039985] 0.346038598252692
[1, 1, 0, 0, 10.935855856283114] 0.389334759650337
[1, 1, 0, 0, 13.329867125570772] 0.392618408688772
[1, 1, 0, 0, 12.139404630134884] 0.391128066151966
[1, 1, 0, 0, 5.713918116089884] 0.352285260263411
[1, 1, 0, 0, 11.971089107059196] 0.390898306534197
[1, 1, 0, 0, 19.768984830726733] 0.398356756765045
[1, 1, 0, 0, 0.05005512039505833] 8640173308864700.0
[1, 1, 0, 0, 2.6801446741848056] 0.083329340504888
[1, 1, 0, 0, 3.681401249626155] 0.408979690472893
[1, 1, 0, 0, 15.0164281396715] 0.394436044226465
[1, 1, 0, 0, 8.893174677645861] 0.384660018770345
[1, 1, 0, 0, 1.8553925422010975] 0.401479835948024
[1, 1, 0, 0, 12.767280449258557] 0.3919405249037
[1, 1, 0, 0, 15.600045269688273] 0.395003540270824
[1, 1, 0, 0, 18.848927483938404] 0.397709261682188
[1, 1, 0, 0, 14.6758075560586] 0.39409133578997
[1, 1, 0, 0, 3.7612447580155317] 0.408931811349182
[1, 1, 0, 0, 2.79465735712511] 0.104375362398721
[1, 1, 0, 0, 11.553804591328545] 0.390302365047298
[1, 1, 0, 0, 4.388409979490984] 0.40842410185885
[1, 1, 0, 0, 11.302301272649583] 0.389922454935251
[1, 1, 0, 0, 16.64411399567244] 0.395951934091588
[1, 1, 0, 0, 3.3460802681973956] 0.409086432493383
[1, 1, 0, 0, 9.944081259186264] 0.387457935370404
[1, 1, 0, 0, 11.02428457061462] 0.389480669325107
[1, 1, 0, 0, 1.7866497762368039] 0.400543698453651
[1, 1, 0, 0, 4.236043478305136] 0.277984954716371
[1, 1, 0, 0, 2.383791263042263] 0.017667511666992
[1, 1, 0, 0, 13.820908224177934] 0.393177966792659
[1, 1, 0, 0, 3.9558016963158704] 0.250566535848382
[1, 1, 0, 0, 7.93683443917633] 0.380597493626161
[1, 1, 0, 0, 1.0761776129335021] 0.034295663786483
[1, 1, 0, 0, 9.05386501027823] 0.385170172936825
[1, 1, 0, 0, 16.37609442818741] 0.395716225675218
[1, 1, 0, 0, 17.170373494064105] 0.396400032597509
[1, 1, 0, 0, 3.1654476659258823] 0.154785918495459
[1, 1, 0, 0, 1.390511049958445] 0.006986236105632
[1, 1, 0, 0, 17.718763227582254] 0.396847161368175
[1, 1, 0, 0, 0.012647307353435] 21180309689277.7
[1, 1, 0, 0, 9.083119332215928] 0.385259139195084
[1, 1, 0, 0, 3.4690218384747817] 0.182838739928258
[1, 1, 0, 0, 19.435403139010333] 0.398127325885661
[1, 1, 0, 0, 0.3004807866170234] 0.348154567954904
[1, 1, 0, 0, 8.911704830814205] 0.384720782829462
[1, 1, 0, 0, 1.8538946963749137] 0.401459598758839
[1, 1, 0, 0, 15.190448136429866] 0.394608232413685
[1, 1, 0, 0, 3.4085871995362127] 0.17788864228444
[1, 1, 0, 0, 15.08240758136511] 0.394501634659638
[1, 1, 0, 0, 17.68085827798033] 0.39681688431631
[1, 1, 0, 0, 2.7417759671627095] 0.095057655681167
[1, 1, 0, 0, 10.454343831518958] 0.388485720239431
[1, 1, 0, 0, 3.4373232675860566] 0.180273316223577
[1, 1, 0, 0, 5.170151990597254] 0.33456455682884
[1, 1, 0, 0, 4.914409946291718] 0.323115783710701
[1, 1, 0, 0, 19.420293338835336] 0.398116793233795
[1, 1, 0, 0, 2.9133745974931258] 0.123098907205256
[1, 1, 0, 0, 9.582912874977424] 0.386622031274903
[1, 1, 0, 0, 14.594814573466264] 0.394007838691202
[1, 1, 0, 0, 11.122327759033313] 0.389639292191886
[1, 1, 0, 0, 7.354108033810118] 0.406408410599628
[1, 1, 0, 0, 12.750494069297392] 0.391919625010313
[1, 1, 0, 0, 10.765775160610758] 0.389045965628566
[1, 1, 0, 0, 6.9147601551400495] 0.372738781845387
[1, 1, 0, 0, 13.526728412755357] 0.39284607878005
[1, 1, 0, 0, 14.067361875015159] 0.393448810622475
[1, 1, 0, 0, 14.737720002555669] 0.394154763707393
[1, 1, 0, 0, 1.4979154327347621] 0.010431789356147
[1, 1, 0, 0, 11.266651817964009] 0.389867150846844
[1, 1, 0, 0, 6.811812200009495] 0.406653702079558
[1, 1, 0, 0, 8.949023298249998] 0.384841585726107
[1, 1, 0, 0, 17.169721596495037] 0.396399489247756
[1, 1, 0, 0, 2.5912910179042403] 0.064528769381216
[1, 1, 0, 0, 11.508530734563484] 0.390235255570627
[1, 1, 0, 0, 11.301900380048028] 0.389921835100942
[1, 1, 0, 0, 19.111361777583223] 0.397898701475764
[1, 1, 0, 0, 18.70376510058599] 0.397602791232294
[1, 1, 0, 0, 19.931646268067848] 0.398466499211498
[1, 1, 0, 0, 8.853078153127072] 0.384526717761136
[1, 1, 0, 0, 2.2183229645605484] 0.405630819913496
[1, 1, 0, 0, 13.226550929415133] 0.392497036633251
[1, 1, 0, 0, 10.371304864729144] 0.388328591770597
[1, 1, 0, 0, 12.062787484238452] 0.391024173432212
[1, 1, 0, 0, 4.167686556878523] 0.27186958224935
[1, 1, 0, 0, 13.502118191831043] 0.392817868435642
[1, 1, 0, 0, 7.770051863506255] 0.406250370727938
[1, 1, 0, 0, 19.11114374682842] 0.397898525428268
[1, 1, 0, 0, 8.134758426063824] 0.381620069611789
[1, 1, 0, 0, 19.44924527946339] 0.398136963960065
[1, 1, 0, 0, 18.526802466471338] 0.397471338959712
[1, 1, 0, 0, 2.6980464447502928] 0.086838361909089
[1, 1, 0, 0, 1.0602647492976236] 0.034686181682004
[1, 1, 0, 0, 10.075810018896] 0.387738492476542
[1, 1, 0, 0, 14.555507163940678] 0.393967093261226
[1, 1, 0, 0, 4.419228420143169] 0.292764131752409
[1, 1, 0, 0, 8.771835101697839] 0.384248729951477
[1, 1, 0, 0, 2.1912370055810593] 0.405387245343211
[1, 1, 0, 0, 9.586334794545099] 0.38663046192035
[1, 1, 0, 0, 4.685215421377138] 0.310598715230169
[1, 1, 0, 0, 10.826896065491763] 0.389151034710859
[1, 1, 0, 0, 13.876895248334797] 0.393240051609148
[1, 1, 0, 0, 10.525015578604753] 0.388616739308999
[1, 1, 0, 0, 0.3893197193774589] 0.147031316201973
[1, 1, 0, 0, 18.34656273351273] 0.397335554394371
[1, 1, 0, 0, 5.243999280239155] 0.407676248206614
[1, 1, 0, 0, 0.6961488109887171] 0.00036228979725
[1, 1, 0, 0, 6.299505276539639] 0.406932837057695
[1, 1, 0, 0, 12.99116198787974] 0.392215397735089
[1, 1, 0, 0, 18.682331037380436] 0.397586966688839
[1, 1, 0, 0, 6.004822991420773] 0.359056868431334
[1, 1, 0, 0, 10.932244499847501] 0.389328741275523
[1, 1, 0, 0, 15.873538909930542] 0.395259975670963
[1, 1, 0, 0, 19.782327602140242] 0.398365809715078
[1, 1, 0, 0, 11.710756643445222] 0.390531274357185
[1, 1, 0, 0, 13.24787037613634] 0.392522191139679
[1, 1, 0, 0, 9.500087171244555] 0.386414518299536
[1, 1, 0, 0, 12.033389845842779] 0.39098400553084
[1, 1, 0, 0, 17.166447536689052] 0.396396759920944
[1, 1, 0, 0, 3.0618526796463263] 0.142910519628614
[1, 1, 0, 0, 1.4984733640403847] 0.01053901728431
[1, 1, 0, 0, 2.0920582678913635] 0.404397216051021
[1, 1, 0, 0, 7.932543933364946] 0.380573990960266
[1, 1, 0, 0, 12.813262976958221] 0.391997563767685
[1, 1, 0, 0, 9.326376538751035] 0.3859570591536
[1, 1, 0, 0, 7.153632426369169] 0.375074905436723
[1, 1, 0, 0, 4.236430856756388] 0.278018630962529
[1, 1, 0, 0, 19.357013619045482] 0.398072544662365
[1, 1, 0, 0, 17.847658318792984] 0.396949434705431
[1, 1, 0, 0, 9.681650155663108] 0.386861199026384
[1, 1, 0, 0, 1.0087626194420385] 0.035106946043711
[1, 1, 0, 0, 3.8229691339543104] 0.235199025006806
[1, 1, 0, 0, 14.5230367817224] 0.393933325788134
[1, 1, 0, 0, 3.178425650770209] 0.156176286065119
[1, 1, 0, 0, 5.376219832918827] 0.34220356459649
[1, 1, 0, 0, 18.262966024088314] 0.397271916969623
[1, 1, 0, 0, 19.32542151864039] 0.398050374238446
[1, 1, 0, 0, 10.685623250449222] 0.388905863713123
[1, 1, 0, 0, 6.868743827100872] 0.406625657892095
[1, 1, 0, 0, 15.610002970042817] 0.39501298057585
[1, 1, 0, 0, 9.19203443982741] 0.385580545318285
[1, 1, 0, 0, 7.390532391441003] 0.406393596340829
[1, 1, 0, 0, 0.1444700314369518] 0.561843939202152
[1, 1, 0, 0, 17.075064367993797] 0.396320288965647
[1, 1, 0, 0, 11.18630327320358] 0.389741099152307
[1, 1, 0, 0, 0.26057503198468224] 0.341923798700366
[1, 1, 0, 0, 3.4919381594060184] 0.189094641277612
[1, 1, 0, 0, 16.518338742414677] 0.395841966446568
[1, 1, 0, 0, 5.924804847768539] 0.357344388987777
[1, 1, 0, 0, 10.603970132892675] 0.388760321219746
[1, 1, 0, 0, 11.009340809354029] 0.389456205358257
[1, 1, 0, 0, 17.975594434489167] 0.397049912884478
[1, 1, 0, 0, 19.60230086896644] 0.398242851842296
[1, 1, 0, 0, 13.02529062381096] 0.392256686610772
[1, 1, 0, 0, 5.371244261099857] 0.342033719008542
[1, 1, 0, 0, 0.18442117273151482] 0.333088377032737
[1, 1, 0, 0, 11.223073102030185] 0.389799029278079
[1, 1, 0, 0, 1.3751540383564076] 0.009082720777678
[1, 1, 0, 0, 3.639312346790191] 0.211067212647104
[1, 1, 0, 0, 16.177051923845628] 0.395537789761242
[1, 1, 0, 0, 2.2776791032519483] 0.406125028589638
[1, 1, 0, 0, 8.999685281646721] 0.385002310649247
[1, 1, 0, 0, 5.828003311851604] 0.355125425095855
[1, 1, 0, 0, 11.982159037375409] 0.390913591643593
[1, 1, 0, 0, 4.661533445286549] 0.309165222179453
[1, 1, 0, 0, 15.056835897526682] 0.394476266872497
[1, 1, 0, 0, 1.6770938986015693] 0.399075104761297
[1, 1, 0, 0, 19.571160098608807] 0.398221412232392
[1, 1, 0, 0, 19.060334269371605] 0.397862169728549
[1, 1, 0, 0, 2.141590351297591] 0.404910933761018
[1, 1, 0, 0, 15.824674543264969] 0.395214588605927
[1, 1, 0, 0, 12.153942051768794] 0.39114764716278
[1, 1, 0, 0, 13.558357649793498] 0.392882231593189
[1, 1, 0, 0, 6.986798599420576] 0.406569282784775
[1, 1, 0, 0, 8.0917232892099] 0.381407561883142
[1, 1, 0, 0, 1.682222876772268] 0.39914157376773
[1, 1, 0, 0, 2.268379943332808] 0.406051125901673
[1, 1, 0, 0, 12.053125242586976] 0.391010990180752
[1, 1, 0, 0, 18.008040169473237] 0.397075232777509
[1, 1, 0, 0, 16.279639442171515] 0.395630112489458
[1, 1, 0, 0, 19.862663778586665] 0.398420125760388
[1, 1, 0, 0, 18.19569124884621] 0.397220397798242
[1, 1, 0, 0, 17.791801179972136] 0.396905243376417
[1, 1, 0, 0, 18.245871750981987] 0.397258852142597
[1, 1, 0, 0, 13.584524492463924] 0.392912053571718
[1, 1, 0, 0, 15.486490241261933] 0.394895322048382
[1, 1, 0, 0, 19.34935136288243] 0.39806717375933
[1, 1, 0, 0, 17.778473771180312] 0.396894670268724
[1, 1, 0, 0, 9.378672744305138] 0.386098117583813
[1, 1, 0, 0, 4.62391740234869] 0.306829774473719
[1, 1, 0, 0, 2.5966054051441767] 0.407960999635062
[1, 1, 0, 0, 13.695892338170879] 0.393038107464251
[1, 1, 0, 0, 13.717535260256732] 0.393062443051106
[1, 1, 0, 0, 13.94630377726244] 0.393316537899088
[1, 1, 0, 0, 15.759705729635254] 0.39515395558423
[1, 1, 0, 0, 16.615097701747096] 0.39592666484185
[1, 1, 0, 0, 14.257452905109371] 0.393653394477954
[1, 1, 0, 0, 12.629718980397078] 0.391768007595181
[1, 1, 0, 0, 6.97335640253889] 0.406575583792757
[1, 1, 0, 0, 3.47862813831721] 0.18360380322973
[1, 1, 0, 0, 14.803870137347737] 0.394222146036729
[1, 1, 0, 0, 8.32076654838453] 0.38248174272174
[1, 1, 0, 0, 11.730123239208119] 0.390559099995053
[1, 1, 0, 0, 15.383751888868868] 0.394796510768068
[1, 1, 0, 0, 16.93303096560803] 0.396200305080066
[1, 1, 0, 0, 0.3288002969959747] 0.351943332452635
[1, 1, 0, 0, 12.354184055321827] 0.391413471137671
[1, 1, 0, 0, 13.987797324893158] 0.393361917642048
[1, 1, 0, 0, 9.54799274451343] 0.386535338577727
[1, 1, 0, 0, 11.080137134644204] 0.389571426841189
[1, 1, 0, 0, 15.98363237678229] 0.395361558834296
[1, 1, 0, 0, 18.351192147292096] 0.397339066310934
[1, 1, 0, 0, 19.901847207932676] 0.398446500508588
[1, 1, 0, 0, 5.0074875126778995] 0.327562315875375
[1, 1, 0, 0, 7.393102955843229] 0.406392557043288
[1, 1, 0, 0, 7.539807365374713] 0.378141054782292
[1, 1, 0, 0, 0.9851437035920174] 0.034836298775837
[1, 1, 0, 0, 0.20000717841093474] 0.336627615406057
[1, 1, 0, 0, 9.47650828287794] 0.386354232249884
[1, 1, 0, 0, 4.4846524810410155] 0.297521774081858
[1, 1, 0, 0, 13.348924204181658] 0.392640651975694
[1, 1, 0, 0, 10.85905516423532] 0.389205728421309
[1, 1, 0, 0, 18.121774755388035] 0.397163474726773
[1, 1, 0, 0, 4.731602566745179] 0.313326567361315
[1, 1, 0, 0, 19.448066399851903] 0.398136143658522
[1, 1, 0, 0, 16.914861032307552] 0.396184860665362
[1, 1, 0, 0, 2.9003911172240016] 0.408775621091951
[1, 1, 0, 0, 11.586173587192704] 0.390350135712659
[1, 1, 0, 0, 18.612577305552445] 0.397535283261898
[1, 1, 0, 0, 6.157807034795981] 0.362051607293696
[1, 1, 0, 0, 5.770327847858942] 0.353721365251123
[1, 1, 0, 0, 4.210993453231264] 0.275783963670941
[1, 1, 0, 0, 19.89774197582008] 0.398443748381969
[1, 1, 0, 0, 14.986948889331371] 0.394406615484122
[1, 1, 0, 0, 8.471414862108466] 0.383118306182157
[1, 1, 0, 0, 5.047121521051721] 0.329355154060157
[1, 1, 0, 0, 15.317270052490773] 0.394732108145054
[1, 1, 0, 0, 9.902654077176829] 0.387367220265174
[1, 1, 0, 0, 3.2997693875597434] 0.168260723788976
[1, 1, 0, 0, 9.717701370384935] 0.386946424920946
[1, 1, 0, 0, 8.968311744564657] 0.384903216118259
[1, 1, 0, 0, 18.714801684582675] 0.397610929038405
[1, 1, 0, 0, 3.95608610543819] 0.250597690088645
[1, 1, 0, 0, 0.11534439167365518] 1.449888747463721
[1, 1, 0, 0, 19.799725757088538] 0.398377596766524
[1, 1, 0, 0, 17.978575662743992] 0.397052242092823
[1, 1, 0, 0, 4.441248958029147] 0.29439430868107
[1, 1, 0, 0, 3.7469500452823223] 0.408940838112575
[1, 1, 0, 0, 16.57644004126198] 0.395892906071559
[1, 1, 0, 0, 1.781594836395215] 0.400474652258414
[1, 1, 0, 0, 3.919760969799324] 0.246559706386362
[1, 1, 0, 0, 8.41281576796883] 0.382876753657837
[1, 1, 0, 0, 9.709270725171812] 0.386926598220357
[1, 1, 0, 0, 5.958691586076488] 0.358082542558123
[1, 1, 0, 0, 13.945736947433572] 0.393315916531182
[1, 1, 0, 0, 15.22335732304726] 0.394640506643692
[1, 1, 0, 0, 2.0664378522764237] 0.404116659612845
[1, 1, 0, 0, 6.676675572381356] 0.369987623809328
[1, 1, 0, 0, 18.737623068903662] 0.397627733988764
[1, 1, 0, 0, 1.0573500096774757] 0.034744901303761
[1, 1, 0, 0, 15.12339324269988] 0.394542189857353
[1, 1, 0, 0, 8.039006748410591] 0.38114000114068
[1, 1, 0, 0, 18.40730239916604] 0.397381529014494
[1, 1, 0, 0, 14.894853786965596] 0.394314365320036
[1, 1, 0, 0, 16.733613206634313] 0.396029499967858
[1, 1, 0, 0, 2.660479484939302] 0.079372717713131
[1, 1, 0, 0, 18.36895535536473] 0.397352529392398
[1, 1, 0, 0, 0.6688151921964725] 0.006496550844956
[1, 1, 0, 0, 19.271031460556248] 0.398012072524349
[1, 1, 0, 0, 6.639316767804939] 0.40674219462896
[1, 1, 0, 0, 17.541950658562527] 0.396705141823003
[1, 1, 0, 0, 10.899392331353665] 0.389273772522155
[1, 1, 0, 0, 8.060331346173339] 0.381249213079868
[1, 1, 0, 0, 6.700133202420049] 0.406710401289172
[1, 1, 0, 0, 14.885152304760965] 0.394304418552381
[1, 1, 0, 0, 0.036774636468506205] 397938330424089.0
[1, 1, 0, 0, 18.568471972091043] 0.397502457116844
[1, 1, 0, 0, 9.447941588240802] 0.386280472924904
[1, 1, 0, 0, 2.7588795286086287] 0.098143059175518
[1, 1, 0, 0, 1.093071444323197] 0.03375528037143
[1, 1, 0, 0, 18.47593589780697] 0.397433213796321
[1, 1, 0, 0, 9.112093203388296] 0.385346129917904
[1, 1, 0, 0, 19.491460713105916] 0.398166295469957
[1, 1, 0, 0, 1.5678304659788744] 0.02661666625682
[1, 1, 0, 0, 1.345902092123481] 0.012858622781124
[1, 1, 0, 0, 3.830711611402877] 0.236140796374458
[1, 1, 0, 0, 11.005058753898943] 0.389449181027449
[1, 1, 0, 0, 18.243750251648557] 0.397257229487143
[1, 1, 0, 0, 1.316354901451291] 0.016394351683127
[1, 1, 0, 0, 19.821719199056037] 0.398392441940783
[1, 1, 0, 0, 12.350197640626439] 0.391408248810971
[1, 1, 0, 0, 16.791994251098973] 0.396079792826862
[1, 1, 0, 0, 14.074712407797364] 0.393456755305118
[1, 1, 0, 0, 10.458717803612235] 0.388493900009134
[1, 1, 0, 0, 9.480345836064517] 0.386364077616111
[1, 1, 0, 0, 14.052852585858869] 0.393433029146255
[1, 1, 0, 0, 6.834461928173086] 0.371862341732126
[1, 1, 0, 0, 2.8496223311693747] 0.113399621464214
[1, 1, 0, 0, 7.179016910301583] 0.375301613453055
[1, 1, 0, 0, 1.2302164834731188] 0.025134038030757
[1, 1, 0, 0, 7.7940417882332635] 0.406241968849562
[1, 1, 0, 0, 7.091688174442192] 0.374505403176181
[1, 1, 0, 0, 19.920745290386968] 0.39845919074899
[1, 1, 0, 0, 16.67337975926926] 0.395977360040759
[1, 1, 0, 0, 18.762022336814475] 0.397645667567394
[1, 1, 0, 0, 17.755150484501154] 0.396876139979744
[1, 1, 0, 0, 16.854029579908648] 0.396132972581202
[1, 1, 0, 0, 5.194355042792336] 0.335529307070158
[1, 1, 0, 0, 9.025887932540579] 0.385084002098769
[1, 1, 0, 0, 19.496344631980772] 0.398169684347384
[1, 1, 0, 0, 4.016266250787255] 0.257028801528557
[1, 1, 0, 0, 9.560473556453061] 0.386566460969593
[1, 1, 0, 0, 2.6272404200613186] 0.408076708897701
[1, 1, 0, 0, 18.334354702617542] 0.397326287332158
[1, 1, 0, 0, 2.1925975648295726] 0.405399756294677
[1, 1, 0, 0, 11.09059541228525] 0.389588304205757
[1, 1, 0, 0, 0.4448034996100625] 0.09749380245518
[1, 1, 0, 0, 1.6464431082117037] 0.398685499514343
[1, 1, 0, 0, 9.792682440985239] 0.387120244030079
[1, 1, 0, 0, 4.186791224625919] 0.273613695678257
[1, 1, 0, 0, 11.511289738718427] 0.390239359635039
[1, 1, 0, 0, 1.161732827169042] 0.030324898435157
[1, 1, 0, 0, 12.354929993063045] 0.391414448033655
[1, 1, 0, 0, 2.2659575447892366] 0.406031664643776
[1, 1, 0, 0, 4.3657296592746135] 0.40844441998654
[1, 1, 0, 0, 4.223976344278859] 0.276930384728783
[1, 1, 0, 0, 11.98944660599185] 0.390923640459741
[1, 1, 0, 0, 16.25523465983524] 0.395608227657257
[1, 1, 0, 0, 8.302405323829756] 0.382400570462768
[1, 1, 0, 0, 5.562642010541521] 0.348102316685685
[1, 1, 0, 0, 2.6474912044506294] 0.408148430988361
[1, 1, 0, 0, 1.1326897978258232] 0.032007515778337
[1, 1, 0, 0, 3.9376355875557456] 0.248561667114605
[1, 1, 0, 0, 1.1175360299809123] 0.032753098111102
[1, 1, 0, 0, 14.327301006023728] 0.393727779981035
[1, 1, 0, 0, 9.339172744426193] 0.385991857757438
[1, 1, 0, 0, 9.617565573023317] 0.386706951325299
[1, 1, 0, 0, 13.935654575609803] 0.393304851737677
[1, 1, 0, 0, 4.261378138819689] 0.408537129448027
[1, 1, 0, 0, 18.497937413242592] 0.397449722988677
[1, 1, 0, 0, 2.0714728935154114] 0.404172579636885
[1, 1, 0, 0, 17.012854223019932] 0.396267906260384
[1, 1, 0, 0, 3.4502526288682134] 0.409073669498505
[1, 1, 0, 0, 10.49856474276667] 0.388567984903154
[1, 1, 0, 0, 5.859009726472277] 0.355854474851356
[1, 1, 0, 0, 4.341650077414911] 0.408465935882703
[1, 1, 0, 0, 1.2799037884857078] 0.020379615243421
[1, 1, 0, 0, 0.160260166618158] 0.310850618585629
[1, 1, 0, 0, 2.465818645641036] 0.03754228097689
[1, 1, 0, 0, 3.453416313971336] 0.409072944328344
[1, 1, 0, 0, 0.1998818564451077] 0.336611891158676
[1, 1, 0, 0, 5.767668096220051] 0.353655076639634
[1, 1, 0, 0, 15.996994357134662] 0.395373824616206
[1, 1, 0, 0, 18.88776517749521] 0.397737540639469
[1, 1, 0, 0, 9.95965259887055] 0.387491716714786
[1, 1, 0, 0, 16.916416144452604] 0.396186183790681
[1, 1, 0, 0, 11.43548197742049] 0.390125907423669
[1, 1, 0, 0, 16.8261796127144] 0.396109131385095
[1, 1, 0, 0, 19.28174817685568] 0.398019629532094
[1, 1, 0, 0, 6.13998623254812] 0.361720501424444
[1, 1, 0, 0, 3.8803119252568363] 0.242036903303703
[1, 1, 0, 0, 5.046424497195632] 0.329324113801273
[1, 1, 0, 0, 16.372081937231314] 0.395712657337582
[1, 1, 0, 0, 12.565600281352246] 0.391686602863001
[1, 1, 0, 0, 18.658553228498867] 0.397569380564623
[1, 1, 0, 0, 17.82786252976617] 0.396933795807251
[1, 1, 0, 0, 1.9234115933347118] 0.402382457107555
[1, 1, 0, 0, 8.333734014876004] 0.382538583451446
[1, 1, 0, 0, 4.427844453554566] 0.29340554011356
[1, 1, 0, 0, 7.921750560926086] 0.380514601804221
[1, 1, 0, 0, 12.380909685794885] 0.391448411750989
[1, 1, 0, 0, 18.998054238504178] 0.397817385241269
[1, 1, 0, 0, 1.6123785703689442] 0.045651084227812
[1, 1, 0, 0, 16.317215840062214] 0.395663746003178
[1, 1, 0, 0, 16.04703813352822] 0.395419641916913
[1, 1, 0, 0, 0.7351111321386461] 0.008957696598205
[1, 1, 0, 0, 1.5820741156991591] 0.031133336090959
[1, 1, 0, 0, 4.283562123903215] 0.408517548467911
[1, 1, 0, 0, 6.825878754677204] 0.371765646747889
[1, 1, 0, 0, 8.907390313862816] 0.384706681414013
[1, 1, 0, 0, 19.95335923179664] 0.39848103064373
[1, 1, 0, 0, 0.12681681337719075] 1.001714703142326
[1, 1, 0, 0, 8.929984878921767] 0.384780216831019
[1, 1, 0, 0, 15.986520792153577] 0.395364211443995
[1, 1, 0, 0, 19.290999296064335] 0.398026151887094
[1, 1, 0, 0, 12.266560392017636] 0.391298039113111
[1, 1, 0, 0, 18.761527083157798] 0.397645303894994
[1, 1, 0, 0, 16.35085017556808] 0.395693756125762
[1, 1, 0, 0, 3.8150304786735467] 0.234227111593221
[1, 1, 0, 0, 8.470382983446797] 0.383114116806922
[1, 1, 0, 0, 14.648662945815303] 0.39406342223463
[1, 1, 0, 0, 7.657311729684189] 0.378931859532818
[1, 1, 0, 0, 10.857350114615471] 0.38920283860427
[1, 1, 0, 0, 13.049253671282685] 0.392285583275311
[1, 1, 0, 0, 4.3426950748046895] 0.408465003741807
[1, 1, 0, 0, 5.701749540772787] 0.351966987548839
[1, 1, 0, 0, 8.39597020015933] 0.382805914865615
[1, 1, 0, 0, 15.644656576902069] 0.395045773332703
[1, 1, 0, 0, 4.18886849061384] 0.273801677764517
[1, 1, 0, 0, 7.95146020160262] 0.380677164459456
[1, 1, 0, 0, 12.701949894967942] 0.391858949268998
[1, 1, 0, 0, 9.893615243896734] 0.387347262513813
[1, 1, 0, 0, 3.862799361930085] 0.239982173252149
[1, 1, 0, 0, 13.162665707449381] 0.392421313655
[1, 1, 0, 0, 6.735597052649558] 0.406692139876335
[1, 1, 0, 0, 13.595072858373518] 0.392924053193138
[1, 1, 0, 0, 15.430878275615596] 0.394841942881412
[1, 1, 0, 0, 4.584600473981608] 0.30430977669348
[1, 1, 0, 0, 6.270082299936637] 0.406950407900082
[1, 1, 0, 0, 9.848702372811486] 0.387247198088663
[1, 1, 0, 0, 18.911266439059798] 0.397754605504536
[1, 1, 0, 0, 14.202686796925576] 0.393594812848019
[1, 1, 0, 0, 0.10944588736635286] 1.769087720578675
[1, 1, 0, 0, 1.1067277054055324] 0.033227147443569
[1, 1, 0, 0, 11.108941066245109] 0.389617822579559
[1, 1, 0, 0, 1.565955956721894] 0.026072158400304
[1, 1, 0, 0, 10.116147881893196] 0.387822121994247
[1, 1, 0, 0, 13.549997383334532] 0.392872686903906
[1, 1, 0, 0, 6.4621801255584455] 0.406838794652362
[1, 1, 0, 0, 17.84869900061844] 0.396950256172973
[1, 1, 0, 0, 16.13835160375216] 0.395502754434618
[1, 1, 0, 0, 12.711718386514985] 0.391871187335587
[1, 1, 0, 0, 10.271961243094513] 0.388135818910253
[1, 1, 0, 0, 14.80768098407889] 0.39422601609863
[1, 1, 0, 0, 4.010089404724601] 0.256383236472677
[1, 1, 0, 0, 12.98419548140695] 0.392206950202456
[1, 1, 0, 0, 15.696846787500181] 0.395094977675593
[1, 1, 0, 0, 15.223645769932812] 0.39464078912209
[1, 1, 0, 0, 17.956481800405385] 0.397034967211881
[1, 1, 0, 0, 10.682224447155942] 0.388899863303326
[1, 1, 0, 0, 0.33752552916210155] 0.35275433763302
[1, 1, 0, 0, 5.5431382785999865] 0.347525452438129
[1, 1, 0, 0, 12.426491809879439] 0.391507723737218
[1, 1, 0, 0, 10.86675690663042] 0.389218767945515
[1, 1, 0, 0, 18.441203674405667] 0.397407093522767
[1, 1, 0, 0, 15.05100256933019] 0.394470467387826
[1, 1, 0, 0, 11.038311769827411] 0.389503562650717
[1, 1, 0, 0, 4.545331257707739] 0.301709615110908
[1, 1, 0, 0, 13.113532686357798] 0.392362718879671
[1, 1, 0, 0, 3.1679034632859926] 0.15505059969241
[1, 1, 0, 0, 18.782647461970083] 0.397660800371064
[1, 1, 0, 0, 12.935440496668356] 0.392147643937931
[1, 1, 0, 0, 15.720945981268246] 0.395117625567481
[1, 1, 0, 0, 19.806450553203348] 0.398382144814575
[1, 1, 0, 0, 2.5561541226238638] 0.056374637579535
[1, 1, 0, 0, 10.486281135949675] 0.388545229344877
