[1, 3, 18.367354900617638, 44.93871878378206, 1] 37599095044.6022
[1, 3, 17.870023656379708, 13.060952084598256, 1] 0.328900662958253
[1, 3, 29.95727304786875, 9.16540706802626, 1] 0.000930503237428
[1, 3, 32.63009839386884, 40.71590020829545, 1] 14629.415057020444
[1, 3, 27.300532281118933, 47.207788235852995, 1] 1846.0005410645078
[1, 3, 9.129468292693428, 14.274175580879861, 1] 0.020020155434831
[1, 3, 23.825802131198653, 23.7232504406555, 1] 0.256047187296612
[1, 3, 37.72106845164232, 10.336794896548962, 1] 0.002617717532304
[1, 3, 40.017499810181626, 46.54325240692051, 1] 0.313434016706292
[1, 3, 0.9134646894351126, 29.92354056069514, 1] 0.454247963396584
[1, 3, 36.20516766973274, 9.748637529520117, 1] 0.002332437741068
[1, 3, 43.19762007576813, 17.25900133685021, 1] 4.666462577528713
[1, 3, 17.12799125860493, 48.17745531151196, 1] 4.898342465761369
[1, 3, 22.505587942104118, 48.376253544373725, 1] 6511.803823929219
[1, 3, 33.549385027368025, 31.3601579743507, 1] 16349.014267526505
[1, 3, 34.483527589933345, 2.6347946064938244, 1] 0.01764928071604
[1, 3, 7.773609476639377, 45.60595364464641, 1] 26218.901081313204
[1, 3, 14.218715777074415, 34.66671510893623, 1] 27.521184366769866
[1, 3, 11.38435921360918, 23.253212524918833, 1] 1.093362376274414
[1, 3, 16.335785918430823, 44.37231631829, 1] 9123.795124016053
[1, 3, 16.27762311666779, 23.204810848919312, 1] 0.01522180231504
[1, 3, 48.47600896231087, 34.29005757495226, 1] 71781.53084340588
[1, 3, 0.36748348455468793, 33.49075483618009, 1] 0.454416649350899
[1, 3, 29.02106395119663, 8.485342897507293, 1] 0.000836497403475
[1, 3, 7.878684658850073, 1.360229051266971, 1] 0.001171219520589
[1, 3, 43.97891656647066, 4.480303819130173, 1] 0.022579591743976
[1, 3, 42.97503209771304, 23.03260540942216, 1] 2.597689794871788
[1, 3, -0.4873413495035608, -0.9573487756302892, 1] 0.019063556004476
[1, 3, 12.097834924353174, 17.500361465583353, 1] 0.164933580620582
[1, 3, 14.24331480119423, 34.46213830945094, 1] 105.87660860696381
[1, 3, 33.45677996881132, 37.53851145529708, 1] 26544.64894178979
[1, 3, 14.275295649183974, 23.80706260984441, 1] 30.525849820141676
[1, 3, 10.903608088874297, 16.34234313225661, 1] 0.018418745789559
[1, 3, 16.25418800127881, 23.234690695450528, 1] 0.015263337563522
[1, 3, 39.54672849454728, 9.371428833143925, 1] 0.005535066834253
[1, 3, 39.31971356059284, 46.43947796714165, 1] 12432.290160768172
[1, 3, 2.4115219812879296, 20.356402599328604, 1] 0.055958318494926
[1, 3, 17.10123407307575, -0.8326128832150161, 1] 0.003524189210566
[1, 3, 45.929327883548616, 37.20007154398477, 1] 27581.397213729335
[1, 3, 45.01634541480736, 11.19561547225756, 1] 37.16321265041211
[1, 3, 19.44851905839648, 16.344275222216567, 1] 0.400415761535755
[1, 3, 16.897978849432583, 43.19832304553762, 1] 19.979996315010293
[1, 3, 16.284103809254976, 10.63159411365377, 1] 0.001118910989026
[1, 3, 10.114965105915925, 42.0998533157439, 1] 2562.612773264361
[1, 3, 22.31295013290796, 31.001416839239667, 1] 3285.2828732896232
[1, 3, 42.42835418854018, 36.53719894362457, 1] 711.4119703825894
[1, 3, 30.18853846216777, 29.971048909662247, 1] 38.17825263093322
[1, 3, 45.21903128375703, 3.1624462952779107, 1] 0.028737830675516
[1, 3, 40.09136937597324, 41.66300585866061, 1] 138.92844265938828
[1, 3, 23.297163026319357, 12.60862204952758, 1] 0.002169205298329
[1, 3, 16.812624538044187, 31.230482959966167, 1] 181.33063030089912
[1, 3, 17.159258640605685, 25.8678722696049, 1] 0.015501015614446
[1, 3, 15.987977554405603, 23.13871025044576, 1] 0.196528400268561
[1, 3, 14.338507883185482, 6.0441096962172605, 1] 0.001225586208557
[1, 3, 32.743984365162895, 8.225738137668326, 1] 0.001889220224242
[1, 3, 7.695090628982328, 11.410811153357242, 1] 0.062306012056988
[1, 3, 39.98007675541132, 18.35824211040708, 1] 0.760151491860057
[1, 3, 30.600109321754754, 13.962405139788332, 1] 0.002591460104202
[1, 3, 13.246948434355417, 12.605538634967457, 1] 0.013150876682587
[1, 3, 43.75768511069619, 43.28240385728818, 1] 6.22390577189601e+25
[1, 3, 41.384269991226915, 44.199327047613515, 1] 0.050379667619648
[1, 3, 31.1796566328235, 18.07660744680017, 1] 0.002034794478087
[1, 3, 34.52841526099784, 28.21375986074733, 1] 0.379971629795564
[1, 3, 12.850206656128956, 36.004648222360125, 1] 140.7689024800295
[1, 3, 21.044592749643037, 33.197520401253975, 1] 2655.3507435017937
[1, 3, 4.583633038800806, 10.95908411649561, 1] 0.299964318528387
[1, 3, 7.258193282812055, 8.466147033636013, 1] 0.460455772791807
[1, 3, 41.308591071504146, 28.341974895963425, 1] 0.584599666892311
[1, 3, 5.960011696185492, 4.563906846853023, 1] 0.466897940964061
[1, 3, 2.4820608467818923, 6.024701650228704, 1] 0.034484851887492
[1, 3, 22.727164053833157, 19.928665596601366, 1] 0.01577684856657
[1, 3, 44.12796965455148, 39.58917499074104, 1] 0.023765265333537
[1, 3, 38.797084410339814, 7.0703079322909215, 1] 0.00952783054061
[1, 3, 16.295531639578893, 20.176119312539132, 1] 0.013446718093079
[1, 3, 43.17724532621163, 44.49888196820521, 1] 0.079157804048648
[1, 3, 20.868806585967924, 46.17111393661521, 1] 1681.8508494624673
[1, 3, 22.483911219585877, 13.989727832294935, 1] 0.001660058988838
[1, 3, 0.47607898223516276, 27.314692114479357, 1] 47.39990583031195
[1, 3, 21.005325351960725, 39.02085490483977, 1] 3.835125131602034
[1, 3, 40.00561517968756, 21.400789046637748, 1] 0.002022560830078
[1, 3, 31.13308051927212, 4.795730103050939, 1] 0.006837576509609
[1, 3, 28.23306574550486, 39.01808535042651, 1] 0.259562847463843
[1, 3, 8.855435107593651, 30.995624653690125, 1] 5.508320141089133
[1, 3, 34.449201422152235, 19.45127440196471, 1] 0.002065786803191
[1, 3, 46.97871193146136, 42.035521000373635, 1] 65999.62542781739
[1, 3, 26.175332257383957, 47.34321815651543, 1] 12942.970029090093
[1, 3, 6.448362051067403, 24.135000160727337, 1] 0.027740151608229
[1, 3, 35.25862373169178, 2.263661608857343, 1] 0.020106157190142
[1, 3, 22.135778865297397, 29.55492100373852, 1] 2.441750858349879
[1, 3, 5.389593209582101, 2.6339220583435363, 1] 0.003486924266172
[1, 3, 33.32434195844923, 9.163574960920895, 1] 0.001073196517571
[1, 3, 47.346899813822944, 4.1911891282360125, 1] 0.027214356510958
[1, 3, 8.824010682248051, 29.357634998411147, 1] 0.022961131040364
[1, 3, 23.407274829528554, 13.070634665007297, 1] 0.002071056027408
[1, 3, 32.57036550494572, 34.4695769944953, 1] 18162.94127383
[1, 3, 12.289211395047328, 6.139406983594526, 1] 0.000165609916979
[1, 3, 45.5154227201589, 17.285430159605554, 1] 9.2487038243e-05
[1, 3, 12.03371218901347, 38.22043686039154, 1] 1203.7056989526648
[1, 3, 2.9912503777747297, 16.55629595214987, 1] 0.044645226342712
[1, 3, 32.05050582456732, 29.650412226644004, 1] 1040.8942431876967
[1, 3, 35.936539851519406, 22.405758039616913, 1] 0.001312345594969
[1, 3, 3.8019779242246985, 40.19508896940301, 1] 0.936994528560298
[1, 3, 16.172214503640284, 13.261586064538351, 1] 0.010449691279848
[1, 3, 17.568917284436647, 27.207609263783212, 1] 1.104761919896306
[1, 3, 32.33768970266161, 2.453536174180133, 1] 0.015412364438195
[1, 3, 10.011138840748757, 21.14883626580925, 1] 1.131859934017972
[1, 3, 15.986064915260563, 36.105725741827754, 1] 1668.2351384923368
[1, 3, 14.787151847042729, 13.177620382100676, 1] 0.011693500704113
[1, 3, 16.65151503393099, 24.973765700250812, 1] 0.294825872555713
[1, 3, 5.720419533675676, 12.674189732842002, 1] 0.027515374484111
[1, 3, 4.141009966992022, 33.016994108044386, 1] 0.478664061314927
[1, 3, 44.715411941374754, 5.244768552646179, 1] 0.02085454619131
[1, 3, 11.787136993298692, 45.45518735046158, 1] 11.571352804165503
[1, 3, -0.7916737952715571, 45.07541241702172, 1] 0.471950606379393
[1, 3, 31.172752304001925, 48.38963367928489, 1] 6304.482125057168
[1, 3, 46.14492062343737, 26.286176174009757, 1] 0.428309009414857
[1, 3, 22.898375860994165, 20.97623252560867, 1] 0.422392348520887
[1, 3, 18.84021644504454, 11.180450774804891, 1] 0.001452209399805
[1, 3, 5.365394645487266, 2.978280025270914, 1] 0.003266517516182
[1, 3, 46.36231165750717, 36.87790033611345, 1] 0.00238759140653
[1, 3, 5.479645118726063, 21.99970102165671, 1] 0.031258966852168
[1, 3, 4.601979452709588, 39.320079577935914, 1] 0.463945695204323
[1, 3, 39.55990942046551, 21.104896035082817, 1] 0.002053797614802
[1, 3, 23.147449636655193, 13.290655012320846, 1] 0.471331537243249
[1, 3, 27.22927771080519, 36.745225473442865, 1] 10923.549812203883
[1, 3, 39.177509288452676, 47.51414299652135, 1] 4200.485856473987
[1, 3, 18.22357506507829, 14.725398056527052, 1] 0.386840765865081
[1, 3, 3.2705223567285957, 47.36620796023153, 1] 14.749202891254406
[1, 3, 19.970204981490586, 15.026816987285812, 1] 0.002118565255789
[1, 3, 22.55941042258586, 26.565383035826525, 1] 6352.464465313026
[1, 3, 1.46881949696105, 34.82268079725612, 1] 4.190612286356861
[1, 3, 20.7653074143916, 7.887798393735402, 1] 0.002654096441528
[1, 3, 46.92971801683236, 1.153946045752797, 1] 0.038982442129143
[1, 3, 43.84922610719985, 45.16389431164906, 1] 4840.561775649095
[1, 3, 29.620545328762965, 11.386069049548675, 1] 0.002294045722924
[1, 3, 7.216870761536921, 47.80531540540373, 1] 0.466723528745962
[1, 3, 7.327475643751242, 0.42946723930256203, 1] 0.001192404524422
[1, 3, 28.69493370276203, 34.39349151100545, 1] 16360.921631816323
[1, 3, 2.1731026063490986, 40.55793431564032, 1] 0.446652380341821
[1, 3, 40.08214389836126, 11.006917596230732, 1] 5584.867804748316
[1, 3, 5.9605182402755705, 25.858054650742613, 1] 0.482924795416922
[1, 3, 48.61469808064347, 22.50010949648792, 1] 0.001282392530004
[1, 3, 17.423956923987205, 33.32577777956853, 1] 6513.394578258509
[1, 3, 13.659228328899548, 32.438554377403804, 1] 1319.8001752648067
[1, 3, 45.04548879956032, 30.774486386092786, 1] 0.096860666996356
[1, 3, 14.498052623060477, 1.2317879977903186, 1] 0.002085426472122
[1, 3, 7.679013921080008, 36.62230335303243, 1] 1.063531545390659
[1, 3, 9.505818672751833, 40.55431356581238, 1] 344.3648368351268
[1, 3, 3.189595641405619, 19.521397372850814, 1] 0.237750280597817
[1, 3, 43.315564475049996, 14.888136089934784, 1] 1.091915999898656
[1, 3, -0.5920341803062104, 43.58510514547909, 1] 0.467677764405953
[1, 3, 28.936703399057684, 39.844912238385064, 1] 0.256150875813238
[1, 3, 2.969332586001623, 7.460069354275779, 1] 0.032108241781798
[1, 3, 33.57672808265153, 13.931372541353621, 1] 0.002174280177316
[1, 3, 8.968329618594879, 42.940792714225964, 1] 471.2057594306704
[1, 3, 1.4914541502575993, 8.88323262806668, 1] 0.045864182987951
[1, 3, 22.529354562199025, 24.7524660058342, 1] 222.2442437216552
[1, 3, 43.084775464745796, 42.62363885471714, 1] 5.78706904663361e+25
[1, 3, 40.472674535280085, 36.32174547914977, 1] 0.590727050940218
[1, 3, 28.922285865381525, 46.0826652575591, 1] 0.464103702995216
[1, 3, 38.92277734749469, 8.47864403297255, 1] 0.006487580288867
[1, 3, 17.023542531493746, 35.505087533857264, 1] 4306.005253066836
[1, 3, 35.23103289799448, 48.23676705513152, 1] 14528.774242999621
[1, 3, 35.63899610701214, 26.261590713384965, 1] 0.306607970404885
[1, 3, 42.514011948678984, 41.507515091101894, 1] 0.014800905866484
[1, 3, 29.94664511440926, 8.929457306730715, 1] 0.000734794614796
[1, 3, 12.157407546017764, 36.385681129603284, 1] 20.907503543413615
[1, 3, 13.141422653578623, 19.87190823195234, 1] 0.017271720216901
[1, 3, 24.548296809192372, 0.14470280553271575, 1] 0.012558702497686
[1, 3, 36.7776227453437, 7.329453967082657, 1] 0.006968780062948
[1, 3, 29.224895750856323, 10.041783159956974, 1] 0.001837528961371
[1, 3, 35.58192595008779, 23.665701290442403, 1] 0.035180085777269
[1, 3, 31.655125123761053, 41.96430869415757, 1] 5715.98151220025
[1, 3, 24.371018850796677, 22.413211711898185, 1] 0.422748839671059
[1, 3, 7.55435101389217, 36.85798278933415, 1] 1.418635773261254
[1, 3, 48.61641271859689, 38.50246738580889, 1] 0.35768802052813
[1, 3, 31.641979269724544, 24.223737632611925, 1] 0.001536646820727
[1, 3, 22.5025195999254, 44.91402200616989, 1] 0.011757509855622
[1, 3, 5.300481582299716, 30.554583793652135, 1] 0.09275752701642
[1, 3, 45.413923810137334, 43.91036057569701, 1] 7.46427028097122e+25
[1, 3, 40.89367369156069, 13.769274424286754, 1] 0.000714580184222
[1, 3, 26.471363631608426, 11.44797906948082, 1] 0.002706148060562
[1, 3, 34.29261439702269, 15.180398643091586, 1] 4088.9192883607184
[1, 3, 19.90620180156364, 15.692287167168974, 1] 0.373263383731114
[1, 3, -0.3004683776565089, 14.951207558765867, 1] 1.738251702246508
[1, 3, 36.69279907821088, 16.10015333928596, 1] 1.495110713225961
[1, 3, 2.1910705463735365, 44.17411243918817, 1] 15.97798894515655
[1, 3, 29.197558334302215, 17.722367032776653, 1] 0.001833483254947
[1, 3, 25.193507610014827, 36.79023058591413, 1] 0.119673873497868
[1, 3, 15.889231063429776, 16.319602570286367, 1] 0.011626207382932
[1, 3, 14.094547949153892, 38.898405269596346, 1] 118.6112243355864
[1, 3, 9.365491096045943, 6.337396274867608, 1] 0.000167383010798
[1, 3, 1.3545355848513747, 26.868998467047845, 1] 0.465428418699699
[1, 3, 17.425451477840298, 23.610773895157756, 1] 1.174451098888896
[1, 3, 11.322899741960386, 47.55996924592223, 1] 24748.8807868635
[1, 3, 48.26728964154778, 31.812657393299965, 1] 1.07932256911885e+26
[1, 3, 45.95071670579038, 25.25402276833912, 1] 0.013413310166553
[1, 3, 9.741299686073708, 19.4337739898022, 1] 0.022582243937192
[1, 3, 41.97784892128991, 19.929298359428493, 1] 17.231435973249663
[1, 3, 1.5427533855682913, 16.969099680456008, 1] 0.047700831175473
[1, 3, 9.776851856515945, 2.2377283943354653, 1] 3.5149723495e-05
[1, 3, 0.6350745593271321, 21.61299787111487, 1] 0.204355064480494
[1, 3, 25.7079153594794, 9.794284224374383, 1] 0.002613186019897
[1, 3, 34.37869620078827, 16.21246923801297, 1] 0.002420568783856
[1, 3, 3.0199336459129764, 15.102238338420356, 1] 0.045352101357084
[1, 3, 30.834564311290077, 7.607539955420579, 1] 0.001310954062043
[1, 3, 38.09382746612862, 18.164956986161584, 1] 0.002200653640252
[1, 3, 12.891923599574135, 44.74113632661807, 1] 20288.25325738404
[1, 3, 27.10159514679611, 9.653325440202776, 1] 0.002307778805885
[1, 3, 30.709565152788027, 28.92621316849653, 1] 17.276897364800735
[1, 3, 2.9888436714909936, 11.083325303514464, 1] 0.941091361440276
[1, 3, 28.403301013915794, 5.018866943160295, 1] 0.003455863623563
[1, 3, 7.503016238650545, 43.738687770077526, 1] 0.155457184306909
[1, 3, 33.905312856046876, 46.762305882509295, 1] 6691.990701145675
[1, 3, 42.29989476806201, 6.951310076159235, 1] 0.013369936655431
[1, 3, 35.52016739509257, 4.2501001607259346, 1] 0.013494932400674
[1, 3, 0.03963782085991219, 9.706691724299056, 1] 0.065940307205785
[1, 3, 9.456705517291965, 48.40696791997419, 1] 7472.094113489755
[1, 3, 15.287137676014385, 29.047832357335903, 1] 57.01822881604554
[1, 3, 17.748596656160355, 20.705208357320487, 1] 0.125832942245309
[1, 3, 1.7679011437372947, 9.558384007364413, 1] 0.04522373922385
[1, 3, 38.01636776936678, 2.551317762741185, 1] 0.022580136133555
[1, 3, 48.77533178771077, 22.458269888194884, 1] 0.001240877156906
[1, 3, 30.12815108912828, 28.20535243304057, 1] 10915.904358031143
[1, 3, 28.620664121510227, 14.172159064366664, 1] 4.240124350384488
[1, 3, 5.842750811005943, 43.549671484027506, 1] 0.464942961352536
[1, 3, 20.782613208934958, 5.034391349506619, 1] 0.002069895127202
[1, 3, 5.07187688118408, 47.042317002959216, 1] 0.449815045464851
[1, 3, 15.538674785473034, 43.11747832025317, 1] 146.40281408150392
[1, 3, 41.29240690959115, 15.765486730269956, 1] 0.00061412736275
[1, 3, 11.277043286044698, 22.71711361739497, 1] 1.073277758219937
[1, 3, 22.687464152457625, 17.44558173643295, 1] 0.005758649504021
[1, 3, 14.067335540921151, 39.89140568809621, 1] 119.77480128838201
[1, 3, 33.18845799338357, 45.94206581740541, 1] 0.304322440992642
[1, 3, 45.53784155248808, 18.54771351751176, 1] 0.00064217999795
[1, 3, 29.547188612878205, 27.60433008370191, 1] 1032.7014183056278
[1, 3, 16.872569262220207, 33.38931788648342, 1] 3762.0086571033503
[1, 3, 9.315757320290803, 25.451812291422954, 1] 2.529296358721223
[1, 3, 23.951014195531222, 8.265422438555786, 1] 0.002545738429991
[1, 3, 19.194629819565314, 13.927649853734891, 1] 0.318843711953009
[1, 3, 29.720792646465483, 45.98795138095006, 1] 5697.068019976458
[1, 3, 31.78851740157105, 10.805147726573818, 1] 0.001299782490857
[1, 3, 38.10667703717524, 0.6208083545985519, 1] 0.031106532811946
[1, 3, 20.488435843871283, 5.894944938050185, 1] 0.0024964367368
[1, 3, 1.9446488097324086, 9.339832968404771, 1] 0.0430507397842
[1, 3, 28.70474310589847, 27.741856738635203, 1] 5768.222146403704
[1, 3, -0.601616201261034, 0.4186848978160138, 1] 0.013897501346415
[1, 3, 42.3512530742615, 34.10396609398783, 1] 3183.098794315167
[1, 3, 47.949426227319, 8.803169146339846, 1] 0.014215319038573
[1, 3, 23.288876881300425, 21.279141392576644, 1] 0.421670875662
[1, 3, 6.1987798163123395, 18.795119779660325, 1] 0.032345412533178
[1, 3, 20.565578246392835, 40.76083328801373, 1] 227565065629.024
[1, 3, 48.66412137154576, 24.140757952800286, 1] 0.00153055151732
[1, 3, 22.81681980798436, 30.13798442111272, 1] 0.023742130298367
[1, 3, 1.3510360812177167, 45.186808538310046, 1] 1.65918382305669
[1, 3, 46.72976136656922, 23.580899185160476, 1] 0.001684014650829
[1, 3, 25.38633989062403, -0.4572279262655512, 1] 0.016732889984885
[1, 3, 0.5783744002795086, 15.503771096784288, 1] 0.053834760103396
[1, 3, 6.481667860700836, 22.246227958331623, 1] 0.030057168783364
[1, 3, 40.23469883124438, 43.167900488329025, 1] 0.05097720571666
[1, 3, 16.132418261171384, 43.56337094130863, 1] 4.610991243943367
[1, 3, 0.805246401862648, 34.6438284637594, 1] 0.451698436373057
[1, 3, 2.675312280406656, 41.242425990366506, 1] 0.446397376335526
[1, 3, 4.78444381137132, 8.561299283837583, 1] 0.05188496893585
[1, 3, 31.35041022912791, 20.44786062013303, 1] 0.001255759473477
[1, 3, 47.79524820982291, 27.49975865450874, 1] 0.002267929093884
[1, 3, 36.91103857646782, 6.487409712310544, 1] 0.00898209004932
[1, 3, 18.378963766877384, 41.799768464305885, 1] 3159.8042943266837
[1, 3, 34.28014381231201, 47.338313010024315, 1] 17042.360051269297
[1, 3, 14.1419839225304, 20.988931909738135, 1] 2.466488111663278
[1, 3, 13.501253160790096, 38.890162149298504, 1] 14.105978928285454
[1, 3, 11.922757085056114, 11.532913052880417, 1] 0.438344125242494
[1, 3, 5.846317807739699, 23.753131993331973, 1] 0.029816581417836
[1, 3, 47.42329617612789, 27.484264588851886, 1] 1.0090290287945e+26
[1, 3, 25.725318953375627, 36.19174843341928, 1] 4551.993585371124
[1, 3, 14.935148654755166, 11.328476466760469, 1] 0.362332980680426
[1, 3, 4.469864040188849, 15.130137589930893, 1] 1.711785823680619
[1, 3, 13.618690179400307, 0.9277241154112057, 1] 0.002142571055596
[1, 3, 28.741568594890143, 11.356719121693787, 1] 0.002466902542755
[1, 3, 32.287223639977924, 2.0127841367207364, 1] 0.016995960421976
[1, 3, 4.3594830376127, 35.02634087935074, 1] 0.473693054832002
[1, 3, 45.30283067862065, 6.407903189794657, 1] 0.017935174845744
[1, 3, 12.39490005823049, 29.99796426145856, 1] 126.04298690394197
[1, 3, 8.924046658100838, 28.12510382611676, 1] 3.862735698270982
[1, 3, 35.58798563254725, 38.94119854377474, 1] 4.090109974828998
[1, 3, 21.482783280567347, 2.977816153553859, 1] 0.000468526448652
[1, 3, 8.134799536180072, 21.185401253335478, 1] 0.027524134946355
[1, 3, 29.113174984579345, 23.571710447025836, 1] 0.004058695795843
[1, 3, 32.32231407370363, 18.783273495876617, 1] 0.001991457093024
[1, 3, 4.221405934773571, 0.6286688798774318, 1] 0.004940692289492
[1, 3, 15.122907712573781, 43.69563676464067, 1] 13227.192868292745
[1, 3, 27.697175151293575, 44.68989999811373, 1] 7411.376615403037
[1, 3, 18.60137616428275, 26.526652198839034, 1] 0.220711329139744
[1, 3, 43.06113338144068, 42.966434302920185, 1] 0.434873887417474
[1, 3, 9.967858556672583, 20.100485354517453, 1] 0.934398853501922
[1, 3, 36.07358673332971, 28.946877541890597, 1] 711.0194079278157
[1, 3, 30.25278600181672, 11.99206940179004, 1] 0.002337179480881
[1, 3, 30.495387881648963, 35.79411239988096, 1] 2323.6387999038125
[1, 3, 2.1459792629069283, 44.70985720163829, 1] 0.445956381425069
[1, 3, 3.385996492668342, 42.87423886728218, 1] 0.496862159989646
[1, 3, 18.99337206758508, 1.3577540932675722, 1] 0.000811254688404
[1, 3, 16.978319599584115, 11.984004555178752, 1] 0.001602705361498
[1, 3, 5.778890206928106, 33.78927786905957, 1] 0.114274318276211
[1, 3, 48.40490623312556, 19.25929481318952, 1] 3.1265977972e-05
[1, 3, 38.49809542975006, 38.43748778790453, 1] 2750.222076617992
[1, 3, 30.96004809630542, 7.977903968380868, 1] 0.000914373699927
[1, 3, 13.114023045831182, 4.202712335694537, 1] 0.001322248274172
[1, 3, 25.280611114384243, 22.516791135102366, 1] 0.762498114677351
[1, 3, 2.682338956018177, 5.9376202626703245, 1] 0.032332742989052
[1, 3, 30.1462079534626, 13.022256065693517, 1] 0.002558424595069
[1, 3, 2.065906874793928, 30.560819291198822, 1] 0.461575791608773
[1, 3, 35.22441544055303, 28.753319943199568, 1] 4.434143243991874
[1, 3, 44.332324934429565, 3.5943094948055148, 1] 0.026122753092294
[1, 3, 2.6335214372345606, 14.229581454228786, 1] 0.04740687392842
[1, 3, 16.590612408697698, 3.745240054273081, 1] 0.002439868256529
[1, 3, 43.90626626352066, 41.27759868716808, 1] 1.374978912736383
[1, 3, 11.139257486499467, 12.084093468894482, 1] 0.015569442567423
[1, 3, 19.133539182910415, 40.90238390342974, 1] 2665.1375263564346
[1, 3, 35.22314824343725, 9.201298673196673, 1] 0.002372276882796
[1, 3, 42.46655387635352, -0.15109411363922098, 1] 0.040308170696073
[1, 3, 33.02338164115117, 10.22697591179601, 1] 0.000245138313611
[1, 3, 17.75622538650171, 3.2492474570880177, 1] 0.002114209667862
[1, 3, 18.521751991938274, 3.233828342202534, 1] 0.00181998279093
[1, 3, 15.756090648427264, 31.668719664777115, 1] 4599.89976945718
[1, 3, 43.914627322468945, 3.043395276828077, 1] 0.027741710426194
[1, 3, 37.20297069557868, 22.1515194959525, 1] 17022.622759724363
[1, 3, 31.683130515395902, 7.219620011398131, 1] 0.002555982639805
[1, 3, 42.1072733265307, 3.766348596029257, 1] 0.022969485581216
[1, 3, 13.267472525327934, 44.07805312115363, 1] 0.024597297774339
[1, 3, 24.175677091395958, 26.87975986287955, 1] 2563.3250945341897
[1, 3, 10.542878964070557, 17.899990270791278, 1] 0.36075816810383
[1, 3, 30.536477322397843, 27.09258337163107, 1] 1308.1346672998425
[1, 3, 21.669838120042407, 12.759387048209154, 1] 0.00176835740933
[1, 3, 47.770557907307996, 31.757006347385065, 1] 615.0662656677932
[1, 3, 20.710709010684155, 18.36770796249658, 1] 0.14268024885079
[1, 3, 28.287983603846968, 2.9468201867907116, 1] 0.008325775941634
[1, 3, 3.5271400018407073, 42.74496624546333, 1] 0.447328039490382
[1, 3, 22.00371112507351, 22.911425052784384, 1] 0.008820001180252
[1, 3, 22.89708550428868, 13.47145382071962, 1] 0.001858473632742
[1, 3, 3.8434928302733606, 41.31105025537147, 1] 0.45136328679385
[1, 3, 10.112849756168913, 36.081997514490205, 1] 12.459588060452546
[1, 3, 36.79653703418042, 18.476387609338815, 1] 27.437724417296007
[1, 3, 29.70097523960952, 47.08991128385747, 1] 2769.100481363849
[1, 3, 22.843815694783054, 37.34246765932637, 1] 6572.151736329316
[1, 3, 33.3905520485963, 47.37859707391355, 1] 13964.034500534595
[1, 3, 33.65897619479391, 40.56512700184061, 1] 1212.7655659136299
[1, 3, 9.527042408663501, 45.68313256069408, 1] 1789.516356648411
[1, 3, 9.957496435651414, 4.4977741654979155, 1] 0.000728838089118
[1, 3, 31.431521839764905, 16.851102308625794, 1] 1.313948243669116
[1, 3, 46.13919116134341, 5.046604381185549, 1] 0.023010482511999
[1, 3, 48.181291524045825, 1.2941493572320946, 1] 0.039652264456958
[1, 3, 34.9963908361964, 44.4635026456761, 1] 11128.802824090562
[1, 3, 38.71455180562973, 12.772647197286798, 1] 0.000478158777797
[1, 3, 41.820516987645576, 6.560232320510385, 1] 0.013909644908692
[1, 3, 43.44570944774213, 33.11303063680138, 1] 306.87083652059715
[1, 3, 44.4825534748862, 46.06141818402499, 1] 6.62080126563436e+25
[1, 3, 6.113724549444777, 13.097410611217231, 1] 0.026628262724628
[1, 3, 31.57809922139279, 19.648248110805493, 1] 0.00159917792411
[1, 3, 24.045230974279985, 40.10721025316796, 1] 8.112921407503546
[1, 3, 39.47715688063015, 27.124091616123962, 1] 0.174386564731267
[1, 3, -0.9712191118323545, -0.8649127811648329, 1] 0.021994291552171
[1, 3, 4.156953669874059, 46.813511993111554, 1] 0.445367325482648
[1, 3, 24.05783386913216, 13.758691770754034, 1] 0.002024375242379
[1, 3, 11.736263380416307, 37.2764546775392, 1] 15283.547575638702
[1, 3, 2.07393248708418, 43.7424625342965, 1] 15.63337952159048
[1, 3, 1.4860999849119434, 47.40023090824212, 1] 155.26182436906208
[1, 3, 34.36216660255863, 34.94829308197715, 1] 29669.08663514621
[1, 3, 34.628102020845695, 25.00094660764003, 1] 0.284911194729695
[1, 3, 42.982879919866086, 30.39514075881632, 1] 163.42463233325128
[1, 3, 0.2717100585742047, 34.56470892721386, 1] 1.068116756324471
[1, 3, 41.34775281822467, 35.33768784568199, 1] 20251.479115284856
[1, 3, 9.895309263717618, 46.660339984659565, 1] 2069.67036958168
[1, 3, 42.992892299250606, 3.4782625868357018, 1] 0.025040605314608
[1, 3, -0.7622093558629408, 48.036611317997455, 1] 0.47537601347617
[1, 3, 21.270146128692716, 34.776254278808636, 1] 5395.59279007174
[1, 3, 8.274742770506894, 3.378959443610725, 1] 0.0015880764376
[1, 3, 14.708166665718458, 3.475888155492891, 1] 0.002219906633306
[1, 3, 37.4611720586744, 46.45450772578032, 1] 34443.4624249525
[1, 3, 38.264873977352934, 4.508552558166563, 1] 0.015959242403774
[1, 3, 43.903306761584865, 29.04699646958459, 1] 0.081853139425615
[1, 3, 6.120529670104059, 23.95341298805972, 1] 4.627017982933312
[1, 3, 34.576509067903004, 29.111170807507794, 1] 0.393057080238348
[1, 3, 3.805680008191332, 1.85617423650642, 1] 0.005049621947107
[1, 3, 21.018056810042363, 48.892302731741054, 1] 298.9057491008883
[1, 3, 11.385580647061245, 42.69017995708596, 1] 15023.640619005866
[1, 3, 12.521425669701054, 29.374732403088533, 1] 3.357086891659592
[1, 3, 13.580910589407209, 37.96470454545051, 1] 0.476055882544783
[1, 3, 26.53844672755183, 7.433644955683606, 1] 0.00123109688697
[1, 3, 45.68441707706216, 7.452211623148392, 1] 0.015445534126556
[1, 3, 45.81448497140625, 43.18958838359152, 1] 38261.04756487408
[1, 3, 35.5747073785319, 24.206204967257413, 1] 0.01503624889003
[1, 3, 1.5396020165790842, 17.232639546039213, 1] 0.048382954836225
[1, 3, 22.166326005402617, 41.82758430768308, 1] 1.374761419998057
[1, 3, 2.2886529484134783, 26.767815806227446, 1] 1.325811746890199
[1, 3, 44.203970067934684, 32.33508696983031, 1] 126.6621233885614
[1, 3, 39.50330967338961, 7.948927327904583, 1] 0.008252886628912
[1, 3, 40.78070019029388, 10.853788547880734, 1] 18292.392725230842
[1, 3, 36.25397590270548, 3.7186408638261845, 1] 0.016103712596936
[1, 3, 35.9383002770308, 34.038893986289246, 1] 26179.771016007522
[1, 3, 22.588910062276923, 24.88092415430215, 1] 13525.839459548932
[1, 3, 18.23369676006701, 25.825953075686765, 1] 0.197275920430138
[1, 3, 18.650970287714003, 10.063002793558413, 1] 0.001652350505314
[1, 3, 2.465217751975497, 16.112940796339256, 1] 0.047074749330313
[1, 3, 45.86839634253512, 6.590581658047702, 1] 0.017986794565386
[1, 3, 11.88763989603443, 0.23887438591571697, 1] 0.002076409879791
[1, 3, 21.30546686326782, 9.354936903571987, 1] 0.002530213486791
[1, 3, 10.246783294319378, 44.85172593412469, 1] 4304.1729865442785
[1, 3, 2.7887064520933214, 6.854829071027653, 1] 0.038763838395587
[1, 3, 37.172469627118815, 42.08109089047882, 1] 16972.250347023433
[1, 3, 5.045197469526475, 21.635353765041227, 1] 0.032363539523015
[1, 3, 5.866375499722671, 35.35510271449423, 1] 4.807270866342446
[1, 3, 14.816681837838587, 0.8926371211601123, 1] 0.001803133956161
[1, 3, 11.656395444253487, 41.392703928178605, 1] 16305.306426686011
[1, 3, 47.89974298945601, 7.849171697897679, 1] 0.016548269370098
[1, 3, 45.673591517357885, 45.27592998365776, 1] 7.6075520964566e+25
[1, 3, 37.58645751553738, 2.546325296786007, 1] 0.022048343441833
[1, 3, 40.206547739858564, 4.283664442886687, 1] 1.034371119546692
[1, 3, 23.312540400467032, 8.526395515388492, 1] 0.002673128906078
[1, 3, 45.79565742786211, 13.931831276281892, 1] 12.997075184755177
[1, 3, 43.588900450776336, 16.559109662989137, 1] 0.000208229382614
[1, 3, 3.507087368968304, 39.12431857698596, 1] 0.45314902862178
[1, 3, -0.3944360674748284, 4.452543344691279, 1] 0.0522194361775
[1, 3, 14.735913581141252, 37.02578528298273, 1] 179.0469863128585
[1, 3, 14.564183946634191, 17.922118796930786, 1] 0.014222283294809
[1, 3, 23.672507286798705, 47.147593477448595, 1] 682.8616092139159
[1, 3, 26.15564159216906, 18.254160231782464, 1] 0.001051750582425
[1, 3, 37.89149556780333, 26.483013319713734, 1] 0.997706207122751
[1, 3, 39.82156304605357, 34.93898215193576, 1] 36120.44338692211
[1, 3, 42.156181079456914, 7.799804236810417, 1] 0.011129639850058
[1, 3, 39.434268603606164, 43.875016585330954, 1] 33763.732423981644
[1, 3, 47.36249032175354, 43.70745371802254, 1] 24841.43613542925
[1, 3, 22.98927600557212, 27.341816685224035, 1] 0.454113015988682
[1, 3, 20.620459360716417, 21.426938269509026, 1] 0.443328764022864
[1, 3, 43.18908101152893, 7.542000207992718, 1] 0.012761711077365
[1, 3, -0.17951446682886085, 27.95144270973646, 1] 0.459592011257539
[1, 3, 6.749062692521436, 30.313374287549706, 1] 4.444720194792921
[1, 3, 27.817939298403665, 8.384734851938303, 1] 0.001355437341948
[1, 3, 36.41193753473894, 10.784065047970044, 1] 12.381988415681732
[1, 3, 31.507904440843895, 20.591207243845346, 1] 231.59052624369173
[1, 3, 27.609773391788323, 20.670998611289576, 1] 0.329926876401975
[1, 3, 34.60337708573976, 10.60853806065026, 1] 12.112439688663969
[1, 3, 3.6566639205381506, 30.225885551133192, 1] 0.156524913135907
[1, 3, 31.12573916566828, 31.02902753224391, 1] 674.5866804765209
[1, 3, 25.086490026635182, 3.4846603914182994, 1] 0.003125194294555
[1, 3, 39.5438656596219, 35.102119172724564, 1] 0.021585534076514
[1, 3, 28.457826503329816, 38.771879310011656, 1] 20500.64489757956
[1, 3, 10.049346561330564, 43.98729823309201, 1] 2803.1253590986285
[1, 3, 36.19521375467215, 48.60513231312808, 1] 6266.506151508124
[1, 3, 3.7733613946990943, -0.5467414327435518, 1] 0.005345692143099
[1, 3, 32.998055495830634, 3.7041533381588616, 1] 0.012074735368432
[1, 3, 24.252934282331612, 41.28406125602769, 1] 6692.45812927713
[1, 3, 7.388944715074359, 21.747411945951168, 1] 2.435668002125269
[1, 3, 18.531643801390768, 33.05566701004083, 1] 3196.953212670274
[1, 3, 6.8596537546816165, 0.9073147373910637, 1] 0.001968907408486
[1, 3, 6.264292993235233, 9.044687148042675, 1] 0.022452112430346
[1, 3, 24.78739809933509, 18.43142323896842, 1] 0.089255578201492
[1, 3, 5.76902116523515, 15.384865414593502, 1] 0.483172417133461
[1, 3, 31.273783373487, 39.569347168488925, 1] 16598.29425741434
[1, 3, 40.88692115967017, 34.917237412376465, 1] 2.761956629862652
[1, 3, 2.0380613583848803, 36.254440780557665, 1] 0.449470632506929
[1, 3, 22.673078811222553, 32.61820358916451, 1] 2577.4902104862404
[1, 3, 39.552975611198676, 45.059082278201636, 1] 0.449411224064222
[1, 3, 47.77054117148544, 38.009438461959135, 1] 8.590440995811658
[1, 3, 20.618823682640254, 43.56964344498171, 1] 5743.7019545814155
[1, 3, 47.331222713134615, 10.1210631527153, 1] 0.010739056762734
[1, 3, 43.862568401502806, 24.990559007674737, 1] 0.007498255319858
[1, 3, 21.71943950405167, 38.565358199944676, 1] 7947.577997004838
[1, 3, 17.054833379393287, 24.746340476046438, 1] 0.058336815736473
[1, 3, 42.51303666806048, 26.62038485497579, 1] 0.061890178169237
[1, 3, 26.987890785736962, 39.453874296123246, 1] 528.6718542967758
[1, 3, 42.382227775153, 41.45198490727653, 1] 2667.345327802806
[1, 3, 4.3512956442763215, 2.407504032718456, 1] 0.00420007245834
[1, 3, 26.044249917228925, 48.04142298857443, 1] 18385.952649490315
[1, 3, 8.861758455458752, 31.39477402413857, 1] 0.479967249307586
[1, 3, 6.213562462044775, 36.442941426661555, 1] 3.30094431624063
[1, 3, 1.2356372265902982, 48.75163473120829, 1] 7.101730859794632
[1, 3, 35.02575520663006, 17.296531938896955, 1] 0.002394461095997
[1, 3, 43.53130135271364, 28.950725052684067, 1] 37870.888788213255
[1, 3, 44.403292390560765, 15.066247652396235, 1] 0.001352701148117
[1, 3, 35.63004827075109, 19.525128965718327, 1] 0.002149717025507
[1, 3, 25.038856555943447, 9.743813741728125, 1] 0.00267756702216
[1, 3, 20.899704698864557, 34.82983445509033, 1] 6364.760193090815
[1, 3, 0.7728374233576649, 20.466550723252066, 1] 1.010054376688267
[1, 3, 7.345706517620011, 41.412363871612364, 1] 67.64123687557334
[1, 3, 18.432743075667403, 17.932110638008076, 1] 0.435290438353743
[1, 3, 13.087404236884415, 42.016294675862845, 1] 530.016153623668
[1, 3, 7.1668485171909335, 32.19380717732948, 1] 3.949231807966492
[1, 3, 39.847354243986004, 1.982328128813477, 1] 0.027207441394124
[1, 3, 8.750396994393917, 40.94048145898468, 1] 2761.2775869264165
[1, 3, 47.31178321931709, 17.24878453978852, 1] 0.000896493494817
[1, 3, 5.420705646020453, 29.744117229829236, 1] 0.081292492493497
[1, 3, 3.1052095860473923, 17.3634075341806, 1] 3.60936495726361
[1, 3, 32.56441312193916, 31.49948151393035, 1] 1543.3073004358696
[1, 3, 4.884315500825426, 18.687651582155524, 1] 2.985704116229492
[1, 3, 42.54053194105899, 40.57620344045148, 1] 0.427140855377968
[1, 3, 23.951564335088044, 2.9818312108601264, 1] 0.002945896298642
[1, 3, 20.012135860562044, 4.765097789764228, 1] 0.002180941465083
[1, 3, 43.33798344836649, 31.021939147959024, 1] 0.264561351097478
[1, 3, 40.44416370643347, 0.5310161121678989, 1] 0.071925786659556
[1, 3, 35.06544906954765, 0.5366711640742159, 1] 0.02736552271338
[1, 3, 41.015908156414866, 38.39908347462274, 1] 33172.37572489156
[1, 3, 9.833343804116941, 34.8074907685257, 1] 1663.724501752562
[1, 3, 29.32988348361113, 9.632415262637407, 1] 0.001557507441379
[1, 3, 1.0363207648091297, 9.96859685752839, 1] 0.05402203227741
[1, 3, 0.5786659703273753, 11.683381756694267, 1] 0.063212600774834
[1, 3, 42.58306976415391, 18.293960400580897, 1] 63.9555801268725
[1, 3, 23.33203645506134, 17.15317198840608, 1] 2.5307682434e-05
[1, 3, 32.73535514470225, 38.15213232738212, 1] 6250.596253519255
[1, 3, 44.8755709539982, 2.1239962279459412, 1] 0.032535868793883
[1, 3, 47.53753028036652, 8.874927349998336, 1] 0.013668555292843
[1, 3, 47.95957797001802, 12.697665886342115, 1] 0.006574389457952
[1, 3, 32.23566688691557, 29.64485831240481, 1] 1598.3371082894828
[1, 3, 43.84983051711334, 6.935328301526045, 1] 0.01498373765016
[1, 3, 6.150342073709543, 3.529607626042697, 1] 0.002601908405827
[1, 3, 12.762974064594674, 24.978271369039835, 1] 1.249090879077383
[1, 3, 30.108783785065892, 21.820270037684715, 1] 0.001571459326583
[1, 3, 24.48237295246126, 47.958054163878266, 1] 1.651572661634547
[1, 3, 14.258596861250012, 34.39615078312174, 1] 117.94781485862201
[1, 3, 36.34195075463408, 48.028600851626855, 1] 4083.236322079584
[1, 3, 14.267086009376952, 45.22811748654513, 1] 0.05317194711982
[1, 3, 20.16321009359022, 16.464161839429927, 1] 0.007447266821476
[1, 3, 39.6777787907486, 16.21823485909194, 1] 5.263002225241644
[1, 3, 42.09754890406415, 6.32861414193276, 1] 0.014830785676916
[1, 3, 4.341740115608983, 16.383686240691514, 1] 0.483093105876511
[1, 3, 32.4895581149035, 44.67607088182456, 1] 0.279859681862336
[1, 3, 27.263496964827304, 9.650158664804676, 1] 0.002264781172593
[1, 3, 12.999469828190259, 43.055872316660846, 1] 13860.386915651483
[1, 3, 34.52205928761113, 15.977716373216094, 1] 0.002392076414228
[1, 3, 24.90911705068905, 29.563672395970936, 1] 14385.724745426925
[1, 3, 12.73789684542563, 6.263709194606527, 1] 0.000351362504702
[1, 3, 45.17523705047987, 12.137804973073381, 1] 0.005410473666741
[1, 3, 48.586545973196635, 18.996868708908526, 1] 1.16305565374564e+26
[1, 3, -0.049838821579488934, 14.002489077264302, 1] 0.057806810257891
[1, 3, 46.38465845212159, 30.72387062562675, 1] 0.082448100758813
[1, 3, -0.8254579652507634, 26.110329984265057, 1] 0.471515888782016
[1, 3, 11.561656404922255, -0.8365441468245407, 1] 0.002004536652791
[1, 3, 44.415284620139026, 36.48249141229965, 1] 0.379296498536685
[1, 3, 23.91302601365376, -0.32036211467336617, 1] 0.013467244760709
[1, 3, 9.718076370478174, 42.94113479043635, 1] 3000.5216754615244
[1, 3, 11.078693604265755, 31.563700717776833, 1] 3.483483595961455
[1, 3, 25.880240143317764, 8.130034295477268, 1] 0.001986709324955
[1, 3, 20.682306642952447, 41.63767680419392, 1] 1591.469112529741
[1, 3, 21.541052607347943, 32.63567880986129, 1] 55.24009105343384
[1, 3, 38.47441834344122, 6.0215794224223025, 1] 0.011804515819503
[1, 3, 34.67867270419615, 17.609002917718353, 1] 1.90964023666842
[1, 3, 44.939725707486986, 5.629844270122886, 1] 0.019881830730319
[1, 3, 38.99002246800302, 1.956456447942096, 1] 0.026239848328116
[1, 3, 46.616794988797956, 13.80408543806267, 1] 23.651698004327564
[1, 3, 2.3031059357723933, 4.714448104686837, 1] 0.017327390912764
[1, 3, 45.94744779815839, 38.00491327842473, 1] 44.24905461171717
[1, 3, 27.384393487936542, 7.66116386498193, 1] 0.000984709231424
[1, 3, 30.696710848217798, 7.891986443133671, 1] 0.000837312765573
[1, 3, 5.022153755115528, 23.606630316381867, 1] 0.482978756840597
[1, 3, 42.798747605447716, 12.242547983890146, 1] 22.93793641501175
[1, 3, 48.177711162107485, 42.27714107149397, 1] 1.01298596876265e+26
[1, 3, 39.61710341112969, 25.836743907160898, 1] 2.994370604872352
[1, 3, 26.74923732569949, 15.22429864896015, 1] 0.002135373063229
[1, 3, 42.237633810863926, 2.6644000792948326, 1] 0.027299638566868
[1, 3, 21.929698210526617, 22.47355461442382, 1] 1.340407006262413
[1, 3, 43.17554471270941, 26.295357446622447, 1] 0.385190327135827
[1, 3, 5.698162146573738, 11.067471993641432, 1] 0.025635643372212
[1, 3, 20.833916978914203, 2.676573145107459, 1] 0.000360111085562
[1, 3, 13.52058974281582, 39.44074500099828, 1] 80.09891830734064
[1, 3, 9.578341038477108, 41.192566204490035, 1] 3.394262171334698
[1, 3, 37.9724846680326, 5.9531293731140975, 1] 0.011443820919495
[1, 3, 12.372983948385315, 32.3441220126672, 1] 10.26617084616491
[1, 3, 39.88274048797999, 32.872363795647416, 1] 7.1930839611e-05
[1, 3, 0.34873276980397305, 23.985069050400583, 1] 4.680232118179442
[1, 3, 0.5255281851800584, 10.023363617341293, 1] 0.060377088744676
[1, 3, 9.193263365201544, 44.98058869404711, 1] 6822.957619724454
[1, 3, 39.26228092538614, 26.646633551581694, 1] 1.05336020501248
[1, 3, 46.08322231728996, 42.99203213957056, 1] 17370.249760871287
[1, 3, 25.38144457599198, 39.60854398016761, 1] 6471.902397007939
[1, 3, 36.83966122673406, 39.67740881311748, 1] 36288.2776781705
[1, 3, 6.710666246951858, 34.511189790846906, 1] 0.096081843869233
[1, 3, 36.595056656253725, 39.9311554227813, 1] 5.76312917523928e+16
[1, 3, 39.895815692629945, 42.84528387224348, 1] 28716.58655359841
[1, 3, 10.047343644851937, 11.859257244590827, 1] 0.458405544902961
[1, 3, 46.970404056173734, 24.717813375656206, 1] 0.001650881093963
[1, 3, 4.10697945470992, 30.382916687375506, 1] 0.133463587695919
[1, 3, 27.50753615509897, 44.33313244288947, 1] 0.794804143040579
[1, 3, 5.7398428540355155, 28.6081327458226, 1] 4.849706841841673
[1, 3, 14.09973128109307, 20.680195606149677, 1] 1.012782755610149
[1, 3, 31.429430529677937, 37.34458327662715, 1] 0.07589270453964
[1, 3, 16.73605965313226, 36.70743544452766, 1] 3848.0197521476452
[1, 3, 38.657091265095325, 43.87531039877175, 1] 7734.844367467287
[1, 3, 25.88501577647863, 38.25884326594175, 1] 4740.694554810989
[1, 3, 1.772394672805861, 8.700494206916705, 1] 0.042830758497175
[1, 3, 9.506126282841016, 45.883771547567754, 1] 0.127122823010846
[1, 3, 17.66889474189547, 11.896313553962301, 1] 0.001349259350186
[1, 3, 13.466416762524537, 34.94558043445546, 1] 118.72507601815515
[1, 3, 9.843877644988769, 18.39630222079396, 1] 0.627866852645096
[1, 3, 44.42195442660135, 46.953765040211714, 1] 0.442263292295134
[1, 3, 11.331968147471173, 9.465922488265772, 1] 0.005763615103917
[1, 3, 10.984294521456967, 34.584994610111124, 1] 8.887647509231584
[1, 3, 4.870416944990081, 12.007044910675342, 1] 0.030059423315533
[1, 3, 47.03821288605429, 39.215847193869756, 1] 46179.24195345001
[1, 3, 13.508191051291657, 38.19761712330321, 1] 104.63318482612317
[1, 3, 20.68625089121436, 4.081571584832245, 1] 0.001432856629992
[1, 3, 48.36647917417855, 28.337570187971046, 1] 0.385190349008789
[1, 3, 42.27305754038632, 16.020935654764397, 1] 0.00038824435822
[1, 3, 11.520279818078862, 13.965595917726093, 1] 0.045638116996727
[1, 3, 46.14632375326162, 40.178916927200135, 1] 8.2844407678428e+25
[1, 3, 27.126939512756067, 9.705388293508344, 1] 0.002320339343207
[1, 3, 47.983415307168144, 12.664613596449938, 1] 0.00664377807844
[1, 3, 35.68270977741117, 28.991270397194018, 1] 1215.17286890838
[1, 3, 47.69297831294345, 14.700708025660676, 1] 3.242312111807738
[1, 3, 39.33105304521667, 8.22524704255186, 1] 0.007516302546048
[1, 3, 0.36567122274611763, 12.267082578383816, 1] 0.064913040243204
[1, 3, 12.171765464156799, 18.976270456611882, 1] 0.232230102138327
[1, 3, 21.538631013991438, 29.19793045087027, 1] 2698.4715909178035
[1, 3, -0.584116649328891, 32.364194891296286, 1] 0.465905007490854
[1, 3, 18.011290409129572, 23.858267622842078, 1] 3.385054102998261
[1, 3, 35.01230493913324, 18.90866276340684, 1] 0.002226516736044
[1, 3, 42.05070458616056, 1.1225854544912215, 1] 0.03367626896492
[1, 3, 46.1716075901346, 3.2404028111789227, 1] 0.029477406483211
[1, 3, 23.540121347419134, 24.49383924768971, 1] 194.72961451248347
[1, 3, 36.818167119188246, 12.258001453763907, 1] 5.2022109969e-05
[1, 3, 6.968594381002775, 36.43446288918595, 1] 0.480552986175711
[1, 3, 47.58827792809267, -0.24175643998112695, 1] 0.046256406687976
[1, 3, 35.24005444202501, 36.89740660041927, 1] 31895.69283451364
[1, 3, 31.619194464252637, 13.460227999420944, 1] 0.002428718626748
[1, 3, 6.862444764839616, 33.149607275509005, 1] 1525.3697026094528
[1, 3, 31.597917941797974, 25.726117852338, 1] 0.089403404017988
[1, 3, 30.028599047817384, 8.730704890459602, 1] 11.822312170568477
[1, 3, 22.164391550149876, 42.23126143263447, 1] 4812.982893200475
[1, 3, 44.46656642729728, 26.366461353203082, 1] 0.001162036593761
[1, 3, 7.572988916859758, 35.31921230809381, 1] 0.084293016186433
[1, 3, 44.101567947505444, 19.79509385551559, 1] 0.001516313240869
[1, 3, 37.34670250980848, 36.50369260099814, 1] 2.981075021477e+25
[1, 3, 12.164852659124993, 6.1546198494332085, 1] 0.000104727546494
[1, 3, 42.17460018850441, 32.5703451231208, 1] 700.732431288134
[1, 3, 44.14332784478128, 42.444990897079904, 1] 0.229463440137787
[1, 3, 48.2642557392689, 37.61811805158715, 1] 0.001525565799808
[1, 3, 1.4913661222295378, 21.63581663203788, 1] 0.221070640084154
[1, 3, 4.146716541091035, 24.325575255126314, 1] 0.056818007207878
[1, 3, 28.374977942939378, 47.374356982152264, 1] 11507.34100115034
[1, 3, -0.8262461799208134, -0.5652432298207768, 1] 0.018854026922719
[1, 3, 8.35672514396706, 35.046332452855935, 1] 578.810960908922
[1, 3, 47.179276020979636, 20.502737019269176, 1] 0.00100807094793
[1, 3, 42.51945041493325, 6.025747837896845, 1] 0.016132351827387
[1, 3, 37.40334843633806, 19.754582871200135, 1] 0.002188277135994
[1, 3, 0.7636712154764367, 37.07292461646805, 1] 0.45183583052954
[1, 3, 25.3074793612243, 29.832824491670713, 1] 17392.63653625926
[1, 3, 1.3140402918727543, 28.827230482729277, 1] 0.458499957708811
[1, 3, 14.74117974751118, 22.626971987046364, 1] 0.016671138555319
[1, 3, 15.326074437035448, 14.459800521143258, 1] 0.011458293930221
[1, 3, 11.419428187268473, 9.046134651493343, 1] 0.003484166517661
[1, 3, 34.882064842635195, -0.5532422512233395, 1] 0.032662107813884
[1, 3, 34.55280832141195, 37.53566419052294, 1] 0.44579127137551
[1, 3, 22.495264096277484, 40.08312600891121, 1] 904.4162896746412
[1, 3, 18.52451572972259, 41.182077959775114, 1] 629.9597626484768
[1, 3, 30.79000718329971, 3.9793229668797236, 1] 0.008541919525091
[1, 3, 19.764236505727528, 42.583025056972325, 1] 987.4688008885812
[1, 3, 10.631150196976115, 5.790054175879501, 1] 0.000500191041381
[1, 3, 17.684675479195985, 29.03097752251669, 1] 1347.1362159649088
[1, 3, 43.83856961897483, 25.018638477029228, 1] 0.001511000604356
[1, 3, 35.968555233561695, 24.480398569046997, 1] 0.395446394131877
[1, 3, 13.597773420927663, 42.89389922772828, 1] 6.326475545750691
[1, 3, 10.354076240425231, 29.307781348535435, 1] 3.184189179648927
[1, 3, 39.76658654270206, 3.7477481516966122, 1] 0.020287113589568
[1, 3, 25.569743068774315, 30.41814691172527, 1] 6944.166571146025
[1, 3, 4.014193352252638, 27.78639768435211, 1] 0.377233338790767
[1, 3, 46.682759996207515, 46.802430818292386, 1] 0.435337328717301
[1, 3, 1.6323916733200892, 36.44277726523043, 1] 3.000103414080674
[1, 3, 18.58443424322958, 24.161761406880252, 1] 30.308357808636078
[1, 3, 28.43622968845952, 3.1303334425551395, 1] 0.007988201486406
[1, 3, 48.22558060906094, 6.85544508312438, 1] 0.019579587529232
[1, 3, 24.033959626617115, 22.0676014830512, 1] 0.394964245794825
[1, 3, 37.30584983833234, 37.504362421830464, 1] 3.835349274791073
[1, 3, 7.068142135707696, 33.61088337851467, 1] 1149.5826646868736
[1, 3, 21.36497816590875, 8.407677821136662, 1] 0.002666026361981
[1, 3, 40.324937251483156, 3.553205358484802, 1] 0.021648061784071
[1, 3, -0.0383292321585007, 42.200782717391256, 1] 0.577125829454721
[1, 3, 40.698897044675256, 4.981838676945095, 1] 0.017271488472898
[1, 3, 16.1120242721285, 44.81382959777594, 1] 2580.880023379529
[1, 3, 18.53501470765888, 3.2103764721308723, 1] 0.0017975461573
[1, 3, 2.8864243309548296, 33.485032139167025, 1] 0.462081609366076
[1, 3, 27.940365080080255, 1.606489611334978, 1] 0.012227120765757
[1, 3, 45.58080352757919, 38.93976970879514, 1] 0.098766705863105
[1, 3, 47.59767525202409, 44.795136280886275, 1] 9.38798954242302e+25
[1, 3, 44.69958420320358, 22.079883260747824, 1] 0.174206214277316
[1, 3, 17.316234284095124, 11.967297805780815, 1] 0.268869685828269
[1, 3, 16.571303141539296, 30.550652114703205, 1] 3526.9921773384244
[1, 3, 29.96695476480667, 22.140509909762613, 1] 0.315348696589341
[1, 3, 21.12602866071282, 13.07792336784064, 1] 0.001593215080565
[1, 3, 6.552665863604008, 23.556709806332496, 1] 3.934016143116268
[1, 3, 18.149727529442877, 5.416574930526436, 1] 0.002557976129495
[1, 3, 25.68496510840623, 21.913061212206383, 1] 0.107411429506364
[1, 3, 5.793871368237337, 0.7717897263427596, 1] 0.003086172218686
[1, 3, 8.88584433504257, -0.6318496271830167, 1] 0.001044539896745
[1, 3, 15.546419365674975, 32.14764153593947, 1] 2619.410050129702
[1, 3, 32.99408203321284, 29.636219347588305, 1] 12430.955245531652
[1, 3, 27.958474194562818, 42.24519096634086, 1] 0.46288060054875
[1, 3, 11.366682638683745, 23.154605258332374, 1] 0.875599630962085
[1, 3, 37.971746747398996, 43.461606325842304, 1] 7.81616921941712e+16
[1, 3, 43.69162466204686, 34.08899804478359, 1] 4.702798295882018
[1, 3, 37.71420045684837, 45.14500256385183, 1] 11.101723278951514
[1, 3, 17.3292011131435, 31.892055364434917, 1] 5279.180602305155
[1, 3, 29.961395456931584, 29.60889808842402, 1] 16140.028292918134
[1, 3, 29.443026888385116, -0.4015350283973087, 1] 0.023444233702236
[1, 3, 10.792172457422257, 15.54665300567364, 1] 0.01809924778623
[1, 3, 0.39318993866278107, 31.85100828590808, 1] 45.34821805888287
[1, 3, 20.10678098306127, 34.94832002443212, 1] 6779.100758426079
[1, 3, 1.5919877628101604, 14.775044683222683, 1] 21.008986400000712
[1, 3, 43.874004907381796, 10.253499033137231, 1] 0.007555437904026
[1, 3, 24.601100166955753, 0.07259534801653067, 1] 0.012952922268746
[1, 3, 10.155713630553322, 41.42787778004816, 1] 2064.472537063973
[1, 3, 10.708406984853752, 39.654528372545364, 1] 6.28987504352954
[1, 3, 48.713371180187174, 27.027219732357782, 1] 0.001373056278026
[1, 3, 47.58217510012701, 36.30001430692254, 1] 48395.844277241114
[1, 3, 9.548830578911128, 31.622541166243117, 1] 0.031520694298099
[1, 3, 22.18669231762866, 24.493125269664386, 1] 298.9274528553622
[1, 3, 39.32004183250333, 35.70398680420282, 1] 0.001988126685962
[1, 3, 8.797449441301442, -0.4331038831211711, 1] 0.000838790298999
[1, 3, 2.927157222670047, 35.69372572466444, 1] 3.728517219866069
[1, 3, 24.1150066235516, 7.40658578252515, 1] 0.002201034898309
[1, 3, 20.837103146640203, 12.945306235955407, 1] 0.001564762717109
[1, 3, 36.182022778103345, 4.636308169222149, 1] 0.013114114597934
[1, 3, 22.868186300609423, 36.11764890676123, 1] 0.013953117551367
[1, 3, 1.039317916519062, 28.904784466158368, 1] 15.007108922018022
[1, 3, 34.666237749050076, 28.70624692934586, 1] 735.1060641123157
[1, 3, 41.95547073669108, 1.1510691148568464, 1] 0.033433559040195
[1, 3, 24.79311583976362, 14.008877640722856, 1] 0.00210366921307
[1, 3, 46.44336017899754, 5.5877842926964085, 1] 0.021586048482595
[1, 3, 0.33367744127450005, 45.744156128372, 1] 163.8907919876602
[1, 3, 26.531611418302308, 30.928647757503352, 1] 4632.154019674839
[1, 3, 16.23419545311013, 26.913275618569642, 1] 0.467300656082659
[1, 3, 4.7308280435145855, 40.87011116741636, 1] 0.462333725775643
[1, 3, 17.035445557790563, 18.22072937755775, 1] 0.01135529543254
[1, 3, 29.460806466759372, 28.09467290021814, 1] 916.7356079631242
[1, 3, 39.89906841771154, 18.06387457513839, 1] 1.571533351909178
[1, 3, 39.794472822358976, 30.48219354472096, 1] 1708.3644291898042
[1, 3, 29.48826908439464, 18.132014935426277, 1] 0.001754146733505
[1, 3, 21.49147713339614, 34.959424133825316, 1] 6147.488826459901
[1, 3, 40.74825625825588, 8.945367894296758, 1] 0.007357719348884
[1, 3, 24.428832574447824, 42.05607183096459, 1] 6778.956396700348
[1, 3, 24.79806319131423, 23.2084520285786, 1] 0.426302570638905
[1, 3, 32.50561083303919, 2.008584479194132, 1] 0.017319686214876
[1, 3, 47.18168850265954, 9.488300190113698, 1] 0.011954741579246
[1, 3, 46.32935163098272, 8.186779258891399, 1] 0.871563698478259
[1, 3, 40.49236777963098, 47.31290842834922, 1] 40506.31859770015
[1, 3, 13.53166892525341, 42.25296453662465, 1] 16396.346694361826
[1, 3, -0.8526294443027151, 38.30707801686133, 1] 0.47322633566297
[1, 3, 13.067958421221254, 39.755599046016165, 1] 8471.075253837464
[1, 3, 12.210588425580383, 41.713057790450954, 1] 13714.819722683915
[1, 3, 38.15497668149591, 7.257639337562628, 1] 0.008462289248728
[1, 3, 20.76606156422936, 13.335416417942376, 1] 0.001504570556761
[1, 3, 21.084069709833003, 30.849987576761606, 1] 2400.387043951257
[1, 3, 36.51588066018516, 33.5422255931583, 1] 31425.20182577108
[1, 3, 38.11260961373139, 46.25216739056826, 1] 0.25193472363189
[1, 3, 46.15237699157572, 10.636177050361912, 1] 0.008787066043854
[1, 3, 1.5104497917845912, 7.4354801439673786, 1] 0.481327022619395
[1, 3, 5.213788823555388, 7.939770696757066, 1] 0.038325914989872
[1, 3, 23.479890245878256, 29.95648301560514, 1] 9959.606134060992
[1, 3, 31.942822512683662, 0.30960556129635086, 1] 0.023865814792905
[1, 3, 34.70906604940788, 27.430809501618388, 1] 0.402399477472142
[1, 3, 23.42999179959424, 45.415230170512, 1] 8260.072177995722
[1, 3, 6.027209916172089, 1.2410825301531823, 1] 0.002994145613088
[1, 3, 15.398112280922483, 44.75512390838859, 1] 11567.48768016076
[1, 3, 15.080831244340292, -0.9097116665273899, 1] 0.000796195321006
[1, 3, 12.38161608307118, 28.846105469608936, 1] 0.889902137762238
[1, 3, -0.3401490539280174, 47.43553426630037, 1] 0.333649238372968
[1, 3, 40.47548461181578, 30.283870350079436, 1] 0.08888202234215
[1, 3, 19.4733316196352, 11.55150714200689, 1] 0.001531396963498
[1, 3, 38.676891143850426, 38.052414825067785, 1] 0.433042781256968
[1, 3, 41.318915434654095, 27.597588552074704, 1] 4.9135946213e-05
[1, 3, 42.30438361560843, 37.2361178949307, 1] 5.49303858085599e+25
[1, 3, 11.49044717949096, 5.790545775724399, 1] 0.000147465648743
[1, 3, 12.642553547000402, 4.812606615769628, 1] 0.000798234231379
[1, 3, 5.8899821179122185, 45.17783891941958, 1] 3.269235752397638
[1, 3, 30.261420115430777, 13.924754848535732, 1] 0.4802242538298
[1, 3, 28.159179025916586, 18.213033934706004, 1] 0.001500802136962
[1, 3, 32.85386332032593, 0.8974996175297021, 1] 0.022486746711208
[1, 3, 18.767133523591944, 32.10317881112092, 1] 0.836790329450799
[1, 3, 10.145081257493688, 20.33511596949887, 1] 0.931365003821683
[1, 3, 20.075209823476605, 14.885367825300744, 1] 0.001877739333628
[1, 3, 41.26322739406104, 15.886260639882828, 1] 0.000697863665923
[1, 3, 41.98189858836099, 27.354811729591123, 1] 0.064485943968004
[1, 3, 15.937413968708821, 35.53216159105337, 1] 2645.593471754151
[1, 3, 9.262001163962548, 47.26005287543174, 1] 1082.9379093010407
[1, 3, 40.21266127951254, 18.24668859762787, 1] 0.001912324954353
[1, 3, 23.932733180014566, 13.642427755695348, 1] 0.019840128856907
[1, 3, 5.943137790386523, 47.428833528212664, 1] 0.456141489175448
[1, 3, 23.289102087105423, 3.3626263988880307, 1] 0.001511725941168
[1, 3, 8.861381804052066, 24.327939308735353, 1] 0.025678978317581
[1, 3, 2.8253028397282396, 8.458725248956345, 1] 0.034762034708347
[1, 3, 27.702892559643484, 19.024557747980204, 1] 0.001081565066596
[1, 3, 25.885448889097123, 27.17476999732138, 1] 0.040952888811623
[1, 3, 10.343878559772842, 16.220063956920807, 1] 0.019207094538638
[1, 3, 43.752435417920104, 5.900139643980873, 1] 0.017807616878049
[1, 3, 48.35824970902915, 23.947682115271704, 1] 0.001548485069735
[1, 3, 11.211570929086607, 39.93352513683518, 1] 16244.996653656832
[1, 3, 1.3461081526221506, 27.136080687482306, 1] 0.464301864376121
[1, 3, 42.09606752983047, 0.6435695303769371, 1] 0.035967897181143
[1, 3, 16.116088193257966, 16.918454692851626, 1] 0.032531989951362
[1, 3, 19.318827866394486, 11.44791426669551, 1] 0.001515182321218
[1, 3, 8.67039318144845, 7.9097172296906955, 1] 0.018113317066283
[1, 3, 43.43808848376774, 16.55284468804234, 1] 1927.9952774634066
[1, 3, 6.064335531015903, 13.26936142533991, 1] 0.518946066887949
[1, 3, 17.227375009152247, 22.112670843098453, 1] 0.528687833551478
[1, 3, 31.96222619223424, 17.949904242653393, 1] 0.0021678658869
[1, 3, 47.44293028655243, 36.1326695722953, 1] 9.71862016401923e+25
[1, 3, 26.65572336890746, 24.855337067750828, 1] 0.1548798205548
[1, 3, 32.69626164180696, 9.933175085582652, 1] 0.000150603694825
[1, 3, 21.212465555993184, 35.7982382617926, 1] 7060.842751237448
[1, 3, 30.38350267024459, 16.4378732357695, 1] 0.002341548325766
[1, 3, 32.034170436033826, 28.62758185571203, 1] 775.6815758662457
[1, 3, 12.317969530324735, 14.842509659200365, 1] 0.047133670975729
[1, 3, 14.834150160499854, 20.490423894954162, 1] 1.045396375153175
[1, 3, 41.45448044112727, 29.261322251124795, 1] 2.1937500251e-05
[1, 3, 43.71926923237049, -0.5067927999953361, 1] 0.043555888672828
[1, 3, 24.013219528650954, 13.442087870506482, 1] 0.002098892131714
[1, 3, 25.758254864969462, 41.16496955910177, 1] 0.397307463377413
[1, 3, 33.02238338776978, 28.918861919885238, 1] 40.08427902263088
[1, 3, 34.28277905336634, 25.428199967127853, 1] 0.081607368416658
[1, 3, 27.98647993373652, 29.102498072080763, 1] 154.74924907394416
[1, 3, 21.497331251546964, 18.191579598665342, 1] 0.401176933017826
[1, 3, 43.5588791530686, 21.137697804022654, 1] 0.001848393499169
[1, 3, 30.77401028415187, 35.123674539173805, 1] 19706.33301718505
[1, 3, 11.183350584991281, 48.08198198714867, 1] 727.2185998045366
[1, 3, 15.547567347092823, 42.310610863898305, 1] 18.639804231075555
[1, 3, 39.85282001169034, 4.000541050198781, 1] 0.019510307611313
[1, 3, 9.208599581562577, 19.611927737163715, 1] 1.055564171734098
[1, 3, 45.003633390212315, 39.96295021295226, 1] 0.159973999352664
[1, 3, 30.71828946801597, 21.573695381272913, 1] 0.000432215637512
[1, 3, 31.42861157715751, 1.1447129888452263, 1] 0.01928547235198
[1, 3, 0.00568114175180745, 47.20369342384059, 1] 0.460380425956477
[1, 3, 31.994377628849833, 21.162306732050162, 1] 1.870907970920999
[1, 3, 38.65124926841555, 21.709455694884834, 1] 0.001902069262685
[1, 3, 23.13525834673716, 26.564631913952738, 1] 6145.858532162593
[1, 3, 36.78274899139827, 0.8661626304127099, 1] 0.028181415572981
[1, 3, 46.29829413363396, 23.09086111737283, 1] 0.001701744864858
[1, 3, 31.420408312416235, 20.75010753176242, 1] 0.001142212334533
[1, 3, 1.566604249629234, 7.989467418890229, 1] 0.042736397877389
[1, 3, 11.62809046828728, 0.18247832108165918, 1] 0.002039496458353
[1, 3, 35.37443016525297, 5.194688762643031, 1] 0.010595547328956
[1, 3, 32.15817522640088, 35.052081151361115, 1] 2041.0239375026315
[1, 3, 31.548839143422967, 8.340741833469435, 1] 0.000870865771413
[1, 3, 23.188785674623524, 28.62343518307134, 1] 3658.8134957014604
[1, 3, 38.138032199444325, 22.87111782695555, 1] 1.054200534259809
[1, 3, 43.117597999964964, 35.95049879660648, 1] 207.03285806550235
[1, 3, 28.022418981560943, 25.88884869648321, 1] 0.53764797479768
[1, 3, 14.044920034876569, 16.7402092431533, 1] 0.049890248935695
[1, 3, 15.420018789676256, 17.92074963672651, 1] 0.047947529234726
[1, 3, 10.659169864968488, 7.407689474822339, 1] 0.000510852236165
[1, 3, 23.279133095997047, 19.53169802718355, 1] 0.396950454271156
[1, 3, 32.627142016367, 48.96037948431379, 1] 8762.849537368744
[1, 3, -0.2549096774082873, 28.844116370516016, 1] 0.460341469755193
[1, 3, 8.87124176597362, 20.21268429811013, 1] 1.296391275190528
[1, 3, 19.86064637463938, 29.27110425805442, 1] 0.460705136990039
[1, 3, 12.392821398705374, 41.61111848120331, 1] 3415.8133965672273
[1, 3, 38.766604735788654, 6.573759960651949, 1] 0.010695096203932
[1, 3, 22.564683100899085, 46.12662327095953, 1] 4331.8730100454395
[1, 3, 34.48015811496163, 33.76244297906114, 1] 14262.502684651998
[1, 3, 30.74247218195688, 6.012813580272537, 1] 0.003816132024161
[1, 3, 19.894989381909586, 9.470146148789716, 1] 0.002189257470933
[1, 3, 28.973598973141602, 47.832626438682745, 1] 1783.232784423577
[1, 3, 46.97378928452914, 10.527238640440196, 1] 0.009620520969814
[1, 3, 3.2791092935115067, 39.874833415774845, 1] 0.450074215221605
[1, 3, -0.4480490269348427, 48.227627615585334, 1] 48.563244340902074
[1, 3, 21.624463539711805, 39.66562847198278, 1] 6786.843818472582
[1, 3, 9.825230281864373, 15.190777070648139, 1] 0.120821682563766
[1, 3, 33.840843303190674, 10.091437482428612, 1] 0.000355489911194
[1, 3, 8.087091680380372, 38.848132334078905, 1] 2.580647070953935
[1, 3, 10.952607637615253, 18.12853756455907, 1] 0.469486431712346
[1, 3, 31.85043744336877, 11.726727142649292, 1] 0.002019439175949
[1, 3, 15.689942882380404, 38.37507109393859, 1] 31.9567657595105
[1, 3, 5.247985318157162, 17.09974974285387, 1] 0.03507884509419
[1, 3, 31.389741544547178, 28.004733768547048, 1] 1504.13657139237
[1, 3, 3.501068297850974, 46.40310895964198, 1] 3.80536608777392
[1, 3, 14.891675963470513, 46.12680604967604, 1] 2946.6655974172554
[1, 3, 21.846959250116328, 18.53300857001071, 1] 0.011795151539602
[1, 3, 5.953810707718599, 21.28982631076255, 1] 0.031931198538714
[1, 3, 28.26194042740957, 14.36106327245957, 1] 0.002529038479051
[1, 3, 10.241822329659412, 29.49096811690119, 1] 0.028320835040329
[1, 3, 35.446036934270666, 40.29769155991769, 1] 920.2254939561723
[1, 3, 13.17114202105224, 0.9279296488791564, 1] 0.00216805936157
[1, 3, 5.8109560863048815, 3.8379944869992366, 1] 0.002244240694533
[1, 3, 36.10481539536337, 3.6843594324336273, 1] 0.016033648321917
[1, 3, 25.59074103586734, 15.596026145270915, 1] 0.00182813583133
[1, 3, 35.94227830653865, 0.3025568549943911, 1] 8.629523011285684
[1, 3, 11.95144889904926, 27.893330801425947, 1] 0.021071534635257
[1, 3, 46.07814907887816, 21.219190863799042, 1] 0.478311839834902
[1, 3, 12.521289330120561, 32.10023293868268, 1] 17.340586166826117
[1, 3, 3.16496276615082, 12.354396662545831, 1] 0.040534891509252
[1, 3, 23.023428224271225, -0.18691377913116947, 1] 0.011317573661321
[1, 3, 30.788805480789765, 17.68287969357892, 1] 0.002089481844403
[1, 3, 7.888045545350936, 28.91911511879699, 1] 5.503712762913865
[1, 3, 36.64847639195651, 7.171361803526612, 1] 0.007178201515589
[1, 3, 23.44777596592268, 31.26584240511955, 1] 12344.592252384828
[1, 3, 23.13539457684099, -0.06477590070618677, 1] 0.011006780717783
[1, 3, 41.387007458754184, 24.957548667143097, 1] 0.001224042330279
[1, 3, 44.488968016985474, 12.60316757013959, 1] 0.004248374123449
[1, 3, 42.39931602969217, 43.157520707115005, 1] 5.31767747017297e+25
[1, 3, 42.01635349356582, 31.560113695501876, 1] 2827.4610306650643
[1, 3, 34.84217768975908, 17.994556445578798, 1] 0.002349947706723
[1, 3, 46.788318367922244, 37.483386495793354, 1] 4.723666112386637
[1, 3, 37.27690958752896, 28.14186263440346, 1] 0.327732038329675
[1, 3, 26.22886395985496, 2.9665842761977044, 1] 0.005657912915632
[1, 3, 29.821695571959186, 10.98759890407266, 1] 4.246397025606474
[1, 3, 40.23659403945712, 0.9378327533486561, 1] 0.03232617258481
[1, 3, 10.696993145585727, 44.25707256743263, 1] 507.6276756507705
[1, 3, 1.2841867655926662, 6.512689977209325, 1] 0.041812222380018
[1, 3, 30.42640867586181, 44.03511904558151, 1] 834.7248527074378
[1, 3, 7.821561979269182, 33.81718254466188, 1] 9.082437092826037
[1, 3, 16.741939189556767, 35.94813300188386, 1] 2908.529867790622
[1, 3, 1.9938496342961916, 45.92772270889225, 1] 3.856291551033832
[1, 3, 0.6912110043633743, 14.653573955741685, 1] 0.054603165330543
[1, 3, 4.760396979285348, 5.018201846780874, 1] 0.476294701661911
[1, 3, 17.57476178957499, 15.597267575314266, 1] 0.014548877626163
[1, 3, 12.821970234140563, 19.695231902071033, 1] 0.017592498971338
[1, 3, 47.84800618960838, 38.493582389691824, 1] 0.091008250467061
[1, 3, 4.1848011767430755, 1.3693710456784145, 1] 0.0049252202514
[1, 3, 40.89039794677758, 33.084325064320794, 1] 0.372608055511484
[1, 3, 35.238369705356625, 33.62845745525968, 1] 30775.819949999976
[1, 3, 33.427483618220414, 8.885176020397823, 1] 3838.070977221641
[1, 3, 40.0946503955523, 26.26721251329832, 1] 0.736290612281112
[1, 3, 42.937673005532695, 19.085509877586105, 1] 0.001573177398351
[1, 3, 8.80123866166836, 28.47572461077785, 1] 6.444348434853147
[1, 3, 0.2645170375732706, 28.26105536643831, 1] 37.184316605417216
[1, 3, 31.333283647408237, 46.95142696286667, 1] 7668.056332523051
[1, 3, 19.514001115586606, 46.40410660980676, 1] 1898.5828563210903
[1, 3, 40.21459956528912, 3.72128612310731, 1] 0.020914175141632
[1, 3, 3.8142846735088174, 29.77862759623335, 1] 0.138179713898985
[1, 3, 8.496509665011565, 5.163965388824727, 1] 0.001137082237694
[1, 3, 19.670221886150465, -0.257646529033855, 1] 0.005849224289459
[1, 3, 33.67103820058967, 38.826243391052145, 1] 19777.579722629474
[1, 3, 3.6277462201923356, 43.77597092645497, 1] 0.262992814420921
[1, 3, 10.76310788303912, 4.206273166242504, 1] 0.0001358510001
[1, 3, 45.17376695555008, 13.3104654084092, 1] 11.744378590188338
[1, 3, 41.22726108860263, 33.56096893731978, 1] 39.78878928372622
[1, 3, 4.372957007236706, 16.175706609171606, 1] 0.483103246994269
[1, 3, 28.30431615213588, 27.067624296040588, 1] 295.66530829372545
[1, 3, 46.80675686789927, 46.53733404236713, 1] 0.434062776846523
[1, 3, 39.839203122213064, 30.330410960606546, 1] 25121.786265388833
[1, 3, 28.76662421010574, 47.470799225271925, 1] 0.012209550502062
[1, 3, 36.48539801312226, 10.758221204217023, 1] 0.001256900927697
[1, 3, 3.714202676382012, 46.16447879373545, 1] 0.444697850029659
[1, 3, 13.96395188859087, 10.069710069762367, 1] 0.001661412937374
[1, 3, 18.089074153671916, 24.32950097798143, 1] 18.25949552555466
[1, 3, 29.538476902909146, 5.162716808371471, 1] 0.004309463782836
[1, 3, 32.8036008913917, 37.30512573993798, 1] 17960.369943683636
[1, 3, 12.738391763562868, 9.269573137664068, 1] 0.001626061777123
[1, 3, 13.726749988042503, 19.45006386268141, 1] 1.970835175596434
[1, 3, 33.510089897462414, -0.1598795266136479, 1] 0.028577899247461
[1, 3, 26.298691000757113, 25.881127544435827, 1] 3322.833836650591
[1, 3, 16.276911855264878, 13.562040885116668, 1] 0.40077320903983
[1, 3, 7.812429674728184, 1.5347488630475978, 1] 0.001325444114961
[1, 3, 11.919114809513522, 25.737136345642615, 1] 1.460842361526789
[1, 3, 39.33432157026472, 34.55789881405189, 1] 0.00133157276115
[1, 3, 46.333840611125, 18.368157602604093, 1] 0.879938825037745
[1, 3, 19.20680621505112, 42.94750514863896, 1] 4054.116793380504
[1, 3, 21.525930576544106, 30.952034419219416, 1] 2087.7434200441025
[1, 3, 19.5543342225887, 27.2256323165025, 1] 2700.2832793738808
[1, 3, 42.44198781688646, 38.5383935530071, 1] 32489.25409251332
[1, 3, 24.166514295939002, 36.216777395714445, 1] 3957.1596243053245
[1, 3, 30.442859795182343, 32.89462021939892, 1] 492.9851473332448
[1, 3, 9.419910542475035, 32.622561254266756, 1] 943.4827144073658
[1, 3, 19.199592019763852, 45.69675333882364, 1] 1500.6534674078187
[1, 3, 28.329571164432778, 12.633054056255101, 1] 0.002667085081627
[1, 3, -0.5938075901820152, 48.89193302288184, 1] 0.719346865021622
[1, 3, 28.66083880149224, 47.52221411588379, 1] 8991.582508160413
[1, 3, 37.16196321631458, 4.774893846371388, 1] 0.013847532932899
[1, 3, 2.4515441680328776, 11.77827824439502, 1] 1.45570915892915
[1, 3, 43.37799779235972, 5.975450638931341, 1] 0.017189120841124
[1, 3, 34.5215624057062, 44.782878840503955, 1] 3593.8278300075967
[1, 3, 47.375567326591515, 39.667647099675044, 1] 831.7177930146779
[1, 3, 12.91423688402012, 37.91104219106689, 1] 4.47978497631999
[1, 3, 43.60889375112837, 39.804840052982016, 1] 0.026087895020221
[1, 3, 37.23767707971816, 22.52145706770304, 1] 0.00148812951144
[1, 3, 15.939382590432384, 8.38254430198871, 1] 0.001175380677204
[1, 3, 35.06006168857354, 19.69965448920619, 1] 2.655524307783376
[1, 3, 38.70125452593943, 20.78396074343578, 1] 15.414364720595852
[1, 3, 14.172119387025463, -0.9192033221013187, 1] 0.000251625815636
[1, 3, 17.752155309670304, 28.11087165126453, 1] 1.311002587252826
[1, 3, 34.61734107652835, 37.62280072060226, 1] 14683.534847282124
[1, 3, 35.98996087100607, 9.834942295753859, 1] 0.002063222161485
[1, 3, 14.381992799738509, 5.390680386815645, 1] 0.00149436063827
[1, 3, 46.15043314718012, 27.469293157682667, 1] 0.000999254893875
[1, 3, 8.759076322395593, 32.98494392014095, 1] 7.261777566514354
[1, 3, 0.6001233871664577, 26.67141210725495, 1] 0.458437157173615
[1, 3, 29.63071335828727, 28.17632298264998, 1] 658.2292340070707
[1, 3, 4.302282937372638, 17.85619801273012, 1] 3.056256048405825
[1, 3, 3.364153156635048, 13.069582531937257, 1] 1.505513481663809
[1, 3, 24.203202764838284, 20.513255320338953, 1] 0.400002342819766
[1, 3, 3.77859770827605, 39.78529615885779, 1] 0.454034428027942
[1, 3, 32.75841209422653, 31.54778727281208, 1] 32.64616682721388
[1, 3, 37.7188549667742, 27.46399126956, 1] 0.303774434187954
[1, 3, 39.33686621651926, 15.46329410112844, 1] 0.001158044093972
[1, 3, 35.79941741917669, 0.008899860450318542, 1] 0.031012062674487
[1, 3, 10.180941703561286, 39.27979468497786, 1] 15466.409561400465
[1, 3, 1.728412211740383, 12.617305945499753, 1] 0.052994220430821
[1, 3, 21.710016933899325, 46.30747231557538, 1] 5.800759075327461
[1, 3, 2.263414884790783, 22.542279035171177, 1] 0.089109515228179
[1, 3, 12.378796204134396, 28.17775371202655, 1] 1474.6962726374336
[1, 3, 47.93205147838521, 9.177373978483423, 1] 0.013323792416393
[1, 3, 1.8748619704524359, 12.655370321284288, 1] 0.481740867711162
[1, 3, 11.256203673925754, 45.87864632312439, 1] 11364.733672836092
[1, 3, 5.815939588453118, 35.73583801833766, 1] 0.196690580516545
