[5, 3, 0, 0, 6.72937243896561] 0.393789937716347
[5, 3, 0, 0, 11.912530143555763] 0.418268318958746
[5, 3, 0, 0, 5.952384229514993] 0.372339872463798
[5, 3, 0, 0, 19.203489642076512] 0.416828315265578
[5, 3, 0, 0, 16.56656385241379] 0.417414546761199
[5, 3, 0, 0, 12.950375150601321] 0.418225152355364
[5, 3, 0, 0, 1.4485058539022289] 0.119730914050465
[5, 3, 0, 0, 0.020214551795707525] 175824991802319.0
[5, 3, 0, 0, 18.537507676645554] 0.416965393507956
[5, 3, 0, 0, 4.611411245672263] 0.291689091958692
[5, 3, 0, 0, 14.990822146429668] 0.417803014296599
[5, 3, 0, 0, 17.50282099182555] 0.417193599168194
[5, 3, 0, 0, 13.488778723346842] 0.41813882968053
[5, 3, 0, 0, 4.17887482078914] 0.247260319206268
[5, 3, 0, 0, 2.401288320709889] 0.00607748040411
[5, 3, 0, 0, 7.508758900715328] 0.405566397425299
[5, 3, 0, 0, 6.403994987393897] 0.386314160290576
[5, 3, 0, 0, 16.33427223145746] 0.417471063028758
[5, 3, 0, 0, 9.32512038622428] 0.415948708189782
[5, 3, 0, 0, 18.602623036434014] 0.416951656225621
[5, 3, 0, 0, 18.341313599396774] 0.417007265882001
[5, 3, 0, 0, 11.562441953618414] 0.418222086942597
[5, 3, 0, 0, 0.21885848292621413] 31.853664542150906
[5, 3, 0, 0, 11.795472893875987] 0.418257360597425
[5, 3, 0, 0, 6.576035281823513] 0.390499782837947
[5, 3, 0, 0, 5.673614742455837] 0.361075626306294
[5, 3, 0, 0, 6.1242954740539] 0.378222997514083
[5, 3, 0, 0, 10.129294854459543] 0.417360010495558
[5, 3, 0, 0, 16.246316451756] 0.417492597458841
[5, 3, 0, 0, 8.472786114192886] 0.412888927762003
[5, 3, 0, 0, 8.972792739745586] 0.414940553665389
[5, 3, 0, 0, 2.682432031272861] 0.040043111261553
[5, 3, 0, 0, 18.720188294635946] 0.416927062859527
[5, 3, 0, 0, 0.9602519498449014] 0.012551600187177
[5, 3, 0, 0, 13.996825837438866] 0.418035812512548
[5, 3, 0, 0, 15.345141500427417] 0.417715604878668
[5, 3, 0, 0, 5.596973187050369] 0.357562205820845
[5, 3, 0, 0, 11.64227422183944] 0.418236330909516
[5, 3, 0, 0, 17.568384853821826] 0.417178610488915
[5, 3, 0, 0, 6.163081914189998] 0.37944943996113
[5, 3, 0, 0, 0.749450661423885] 0.033641866749616
[5, 3, 0, 0, 3.553541213980582] 0.455274140302934
[5, 3, 0, 0, 5.270623352273138] 0.340304651697622
[5, 3, 0, 0, 7.500529483356326] 0.405476236067831
[5, 3, 0, 0, 18.80812844221164] 0.41690875436252
[5, 3, 0, 0, 14.446875072517155] 0.417933823421196
[5, 3, 0, 0, 6.570375909624673] 0.390370720662881
[5, 3, 0, 0, 6.6538366655952235] 0.392218001463507
[5, 3, 0, 0, 10.259111639769023] 0.417504776842505
[5, 3, 0, 0, 1.4343763728933467] 0.128212389115595
[5, 3, 0, 0, 5.400784072307079] 0.347656774681151
[5, 3, 0, 0, 10.05980271668933] 0.417274733335865
[5, 3, 0, 0, 11.358999277947708] 0.418174407631495
[5, 3, 0, 0, 17.649759193554257] 0.417160103153203
[5, 3, 0, 0, 8.007222116859584] 0.410053007331145
[5, 3, 0, 0, 5.7577645320506825] 0.364718175043509
[5, 3, 0, 0, 11.235676156230046] 0.418136675777084
[5, 3, 0, 0, 11.946332161827822] 0.418270721979013
[5, 3, 0, 0, 11.155224309881195] 0.418108079883798
[5, 3, 0, 0, 19.50222944125961] 0.416769349716228
[5, 3, 0, 0, 7.983654728024656] 0.409878959221058
[5, 3, 0, 0, 13.215153570375747] 0.418186370565349
[5, 3, 0, 0, 19.703218644659128] 0.416730553633063
[5, 3, 0, 0, 15.86111749782527] 0.41758758060975
[5, 3, 0, 0, 17.659726521745668] 0.417157843597647
[5, 3, 0, 0, 19.273107194088922] 0.416814428808157
[5, 3, 0, 0, 18.978347101844296] 0.416873783507866
[5, 3, 0, 0, 6.599092039057521] 0.391019803514619
[5, 3, 0, 0, 17.55158489316924] 0.417182444633022
[5, 3, 0, 0, 12.630017080068024] 0.41825993318491
[5, 3, 0, 0, 18.19533948997954] 0.417038895444276
[5, 3, 0, 0, 2.5083082940734913] 0.018181702336043
[5, 3, 0, 0, 12.118901976422524] 0.418278098328389
[5, 3, 0, 0, 10.463705609717021] 0.417698272340638
[5, 3, 0, 0, 12.220449434879967] 0.418278909620739
[5, 3, 0, 0, 8.725776832884375] 0.414032746989068
[5, 3, 0, 0, 14.776893153580655] 0.417855133302971
[5, 3, 0, 0, 17.586604063029494] 0.417174457547504
[5, 3, 0, 0, 19.712746461898337] 0.416728730954313
[5, 3, 0, 0, 9.332902401526448] 0.407760219058434
[5, 3, 0, 0, 17.65419831880079] 0.417159096621051
[5, 3, 0, 0, 10.658514930249234] 0.417848032213908
[5, 3, 0, 0, 4.304577546750177] 0.261343896558485
[5, 3, 0, 0, 16.390184211762026] 0.417457410308072
[5, 3, 0, 0, 1.7016074968840211] 0.003603586202482
[5, 3, 0, 0, 3.601201527036164] 0.169056715457331
[5, 3, 0, 0, 7.45798876210872] 0.405000601023885
[5, 3, 0, 0, 0.09522296391844876] 187719392381658.0
[5, 3, 0, 0, 13.764854889770426] 0.418084855447118
[5, 3, 0, 0, 14.242066607164062] 0.417981174764582
[5, 3, 0, 0, 0.2775763680894805] 6.553114345064828
[5, 3, 0, 0, 14.446418351427317] 0.417933930466917
[5, 3, 0, 0, 10.021054921607318] 0.417224725047815
[5, 3, 0, 0, 4.947684553511474] 0.319044513478533
[5, 3, 0, 0, 5.055350341658167] 0.326639409580681
[5, 3, 0, 0, 18.48438128162204] 0.416976657999247
[5, 3, 0, 0, 19.75168066953777] 0.416721302424514
[5, 3, 0, 0, 4.2147173977429535] 0.251378976513661
[5, 3, 0, 0, 0.9101336939517024] 0.015819274249554
[5, 3, 0, 0, 16.979395862361507] 0.417315649128853
[5, 3, 0, 0, 9.620447354165622] 0.40764684420554
[5, 3, 0, 0, 8.089222137885832] 0.410633352066305
[5, 3, 0, 0, 6.983993058365843] 0.398455593572784
[5, 3, 0, 0, 1.7480886460405043] 0.00280368740555
[5, 3, 0, 0, 15.07424891442968] 0.417782528281412
[5, 3, 0, 0, 0.9221413926708721] 0.01498315335467
[5, 3, 0, 0, 18.03554340631543] 0.417073844967317
[5, 3, 0, 0, 1.603420134489968] 0.004784914452285
[5, 3, 0, 0, 1.1182913600272548] 0.00780733376335
[5, 3, 0, 0, 11.746683652116669] 0.418251521269012
[5, 3, 0, 0, 15.077500907066725] 0.417781728261069
[5, 3, 0, 0, 7.048869219562697] 0.399502748137444
[5, 3, 0, 0, 5.993417886798939] 0.373812907948664
[5, 3, 0, 0, 5.087185983698543] 0.328785050569251
[5, 3, 0, 0, 10.832987649261415] 0.417957477524087
[5, 3, 0, 0, 13.88158257604852] 0.418060507833105
[5, 3, 0, 0, 5.407829251726996] 0.348036373978192
[5, 3, 0, 0, 2.403117082625763] 0.006268887491795
[5, 3, 0, 0, 7.772493882234299] 0.408162552038166
[5, 3, 0, 0, 18.33213022743998] 0.417009266524189
[5, 3, 0, 0, 12.37299329867152] 0.418275735676089
[5, 3, 0, 0, 15.26194917519172] 0.417736207604934
[5, 3, 0, 0, 13.15169511150292] 0.418196376721561
[5, 3, 0, 0, 14.270908571641066] 0.417974591413154
[5, 3, 0, 0, 4.89547138757896] 0.315167015623936
[5, 3, 0, 0, 10.658595672251675] 0.417848087990554
[5, 3, 0, 0, 17.04902587387396] 0.417299190243947
[5, 3, 0, 0, 4.508164269187005] 0.282088876427921
[5, 3, 0, 0, 11.78755073949233] 0.418256464968546
[5, 3, 0, 0, 19.899355015541854] 0.41669336413337
[5, 3, 0, 0, 7.429661985476239] 0.404674784591565
[5, 3, 0, 0, 6.359992685619352] 0.385152116322711
[5, 3, 0, 0, 7.470518645706679] 0.405142401451097
[5, 3, 0, 0, 1.0411656450976414] 0.009302592768965
[5, 3, 0, 0, 19.95630655275719] 0.416682689061469
[5, 3, 0, 0, 6.637560726891287] 0.391867058082128
[5, 3, 0, 0, 10.781975422826005] 0.417927699652476
[5, 3, 0, 0, 4.119443153621578] 0.240246261431032
[5, 3, 0, 0, 18.156563001921597] 0.417047344454258
[5, 3, 0, 0, 9.829412311224857] 0.416948799105344
[5, 3, 0, 0, 16.67760665474586] 0.417387736947448
[5, 3, 0, 0, 16.334261114764026] 0.417471065746152
[5, 3, 0, 0, 14.254038217409963] 0.417978445814978
[5, 3, 0, 0, 16.50871502654112] 0.417428568969698
[5, 3, 0, 0, 8.419386588712275] 0.412615573063902
[5, 3, 0, 0, 17.464673604307336] 0.417202351466908
[5, 3, 0, 0, 2.05225187790556] 0.007838691988065
[5, 3, 0, 0, 1.5708290296314287] 0.005058552933909
[5, 3, 0, 0, 12.632443048144461] 0.418259728346789
[5, 3, 0, 0, 6.96046730444579] 0.398062496563669
[5, 3, 0, 0, 13.649602975329325] 0.418108017012425
[5, 3, 0, 0, 14.330169898986483] 0.417960973266069
[5, 3, 0, 0, 4.939056501558552] 0.318412724382482
[5, 3, 0, 0, 18.916881708407697] 0.416886316249063
[5, 3, 0, 0, 10.349237658526507] 0.417594952307992
[5, 3, 0, 0, 11.693194519545337] 0.418244210019939
[5, 3, 0, 0, 1.8968929868340356] 0.001177825503073
[5, 3, 0, 0, 10.381127389017452] 0.417624958084757
[5, 3, 0, 0, 19.88112991624278] 0.416696791964616
[5, 3, 0, 0, 3.7265576242351495] 0.187884307788449
[5, 3, 0, 0, 6.096293586078856] 0.377315204996889
[5, 3, 0, 0, 8.608085285945858] 0.408104442040268
[5, 3, 0, 0, 13.02526424699346] 0.418215004507338
[5, 3, 0, 0, 3.1471941302761763] 0.09997295451959
[5, 3, 0, 0, 15.210285673529269] 0.417748983059636
[5, 3, 0, 0, 17.512046783339677] 0.417191485911367
[5, 3, 0, 0, 17.444091012119365] 0.417207083311858
[5, 3, 0, 0, 0.6795617152932998] 0.0079144812182
[5, 3, 0, 0, 11.663258581579658] 0.418239688813191
[5, 3, 0, 0, 19.49049790116186] 0.416771636529494
[5, 3, 0, 0, 1.9420531331632995] 0.002880946213382
[5, 3, 0, 0, 11.119592997431562] 0.418094348152794
[5, 3, 0, 0, 19.971420059713303] 0.416679865446609
[5, 3, 0, 0, 18.419285779668744] 0.416990547411946
[5, 3, 0, 0, 16.52994690455601] 0.417423418236378
[5, 3, 0, 0, 3.271550402501837] 0.117739252941143
[5, 3, 0, 0, 6.1068692552855435] 0.377660287881298
[5, 3, 0, 0, 15.819880783084109] 0.417597798105027
[5, 3, 0, 0, 10.134572003890558] 0.417366256950875
[5, 3, 0, 0, 13.240746500944375] 0.41818221845428
[5, 3, 0, 0, 2.6129644905819194] 0.031180914478878
[5, 3, 0, 0, 15.372406183450336] 0.417708846088175
[5, 3, 0, 0, 17.95008125650321] 0.417092739113734
[5, 3, 0, 0, 16.125754091506913] 0.417522218501655
[5, 3, 0, 0, 11.146680695381132] 0.418104848360306
[5, 3, 0, 0, 17.823553355684833] 0.417120937773799
[5, 3, 0, 0, 2.6773294091747535] 0.039390384918911
[5, 3, 0, 0, 1.0933045871008829] 0.00818349954017
[5, 3, 0, 0, 16.055704311316028] 0.417539478420221
[5, 3, 0, 0, 13.697108902985349] 0.418098627593229
[5, 3, 0, 0, 14.12833176092323] 0.418006828290405
[5, 3, 0, 0, 0.2576760557694291] 16.133689084013028
[5, 3, 0, 0, 2.487943313500216] 0.015756140727874
[5, 3, 0, 0, 1.755025677490556] 0.002668451795649
[5, 3, 0, 0, 12.645087006198386] 0.418258645053867
[5, 3, 0, 0, 11.306181108658347] 0.418159117411932
[5, 3, 0, 0, 10.490786810621934] 0.417720987293871
[5, 3, 0, 0, 10.558813163591015] 0.417775268420857
[5, 3, 0, 0, 11.696815311538543] 0.418244735711231
[5, 3, 0, 0, 0.4107611825687352] 0.411649667638288
[5, 3, 0, 0, 11.850875027403609] 0.418263069737258
[5, 3, 0, 0, 0.7546382835597942] 0.030188180314199
[5, 3, 0, 0, 13.156391378704033] 0.41819565068108
[5, 3, 0, 0, 16.903114958885833] 0.417333757088903
[5, 3, 0, 0, 5.831755427415677] 0.367743632121056
[5, 3, 0, 0, 13.912692245861143] 0.418053898905597
[5, 3, 0, 0, 8.001646163498798] 0.410012126762105
[5, 3, 0, 0, 10.418583144307279] 0.417658982128032
[5, 3, 0, 0, 2.473564981708003] 0.014073343410442
[5, 3, 0, 0, 5.363572993312376] 0.345621221173918
[5, 3, 0, 0, 4.0054570488792995] 0.226135258212316
[5, 3, 0, 0, 12.611515771322646] 0.418261463175978
[5, 3, 0, 0, 10.715619867388897] 0.417886259238194
[5, 3, 0, 0, 2.934161832131219] 0.072119249336764
[5, 3, 0, 0, 12.760771061219016] 0.418247553401059
[5, 3, 0, 0, 15.921910407406546] 0.417572530877388
[5, 3, 0, 0, 13.507947334549149] 0.418135258674555
[5, 3, 0, 0, 6.422081508657014] 0.386780583030731
[5, 3, 0, 0, 14.539736204879148] 0.417911940077948
[5, 3, 0, 0, 17.69443734128314] 0.417149987404662
[5, 3, 0, 0, 2.1801984867010926] 0.011000476760598
[5, 3, 0, 0, 14.736651623553598] 0.417864855320478
[5, 3, 0, 0, 2.7216935936767883] 0.045066467979061
[5, 3, 0, 0, 15.97324128649424] 0.417559837871582
[5, 3, 0, 0, 16.398704296116403] 0.417455332463752
[5, 3, 0, 0, 12.001475409204057] 0.4182739476715
[5, 3, 0, 0, 9.898262184320748] 0.417053591728474
[5, 3, 0, 0, 8.54166782758903] 0.413224307080485
[5, 3, 0, 0, 5.468999355166466] 0.411925210753161
[5, 3, 0, 0, 8.315289900341254] 0.412047119640996
[5, 3, 0, 0, 11.645540487080675] 0.418236863916998
[5, 3, 0, 0, 5.065256906667037] 0.327311890299135
[5, 3, 0, 0, 6.491594513207999] 0.388514424409447
[5, 3, 0, 0, 2.110992481998286] 0.010506389206255
[5, 3, 0, 0, 19.064809823158832] 0.416856215541845
[5, 3, 0, 0, 5.53119081741216] 0.354391031085435
[5, 3, 0, 0, 8.582923304850711] 0.408118160839326
[5, 3, 0, 0, 5.633249098501096] 0.359248986571212
[5, 3, 0, 0, 14.586784908342754] 0.417900768035175
[5, 3, 0, 0, 17.461864505800484] 0.417202996874515
[5, 3, 0, 0, 9.505316201898227] 0.407690866349594
[5, 3, 0, 0, 19.42059363111156] 0.41678530329622
[5, 3, 0, 0, 8.41445145135272] 0.412589702254899
[5, 3, 0, 0, 8.614675749558913] 0.408100870191213
[5, 3, 0, 0, 6.397658008029876] 0.386149205508915
[5, 3, 0, 0, 2.788015511172701] 0.053535415240207
[5, 3, 0, 0, 9.955682957006307] 0.417136045922135
[5, 3, 0, 0, 18.11840902762972] 0.417055683060387
[5, 3, 0, 0, 8.382800499056478] 0.412421270728637
[5, 3, 0, 0, 17.47619933915832] 0.417199704656822
[5, 3, 0, 0, 4.067212713651614] 0.233888815400599
[5, 3, 0, 0, 1.9793732511745876] 0.004457006894627
[5, 3, 0, 0, 15.923561249595261] 0.417572122444927
[5, 3, 0, 0, 19.243737225419032] 0.416820274256728
[5, 3, 0, 0, 3.8088175764391763] 0.199712467539935
[5, 3, 0, 0, 5.421477177923331] 0.348766445122058
[5, 3, 0, 0, 1.2168672075861742] 0.333281267164233
[5, 3, 0, 0, 1.0758067967694895] 0.008500989647547
[5, 3, 0, 0, 19.829888517961397] 0.416706460051578
[5, 3, 0, 0, 12.892342300835537] 0.418232528489447
[5, 3, 0, 0, 12.741121343754916] 0.418249583022462
[5, 3, 0, 0, 8.904356207710473] 0.414707484142381
[5, 3, 0, 0, 0.19330537753246446] 136.32861193768835
[5, 3, 0, 0, 11.546749857992593] 0.418219005207304
[5, 3, 0, 0, 17.8753915835947] 0.417109352451685
[5, 3, 0, 0, 18.30655109370801] 0.417014753242192
[5, 3, 0, 0, 10.234498160967123] 0.417478717765986
[5, 3, 0, 0, 2.623402137731794] 0.032506967556778
[5, 3, 0, 0, 5.886163539364187] 0.36986694535131
[5, 3, 0, 0, 18.926233662358648] 0.416884366833386
[5, 3, 0, 0, 18.549159782979526] 0.416962944599773
[5, 3, 0, 0, 15.647156099600137] 0.417640650485861
[5, 3, 0, 0, 6.244828190775403] 0.381920241625481
[5, 3, 0, 0, 3.760839141800838] 0.446569939225913
[5, 3, 0, 0, 7.635716554577739] 0.406884668226286
[5, 3, 0, 0, 13.278476486764738] 0.418175979476834
[5, 3, 0, 0, 9.770260219216855] 0.416853357794316
[5, 3, 0, 0, 17.870901058271407] 0.417110354265486
[5, 3, 0, 0, 5.231249980756134] 0.337949677679773
[5, 3, 0, 0, 6.1088021909040435] 0.377723065790629
[5, 3, 0, 0, 10.562158290266916] 0.417777838250481
[5, 3, 0, 0, 14.195084297871968] 0.417991833017901
[5, 3, 0, 0, 16.62798757078533] 0.417399699072927
[5, 3, 0, 0, 11.936156776310385] 0.418270033206917
[5, 3, 0, 0, 17.04397185028929] 0.417300382601147
[5, 3, 0, 0, 9.380829889453388] 0.416082133279846
[5, 3, 0, 0, 10.751011352156466] 0.417908753023192
[5, 3, 0, 0, 10.561991497524124] 0.417777710332213
[5, 3, 0, 0, 2.6121126584605436] 0.031072818514839
[5, 3, 0, 0, 18.238036385133984] 0.417029574361181
[5, 3, 0, 0, 18.58710711529407] 0.416954926960472
[5, 3, 0, 0, 5.16151095840871] 0.333622710373929
[5, 3, 0, 0, 5.090566046226524] 0.329010237474238
[5, 3, 0, 0, 18.244459791910025] 0.417028167817223
[5, 3, 0, 0, 13.658507226357825] 0.418106257112438
[5, 3, 0, 0, 18.12865096991148] 0.417053442214854
[5, 3, 0, 0, 5.207692501525278] 0.336510639396777
[5, 3, 0, 0, 18.869560941734584] 0.416896123488698
[5, 3, 0, 0, 5.916943084460328] 0.371031341820672
[5, 3, 0, 0, 4.024294338950842] 0.228527711093219
[5, 3, 0, 0, 6.8947597569232055] 0.396925208622302
[5, 3, 0, 0, 15.977566887020062] 0.417558768903543
[5, 3, 0, 0, 6.334296077624999] 0.384455263118132
[5, 3, 0, 0, 16.831673877988855] 0.417350787122815
[5, 3, 0, 0, 13.009077427587341] 0.418217256017656
[5, 3, 0, 0, 19.897219671573257] 0.416693765461692
[5, 3, 0, 0, 15.989765189691934] 0.417555754965405
[5, 3, 0, 0, 19.44628660733073] 0.416780273530362
[5, 3, 0, 0, 7.5413243817535625] 0.405917405075711
[5, 3, 0, 0, 3.2089268688102224] 0.108598372563764
[5, 3, 0, 0, 9.661778882489767] 0.407631454508875
[5, 3, 0, 0, 16.03333443222823] 0.417544997196919
[5, 3, 0, 0, 10.497909279455818] 0.41772685553801
[5, 3, 0, 0, 5.847579765394286] 0.368369805256984
[5, 3, 0, 0, 10.672456017213275] 0.41785758949777
[5, 3, 0, 0, 4.525852710209309] 0.283776208452479
[5, 3, 0, 0, 13.095935149238887] 0.418204814243967
[5, 3, 0, 0, 5.160684910339837] 0.333570240942792
[5, 3, 0, 0, 19.29833617919561] 0.416809425984012
[5, 3, 0, 0, 7.3099922416658565] 0.403214405231685
[5, 3, 0, 0, 13.571899638550754] 0.418123140914047
[5, 3, 0, 0, 17.74993101474908] 0.417137468302869
[5, 3, 0, 0, 15.436990334816972] 0.41769282616465
[5, 3, 0, 0, 16.928835024089043] 0.417327642665318
[5, 3, 0, 0, 1.3841525309686942] 0.377722586302923
[5, 3, 0, 0, 3.0857398148579884] 0.47124867464014
[5, 3, 0, 0, 9.18704700319106] 0.415589160549032
[5, 3, 0, 0, 11.910244613837264] 0.418268144525622
[5, 3, 0, 0, 18.55887550811479] 0.406426267672911
[5, 3, 0, 0, 10.552836801478696] 0.41777065433123
[5, 3, 0, 0, 2.21643544269305] 0.009365745050609
[5, 3, 0, 0, 16.463898262455352] 0.417439457028033
[5, 3, 0, 0, 5.178564105643297] 0.334699453591266
[5, 3, 0, 0, 7.542188848795304] 0.405926599070544
[5, 3, 0, 0, 6.829810331017477] 0.395741989620761
[5, 3, 0, 0, 17.566393833138058] 0.41717906465062
[5, 3, 0, 0, 3.751289157933164] 0.446974860836835
[5, 3, 0, 0, 19.774391839261344] 0.416716980623026
[5, 3, 0, 0, 9.88449299516909] 0.417033147319032
[5, 3, 0, 0, 16.130306966281584] 0.417521097890844
[5, 3, 0, 0, 9.043854348437467] 0.407886532006142
[5, 3, 0, 0, 4.782231416961946] 0.306302589394694
[5, 3, 0, 0, 11.590479791372953] 0.41822735961091
[5, 3, 0, 0, 17.043486382316832] 0.417300497152937
[5, 3, 0, 0, 19.30646587291131] 0.416807813798534
[5, 3, 0, 0, 3.8748274966113194] 0.208877077597308
[5, 3, 0, 0, 8.57839657790743] 0.408120637596704
[5, 3, 0, 0, 17.696730836695505] 0.41714946900385
[5, 3, 0, 0, 14.790352341698984] 0.41785187519726
[5, 3, 0, 0, 11.264507523240368] 0.418146140243404
[5, 3, 0, 0, 11.345632928943646] 0.418170658017285
[5, 3, 0, 0, 19.57829863268656] 0.41675457653276
[5, 3, 0, 0, 6.424376414469601] 0.386839304254377
[5, 3, 0, 0, 15.640962508675232] 0.417642188148098
[5, 3, 0, 0, 7.3576104273904885] 0.403812238411729
[5, 3, 0, 0, 13.655032931612311] 0.418106944437094
[5, 3, 0, 0, 10.348287306040271] 0.417594043191611
[5, 3, 0, 0, 7.562761467227876] 0.406143532747282
[5, 3, 0, 0, 18.541210459131683] 0.416964616080297
[5, 3, 0, 0, 15.174377549868563] 0.417757852027026
[5, 3, 0, 0, 13.448442537717826] 0.41814624832772
[5, 3, 0, 0, 1.1114708251855432] 0.00790215945648
[5, 3, 0, 0, 11.508974637524545] 0.418211193678486
[5, 3, 0, 0, 9.549501090362867] 0.416448869094859
[5, 3, 0, 0, 5.591973226033211] 0.357326297106223
[5, 3, 0, 0, 19.432772060922456] 0.416782916220427
[5, 3, 0, 0, 6.176441797430008] 0.379863700418645
[5, 3, 0, 0, 7.242571577847352] 0.40232830761769
[5, 3, 0, 0, 13.493126131985957] 0.418138022317554
[5, 3, 0, 0, 4.253961398980235] 0.255793798028746
[5, 3, 0, 0, 17.635498965868926] 0.417163338695479
[5, 3, 0, 0, 18.774116403459768] 0.41691576749402
[5, 3, 0, 0, 7.979333675789196] 0.409846687792713
[5, 3, 0, 0, 4.200125974950413] 0.249712280818721
[5, 3, 0, 0, 13.449838531722298] 0.418145993783669
[5, 3, 0, 0, 14.304596186450523] 0.417966864768705
[5, 3, 0, 0, 11.422732932396915] 0.41819120307113
[5, 3, 0, 0, 17.055602252658712] 0.417297639271293
[5, 3, 0, 0, 0.3140385599750095] 2.499139019403025
[5, 3, 0, 0, 1.8844496339119865] 0.456529418530919
[5, 3, 0, 0, 7.233314397018027] 0.402202921490904
[5, 3, 0, 0, 14.855634514931989] 0.417836029052875
[5, 3, 0, 0, 7.9449765539279715] 0.409586017026962
[5, 3, 0, 0, 14.197616913677445] 0.417991260613756
[5, 3, 0, 0, 15.936073149720386] 0.417569027345183
[5, 3, 0, 0, 0.7687172118221697] 0.021130625494343
[5, 3, 0, 0, 12.92151081604214] 0.418228875870359
[5, 3, 0, 0, 5.76204058270311] 0.364897483361797
[5, 3, 0, 0, 1.9010739870330307] 0.001325549399846
[5, 3, 0, 0, 1.1575970773037891] 0.288001898026668
[5, 3, 0, 0, 9.664683459305802] 0.407630386140552
[5, 3, 0, 0, 12.350192429845407] 0.418276525330769
[5, 3, 0, 0, 4.378636957065824] 0.269178139661425
[5, 3, 0, 0, 7.846392649856728] 0.408796699971759
[5, 3, 0, 0, 1.2265239648730608] 0.338569581402278
[5, 3, 0, 0, 5.404193558480072] 0.34784072792925
[5, 3, 0, 0, 1.407734191516703] 0.377161033987627
[5, 3, 0, 0, 6.629502064290975] 0.39169165191138
[5, 3, 0, 0, 16.883417282738485] 0.417338445830567
[5, 3, 0, 0, 3.9217184035372465] 0.215206565937621
[5, 3, 0, 0, 4.288106303669121] 0.259555467146207
[5, 3, 0, 0, 10.318590443684748] 0.417565192881829
[5, 3, 0, 0, 12.918181630542144] 0.418229298414069
[5, 3, 0, 0, 4.435449215347109] 0.274962687352357
[5, 3, 0, 0, 11.561675463354092] 0.418221938609183
[5, 3, 0, 0, 1.3139129921731896] 0.369916951138326
[5, 3, 0, 0, 5.498125951596473] 0.411839434851199
[5, 3, 0, 0, 13.057865636111485] 0.418210375445876
[5, 3, 0, 0, 7.2375331441314605] 0.40226018023355
[5, 3, 0, 0, 17.425481693501563] 0.417211367214213
[5, 3, 0, 0, 14.028212870829615] 0.41802896588142
[5, 3, 0, 0, 16.451880635914783] 0.417442380223864
[5, 3, 0, 0, 7.054434007912896] 0.399590098433815
[5, 3, 0, 0, 5.7541733840008025] 0.364567185031111
[5, 3, 0, 0, 18.063417789979862] 0.417067709221484
[5, 3, 0, 0, 17.31153936423069] 0.417237767556258
[5, 3, 0, 0, 3.5236994021784196] 0.157020800312285
[5, 3, 0, 0, 9.667423309808367] 0.416674811747203
[5, 3, 0, 0, 16.64942132535237] 0.417394528262303
[5, 3, 0, 0, 5.343205543388285] 0.344484845891633
[5, 3, 0, 0, 9.041977998869832] 0.407887408410427
[5, 3, 0, 0, 6.24783850514699] 0.382008355760186
[5, 3, 0, 0, 4.214826544971437] 0.428977532803672
[5, 3, 0, 0, 19.14765456409927] 0.416839511709692
[5, 3, 0, 0, 7.16141515366469] 0.401196930125019
[5, 3, 0, 0, 18.314241236648073] 0.417013095624062
[5, 3, 0, 0, 17.6539350990872] 0.417159156294858
[5, 3, 0, 0, 14.474551555553372] 0.417927325672382
[5, 3, 0, 0, 1.996212638274879] 0.00521074133506
[5, 3, 0, 0, 0.09034972088872717] 200049334865870.0
[5, 3, 0, 0, 2.145974531062178] 0.011434202998289
[5, 3, 0, 0, 16.614973082710293] 0.417402841389749
[5, 3, 0, 0, 16.909616209964785] 0.417332210704799
[5, 3, 0, 0, 3.6348093176399] 0.174191144235022
[5, 3, 0, 0, 16.552239672958645] 0.417418015426297
[5, 3, 0, 0, 8.368974114972128] 0.412346334062614
[5, 3, 0, 0, 6.3785711277719725] 0.385647516642022
[5, 3, 0, 0, 10.014427076425834] 0.41721596451211
[5, 3, 0, 0, 15.440059653189074] 0.4176920645452
[5, 3, 0, 0, 8.66140813130366] 0.408075808176741
[5, 3, 0, 0, 10.174084500593352] 0.417412032323211
[5, 3, 0, 0, 1.957794169302285] 0.003528403866974
[5, 3, 0, 0, 6.8550016340135596] 0.396208079421211
[5, 3, 0, 0, 6.645243050373779] 0.392033256631199
[5, 3, 0, 0, 11.840104272202732] 0.418262034749518
[5, 3, 0, 0, 3.873449134638449] 0.208688576065868
[5, 3, 0, 0, 19.76428521096252] 0.416718905528066
[5, 3, 0, 0, 11.304107792366613] 0.418158491086136
[5, 3, 0, 0, 14.624608560234007] 0.417891748501988
[5, 3, 0, 0, 19.76102730685237] 0.416719526351154
[5, 3, 0, 0, 6.7025659504599115] 0.393242608062158
[5, 3, 0, 0, 8.066538630790259] 0.4104766472021
[5, 3, 0, 0, 14.512834033773013] 0.417918303353502
[5, 3, 0, 0, 10.215581959125364] 0.417458258620165
[5, 3, 0, 0, 14.929604087942675] 0.417817995233071
[5, 3, 0, 0, 14.410596818471229] 0.417942307453658
[5, 3, 0, 0, 17.19341222813516] 0.417265281352567
[5, 3, 0, 0, 14.323176569344877] 0.417962586515452
[5, 3, 0, 0, 7.746593518802154] 0.407931170506931
[5, 3, 0, 0, 0.1806425586615501] 1122.2872734787268
[5, 3, 0, 0, 9.158719166341179] 0.407834751054906
[5, 3, 0, 0, 7.248979463081713] 0.402414605201006
[5, 3, 0, 0, 8.430036838120072] 0.412671023555529
[5, 3, 0, 0, 11.252485994448534] 0.418142242950835
[5, 3, 0, 0, 18.264912200783172] 0.417023746818388
[5, 3, 0, 0, 13.288259499751492] 0.418174339341543
[5, 3, 0, 0, 8.883818296931306] 0.407962447616935
[5, 3, 0, 0, 2.4261645356778883] 0.008732912194317
[5, 3, 0, 0, 10.817376623422547] 0.417948552440451
[5, 3, 0, 0, 14.69029025847056] 0.41787601089591
[5, 3, 0, 0, 10.068088153054733] 0.417285186919934
[5, 3, 0, 0, 9.252178315948871] 0.407794179881964
[5, 3, 0, 0, 13.793273500911882] 0.41807899566182
[5, 3, 0, 0, 3.4211010142294573] 0.460508352391932
[5, 3, 0, 0, 19.21295534368952] 0.416826421758176
[5, 3, 0, 0, 17.01519323260975] 0.417307178992486
[5, 3, 0, 0, 5.41555498790289] 0.348450495888911
[5, 3, 0, 0, 14.7757103503299] 0.417855419475784
[5, 3, 0, 0, 19.991105779149027] 0.416676193445437
[5, 3, 0, 0, 9.300685479639723] 0.415888137471814
[5, 3, 0, 0, 16.145808624127177] 0.417517283565135
[5, 3, 0, 0, 8.313862977796706] 0.412038986067809
[5, 3, 0, 0, 18.036104775932507] 0.417073721267591
[5, 3, 0, 0, 0.30994164706485305] 2.670103011498975
[5, 3, 0, 0, 12.961178637037701] 0.418223731349004
[5, 3, 0, 0, 5.202574465702061] 0.336194842298583
[5, 3, 0, 0, 10.737887377730965] 0.417900517931499
[5, 3, 0, 0, 5.429347118171681] 0.349184328210401
[5, 3, 0, 0, 12.434911005298787] 0.418273063398888
[5, 3, 0, 0, 4.234468463150385] 0.253613197594295
[5, 3, 0, 0, 5.09808528027202] 0.329509403747695
[5, 3, 0, 0, 15.54877786805328] 0.417665076908979
[5, 3, 0, 0, 10.398654756151416] 0.417641041467687
[5, 3, 0, 0, 8.43905352065055] 0.412717632640041
[5, 3, 0, 0, 5.840871524794875] 0.368105172811414
[5, 3, 0, 0, 13.877143847395272] 0.418061446791671
[5, 3, 0, 0, 18.578697531707917] 0.416956701450621
[5, 3, 0, 0, 13.117040177946283] 0.418201660801975
[5, 3, 0, 0, 8.484671490762612] 0.412948160627948
[5, 3, 0, 0, 8.940406342505993] 0.407935090565593
[5, 3, 0, 0, 8.00735611080109] 0.410053987452048
[5, 3, 0, 0, 14.53246482120589] 0.417913661832991
[5, 3, 0, 0, 1.9183997949769682] 0.001959529378838
[5, 3, 0, 0, 7.527062449613087] 0.405764802163021
[5, 3, 0, 0, 1.4940280259178729] 0.005544681332392
[5, 3, 0, 0, 11.077484433637796] 0.418077241364693
[5, 3, 0, 0, 12.056016236411338] 0.418276322507772
[5, 3, 0, 0, 16.182722239032145] 0.41750820787535
[5, 3, 0, 0, 4.921944443209156] 0.317149150570055
[5, 3, 0, 0, 5.972431040809343] 0.37306509040724
[5, 3, 0, 0, 19.67242798230363] 0.416736450827634
[5, 3, 0, 0, 10.717282915135497] 0.417887336448099
[5, 3, 0, 0, 6.014501952456676] 0.374552606454675
[5, 3, 0, 0, 18.797410497845913] 0.416910974142972
[5, 3, 0, 0, 11.57796385365587] 0.418225042642638
[5, 3, 0, 0, 12.953566447937469] 0.418224734133492
[5, 3, 0, 0, 8.899097330653376] 0.407955017699231
[5, 3, 0, 0, 7.283050161675719] 0.402866001844322
[5, 3, 0, 0, 11.392436917958008] 0.418183440004415
[5, 3, 0, 0, 15.9617873612515] 0.417562668942455
[5, 3, 0, 0, 7.572968578134853] 0.406249832405797
[5, 3, 0, 0, 18.699068214207855] 0.416931417382756
[5, 3, 0, 0, 4.307741667407092] 0.261685522223728
[5, 3, 0, 0, 19.378373474561755] 0.416793605959408
[5, 3, 0, 0, 12.682314186222062] 0.41825530480184
[5, 3, 0, 0, 2.8066295386132745] 0.055906490786671
[5, 3, 0, 0, 6.314213335559136] 0.383901101401628
[5, 3, 0, 0, 9.988267449431202] 0.417180900383149
[5, 3, 0, 0, 4.028041669847237] 0.229000802373304
[5, 3, 0, 0, 7.396921304826578] 0.404289076143327
[5, 3, 0, 0, 6.867903240354078] 0.396443275139193
[5, 3, 0, 0, 7.598454348373391] 0.406511528605165
[5, 3, 0, 0, 14.235295594810749] 0.417982715908142
[5, 3, 0, 0, 5.018894898053576] 0.324126939744557
[5, 3, 0, 0, 0.8000887657879363] 0.003126366294062
[5, 3, 0, 0, 4.590359683956451] 0.289779925857058
[5, 3, 0, 0, 10.869584949321759] 0.417977767544356
[5, 3, 0, 0, 11.978222220290158] 0.418272690721111
[5, 3, 0, 0, 15.131428838981718] 0.41776844710088
[5, 3, 0, 0, 19.331364070610043] 0.41680288414293
[5, 3, 0, 0, 2.8471780051814033] 0.061063639495396
[5, 3, 0, 0, 5.523124058729508] 0.353992016586106
[5, 3, 0, 0, 16.47031702692113] 0.417437896322786
[5, 3, 0, 0, 4.725026359190034] 0.301579449614272
[5, 3, 0, 0, 4.026574165414935] 0.228815639592592
[5, 3, 0, 0, 15.113581714050646] 0.417772845328527
[5, 3, 0, 0, 9.341029753374839] 0.407756854116846
[5, 3, 0, 0, 12.084422877228661] 0.418277249641274
[5, 3, 0, 0, 3.51937967641502] 0.456660809705812
[5, 3, 0, 0, 17.49531254750701] 0.417195320044164
[5, 3, 0, 0, 14.580618281729505] 0.417902235393201
[5, 3, 0, 0, 0.25197463947008947] 21.534767135379337
[5, 3, 0, 0, 9.771147211110733] 0.416854827103939
[5, 3, 0, 0, 17.96670367509296] 0.417089054524599
[5, 3, 0, 0, 2.9937271824949363] 0.473371973037515
[5, 3, 0, 0, 13.21427190464936] 0.418186512431281
[5, 3, 0, 0, 17.997037422583567] 0.417082342653014
[5, 3, 0, 0, 1.4706734690109768] 0.102316189735848
[5, 3, 0, 0, 14.50103742688851] 0.417921087715126
[5, 3, 0, 0, 11.91881980565097] 0.418268791119377
[5, 3, 0, 0, 7.689280456634064] 0.407401876297199
[5, 3, 0, 0, 3.5506819988736327] 0.455391047669029
[5, 3, 0, 0, 13.982877729540217] 0.418038839977259
[5, 3, 0, 0, 5.300644257952946] 0.342058669455247
[5, 3, 0, 0, 18.068845673742306] 0.417066515966325
[5, 3, 0, 0, 10.743714871186246] 0.417904190517588
[5, 3, 0, 0, 2.37314327769208] 0.003212545449332
[5, 3, 0, 0, 17.24730057931412] 0.41725270398237
[5, 3, 0, 0, 10.335610577032066] 0.417581833040556
[5, 3, 0, 0, 4.361973690028284] 0.267444699556195
[5, 3, 0, 0, 9.0720304628724] 0.415255590204203
[5, 3, 0, 0, 18.677018583419635] 0.416936038423551
[5, 3, 0, 0, 2.403436245265964] 0.006302356201389
[5, 3, 0, 0, 13.691853155146394] 0.41809968341218
[5, 3, 0, 0, 0.6997207873109845] 0.007921184820634
[5, 3, 0, 0, 3.7497209329840153] 0.44704139009647
[5, 3, 0, 0, 10.539776539168876] 0.417760472450759
[5, 3, 0, 0, 2.2494071302866447] 0.007298249842658
[5, 3, 0, 0, 9.166163095816733] 0.407831469520012
[5, 3, 0, 0, 12.170053080166703] 0.418278814915879
[5, 3, 0, 0, 9.145985845932035] 0.415473767232688
[5, 3, 0, 0, 7.6031803394663005] 0.406559473078767
[5, 3, 0, 0, 3.69880672494032] 0.183795830953269
[5, 3, 0, 0, 3.3411363843595576] 0.12832704010572
[5, 3, 0, 0, 4.657206949279251] 0.295758796203743
[5, 3, 0, 0, 1.7382563754908253] 0.002988037447393
[5, 3, 0, 0, 9.884217844720096] 0.417032736446442
[5, 3, 0, 0, 2.265618764208215] 0.00614369946769
[5, 3, 0, 0, 14.823287263139825] 0.417843889496022
[5, 3, 0, 0, 3.2820440988975275] 0.119309421789839
[5, 3, 0, 0, 10.846074831168227] 0.417964834548666
[5, 3, 0, 0, 18.848490179210046] 0.416900419423319
[5, 3, 0, 0, 1.978248981311963] 0.004407542447912
[5, 3, 0, 0, 4.659040157492855] 0.295919347073197
[5, 3, 0, 0, 12.755409347319606] 0.418248112948124
[5, 3, 0, 0, 9.104828298846225] 0.415354046539242
[5, 3, 0, 0, 2.9341192482189205] 0.072113827164698
[5, 3, 0, 0, 19.074940045761103] 0.416854168508936
[5, 3, 0, 0, 12.005454097073557] 0.418274147894066
[5, 3, 0, 0, 12.475374795111087] 0.418270913774645
[5, 3, 0, 0, 1.1986796888127138] 0.322079685586886
[5, 3, 0, 0, 19.423493682944578] 0.416784734868977
[5, 3, 0, 0, 1.6054019084611193] 0.004766646952769
[5, 3, 0, 0, 8.86937058626245] 0.414583076982265
[5, 3, 0, 0, 6.929203295302595] 0.397528668833057
[5, 3, 0, 0, 10.23249573836013] 0.41747656989949
[5, 3, 0, 0, 19.3634276320796] 0.416796551085861
[5, 3, 0, 0, 16.92052019954087] 0.417329618367612
[5, 3, 0, 0, 17.841473144588917] 0.417116927817346
[5, 3, 0, 0, 7.554927529537356] 0.406061346222241
[5, 3, 0, 0, 19.75900138603835] 0.416719912279536
[5, 3, 0, 0, 8.71943106085938] 0.414006888251897
[5, 3, 0, 0, 12.460246346763732] 0.41827175390844
[5, 3, 0, 0, 7.362570147821588] 0.403873218542524
[5, 3, 0, 0, 5.5383134425300025] 0.35474152378004
[5, 3, 0, 0, 19.69079030427378] 0.416732933919512
[5, 3, 0, 0, 11.294336562911562] 0.418155512298794
[5, 3, 0, 0, 7.96661148711382] 0.409751022016733
[5, 3, 0, 0, 0.2236810148832924] 24.49421833716294
[5, 3, 0, 0, 12.54494858905929] 0.418266486096242
[5, 3, 0, 0, 15.2171125350951] 0.417747295872293
[5, 3, 0, 0, 17.734601143539088] 0.417140921594684
[5, 3, 0, 0, 10.263337085956492] 0.417509187317116
[5, 3, 0, 0, 15.116813889355697] 0.417772049000689
[5, 3, 0, 0, 2.879302974757365] 0.06514495468703
[5, 3, 0, 0, 1.3202781455660273] 0.37120385324169
[5, 3, 0, 0, 17.904023425793806] 0.417102972764231
[5, 3, 0, 0, 10.539067416403931] 0.417759915416684
[5, 3, 0, 0, 1.6058958869674544] 0.004762061572843
[5, 3, 0, 0, 13.834778645022599] 0.418070357558317
[5, 3, 0, 0, 4.580478592990143] 0.288875371985823
[5, 3, 0, 0, 8.44369013903395] 0.412741472922256
[5, 3, 0, 0, 3.080082811672362] 0.47139042601402
[5, 3, 0, 0, 16.413528176509264] 0.417451718962521
[5, 3, 0, 0, 0.06385405970649405] 178920135863329.0
[5, 3, 0, 0, 4.184026664340332] 0.247857468740162
[5, 3, 0, 0, 11.497683289096706] 0.418208749160863
[5, 3, 0, 0, 8.077135423491885] 0.41055017259735
[5, 3, 0, 0, 16.504099110048035] 0.417429689407216
[5, 3, 0, 0, 15.446165590391272] 0.417690549356196
[5, 3, 0, 0, 18.25210356518629] 0.417026515744649
[5, 3, 0, 0, 2.079891933633302] 0.009144533828717
[5, 3, 0, 0, 16.754206764334686] 0.417369328748771
[5, 3, 0, 0, 17.09370848209336] 0.417288664433955
[5, 3, 0, 0, 3.514713897839732] 0.456848466687336
[5, 3, 0, 0, 18.07452560494837] 0.417065267838884
[5, 3, 0, 0, 15.13866656410164] 0.417766662665493
[5, 3, 0, 0, 6.473497492807181] 0.388071901189115
[5, 3, 0, 0, 17.382130164423014] 0.417221367709419
[5, 3, 0, 0, 14.456874476660138] 0.417931478289046
[5, 3, 0, 0, 14.18792110386589] 0.417993450647233
[5, 3, 0, 0, 4.571047419289851] 0.288006904105861
[5, 3, 0, 0, 7.456465447463396] 0.404983268039341
[5, 3, 0, 0, 3.7837479250162853] 0.445599514701186
[5, 3, 0, 0, 18.220326431446175] 0.417033418171311
[5, 3, 0, 0, 0.679539316705482] 0.007914777201736
[5, 3, 0, 0, 8.978558435106425] 0.414959584694731
[5, 3, 0, 0, 19.4353133969165] 0.416782422415476
[5, 3, 0, 0, 18.68907337791199] 0.416933528740505
[5, 3, 0, 0, 1.2894633071012684] 0.363817913038271
[5, 3, 0, 0, 19.12632287998416] 0.416843810754132
[5, 3, 0, 0, 3.097475193187178] 0.470949938485353
[5, 3, 0, 0, 9.63482858880354] 0.416614760613646
[5, 3, 0, 0, 17.6790196948487] 0.417153474498142
[5, 3, 0, 0, 3.704506612226215] 0.184639488677156
[5, 3, 0, 0, 18.142869303421843] 0.417050334355295
[5, 3, 0, 0, 15.600951454673577] 0.417652122296379
[5, 3, 0, 0, 15.866008013720002] 0.41758636931003
[5, 3, 0, 0, 11.131212417656828] 0.418098899975713
[5, 3, 0, 0, 18.961701226151273] 0.416877178866509
[5, 3, 0, 0, 19.82415069226886] 0.416707545449404
[5, 3, 0, 0, 3.0205056076915415] 0.472794499745233
[5, 3, 0, 0, 18.26596796510876] 0.417023518562418
[5, 3, 0, 0, 1.8932161331140418] 0.001049645586011
[5, 3, 0, 0, 7.317209256414625] 0.403306481016608
[5, 3, 0, 0, 3.109921120282757] 0.470626466129192
[5, 3, 0, 0, 9.779029756019328] 0.416867833062105
[5, 3, 0, 0, 9.032944252962414] 0.407891572121022
[5, 3, 0, 0, 8.346149171573527] 0.412220704003034
[5, 3, 0, 0, 5.505829808883087] 0.411817364111671
[5, 3, 0, 0, 13.761139186684307] 0.418085618180692
[5, 3, 0, 0, 17.747963805385467] 0.417137911231128
[5, 3, 0, 0, 9.649344218619477] 0.416641834195925
[5, 3, 0, 0, 9.487019105461474] 0.416319250657127
[5, 3, 0, 0, 0.5485901327445664] 0.045185580327884
[5, 3, 0, 0, 19.49542034957636] 0.416770676868843
[5, 3, 0, 0, 6.218272478986259] 0.381134203545782
[5, 3, 0, 0, 0.05008220375458228] 177611444312213.0
[5, 3, 0, 0, 19.201816862198967] 0.416828650001946
[5, 3, 0, 0, 19.36826418420502] 0.416795597576092
[5, 3, 0, 0, 11.829099678930703] 0.418260940263597
[5, 3, 0, 0, 11.721556748322419] 0.418248207466723
[5, 3, 0, 0, 5.657372147603786] 0.360346937727881
[5, 3, 0, 0, 5.277474336185892] 0.340708086959446
[5, 3, 0, 0, 11.858279034732345] 0.4182637605683
[5, 3, 0, 0, 5.129244173878716] 0.33155160106367
[5, 3, 0, 0, 1.154957783285926] 0.285028774398162
[5, 3, 0, 0, 18.480678615897606] 0.416977445595932
[5, 3, 0, 0, 0.6979164348556899] 0.007905113458335
[5, 3, 0, 0, 15.409455965216472] 0.417699657476043
[5, 3, 0, 0, 15.71877258628561] 0.41762287439216
[5, 3, 0, 0, 12.033210780517587] 0.418275425877222
[5, 3, 0, 0, 1.2359048538098039] 0.343310516262629
[5, 3, 0, 0, 16.23574842990979] 0.417495189311196
[5, 3, 0, 0, 5.485254628101719] 0.411876877851027
[5, 3, 0, 0, 6.912277749658486] 0.39723416495595
[5, 3, 0, 0, 11.61255849052873] 0.418231304307118
[5, 3, 0, 0, 13.662712878433027] 0.418105424010586
[5, 3, 0, 0, 9.358142095737414] 0.407749800409153
[5, 3, 0, 0, 2.977770327562841] 0.473700073173137
[5, 3, 0, 0, 5.658585570270629] 0.36040164255034
[5, 3, 0, 0, 6.708975583849961] 0.393374518292547
[5, 3, 0, 0, 6.1003404198496085] 0.377447574020669
[5, 3, 0, 0, 11.999453307790661] 0.418273844259296
[5, 3, 0, 0, 18.169732506903532] 0.417044472047947
[5, 3, 0, 0, 10.29888045290161] 0.417545566410108
[5, 3, 0, 0, 10.983159697769807] 0.418035312143382
[5, 3, 0, 0, 4.365359130411386] 0.267798241494147
[5, 3, 0, 0, 15.62426372139752] 0.417646334075813
[5, 3, 0, 0, 17.738299962429075] 0.417140088024495
[5, 3, 0, 0, 6.22701642882755] 0.381394761168002
[5, 3, 0, 0, 12.577410025782367] 0.418264132240504
[5, 3, 0, 0, 16.197011422812718] 0.417504697507527
[5, 3, 0, 0, 0.40079026810025953] 0.496651618869405
[5, 3, 0, 0, 11.444788891140888] 0.418196608553026
[5, 3, 0, 0, 18.140537820189543] 0.417050843735583
[5, 3, 0, 0, 18.2017006443049] 0.417037511885085
[5, 3, 0, 0, 19.88310399836796] 0.416696420399148
[5, 3, 0, 0, 4.506048731073515] 0.281885876373638
[5, 3, 0, 0, 16.494870979811992] 0.417431930064879
[5, 3, 0, 0, 7.045260000014723] 0.399445889157101
[5, 3, 0, 0, 5.870874909822838] 0.369278796661675
[5, 3, 0, 0, 18.645658739889072] 0.416942591456083
[5, 3, 0, 0, 7.164049972823996] 0.401234815054754
[5, 3, 0, 0, 4.836064335191301] 0.310595711781607
[5, 3, 0, 0, 7.56384223977075] 0.406154830850384
[5, 3, 0, 0, 13.060759693320609] 0.418209958514121
[5, 3, 0, 0, 5.584436224987687] 0.35696910892342
[5, 3, 0, 0, 5.061669636450463] 0.327068881434989
[5, 3, 0, 0, 16.072986570535218] 0.417535217032127
[5, 3, 0, 0, 3.3709980682861618] 0.132973634899074
[5, 3, 0, 0, 0.3933656125507179] 0.571244633086692
[5, 3, 0, 0, 4.454704168929704] 0.276879793962718
[5, 3, 0, 0, 19.595419480328644] 0.416751264887329
[5, 3, 0, 0, 8.019656178141323] 0.410143506488164
[5, 3, 0, 0, 10.324849961986107] 0.41757134586407
[5, 3, 0, 0, 7.466294493757333] 0.405094634000218
[5, 3, 0, 0, 8.237172717940487] 0.411587683095069
[5, 3, 0, 0, 17.57051383757129] 0.417178124927371
[5, 3, 0, 0, 17.607918852153965] 0.417169605758929
[5, 3, 0, 0, 17.075611092256903] 0.417292924171493
[5, 3, 0, 0, 17.808663431811294] 0.417124273789422
[5, 3, 0, 0, 17.61418286191364] 0.41716818130206
[5, 3, 0, 0, 11.461773834810279] 0.418200632350191
[5, 3, 0, 0, 5.849112656722253] 0.368430111313051
[5, 3, 0, 0, 2.349397791824812] 0.000919855107518
[5, 3, 0, 0, 13.00390610126852] 0.418217968671461
[5, 3, 0, 0, 15.398310323779052] 0.417702422129498
[5, 3, 0, 0, 11.487765114970985] 0.418206559690382
[5, 3, 0, 0, 0.8011680162657808] 0.002578003870247
[5, 3, 0, 0, 13.289475490480303] 0.41817413484287
[5, 3, 0, 0, 6.4024001848117695] 0.386272722144734
[5, 3, 0, 0, 7.707712709251422] 0.40757478003144
[5, 3, 0, 0, 7.652983409191966] 0.407053824581459
[5, 3, 0, 0, 10.459409468658496] 0.417694609748253
[5, 3, 0, 0, 13.2132293903604] 0.418186680077244
[5, 3, 0, 0, 19.18844671502536] 0.41683132715152
[5, 3, 0, 0, 13.661335326089832] 0.418105697022752
[5, 3, 0, 0, 12.259859731080665] 0.418278576248004
[5, 3, 0, 0, 0.26991906311582214] 9.040912798638459
[5, 3, 0, 0, 19.469453752151075] 0.416775743510083
[5, 3, 0, 0, 19.32176565762488] 0.4168047830761
[5, 3, 0, 0, 19.96489006809379] 0.416681084949909
[5, 3, 0, 0, 0.3544474535656206] 1.202999281809924
[5, 3, 0, 0, 17.834387383850874] 0.417118512777352
[5, 3, 0, 0, 18.745417052578645] 0.416921767559752
[5, 3, 0, 0, 11.017990588109775] 0.418051391436639
[5, 3, 0, 0, 6.898335648463951] 0.396988619927905
[5, 3, 0, 0, 8.626987026539382] 0.408094224566612
[5, 3, 0, 0, 9.05759572073853] 0.415211388064053
[5, 3, 0, 0, 16.156611837466937] 0.417514626387941
[5, 3, 0, 0, 2.728819493262764] 0.045977769213555
[5, 3, 0, 0, 5.470572580353663] 0.411920486686738
[5, 3, 0, 0, 10.814653792938131] 0.417946978097294
[5, 3, 0, 0, 1.2999637237949813] 0.366667165980918
[5, 3, 0, 0, 19.52442270088882] 0.416765033382504
[5, 3, 0, 0, 8.551884194586757] 0.413272460353033
[5, 3, 0, 0, 3.4817427633227416] 0.458161397681806
[5, 3, 0, 0, 0.9999431095353795] 0.010663994348136
[5, 3, 0, 0, 12.121256319505667] 0.418278145393885
[5, 3, 0, 0, 12.927133421725344] 0.418228158971052
[5, 3, 0, 0, 2.4391956574328133] 0.010166492708878
[5, 3, 0, 0, 3.762178295390628] 0.446513096371731
[5, 3, 0, 0, 18.489406922469932] 0.416975591041699
[5, 3, 0, 0, 3.379945073811208] 0.134374269106137
[5, 3, 0, 0, 19.789106659049814] 0.416714185629871
[5, 3, 0, 0, 11.289207021494231] 0.418153930629945
[5, 3, 0, 0, 10.366233612525095] 0.417611064557864
[5, 3, 0, 0, 11.529807901304839] 0.418215571024715
[5, 3, 0, 0, 18.62613250545403] 0.416946707648993
[5, 3, 0, 0, 13.489467664792283] 0.418138701836044
[5, 3, 0, 0, 5.059492727335337] 0.326921134797674
[5, 3, 0, 0, 14.542590217673858] 0.417911263925601
[5, 3, 0, 0, 15.805038675916144] 0.41760147719564
[5, 3, 0, 0, 13.26565915723354] 0.418178114443372
[5, 3, 0, 0, 3.150666841234566] 0.100448807853317
[5, 3, 0, 0, 19.962988742099974] 0.416681440166928
[5, 3, 0, 0, 3.79829481480918] 0.444984608574179
[5, 3, 0, 0, 3.50107439384326] 0.153467731431244
[5, 3, 0, 0, 0.7922210279383401] 0.007291952174114
[5, 3, 0, 0, 4.294055436461051] 0.260203383794717
[5, 3, 0, 0, 19.676621075251223] 0.416735647326641
[5, 3, 0, 0, 0.608472455751321] 0.016306385347973
[5, 3, 0, 0, 8.619364504103205] 0.408098333480562
[5, 3, 0, 0, 7.341460024446203] 0.403612009780992
[5, 3, 0, 0, 9.745518623802328] 0.407600956544529
[5, 3, 0, 0, 5.743081406262389] 0.36409842694354
[5, 3, 0, 0, 12.879840932394265] 0.418234059403275
[5, 3, 0, 0, 5.517685733033819] 0.411783860709684
[5, 3, 0, 0, 14.182357220155328] 0.417994705732007
[5, 3, 0, 0, 10.535743581630097] 0.417757298854317
[5, 3, 0, 0, 12.656611932380775] 0.418257634860847
[5, 3, 0, 0, 4.320089135114101] 0.263012621252976
[5, 3, 0, 0, 1.8387601445922175] 0.000664232292034
[5, 3, 0, 0, 8.220167183558937] 0.411483735887339
[5, 3, 0, 0, 14.488935562659403] 0.417923940299015
[5, 3, 0, 0, 13.293768416128879] 0.418173411762223
[5, 3, 0, 0, 16.13171703429454] 0.417520750857743
[5, 3, 0, 0, 7.929566343293306] 0.409466741088077
[5, 3, 0, 0, 14.689505017140705] 0.417876199577019
[5, 3, 0, 0, 3.968535420057062] 0.22137568751184
[5, 3, 0, 0, 0.0010737128326687717] 181551398140514.0
[5, 3, 0, 0, 8.006209189107445] 0.410045594664085
[5, 3, 0, 0, 3.455413373015439] 0.459191841398317
[5, 3, 0, 0, 0.6129479293974738] 0.015162063857143
[5, 3, 0, 0, 12.260608491692057] 0.418278566533902
[5, 3, 0, 0, 10.653588433418351] 0.417844619595594
[5, 3, 0, 0, 17.36246906703753] 0.417225970016261
[5, 3, 0, 0, 13.72765503679715] 0.418092454038946
[5, 3, 0, 0, 16.66986899335197] 0.417389600407782
[5, 3, 0, 0, 11.209998878289056] 0.418127903550846
[5, 3, 0, 0, 14.680385057696148] 0.417878390039165
[5, 3, 0, 0, 2.873740469338626] 0.064438356829761
[5, 3, 0, 0, 13.497494548096078] 0.418137209549241
[5, 3, 0, 0, 0.4427245575547567] 0.224432517285449
[5, 3, 0, 0, 0.5296017872307268] 0.061842762751633
[5, 3, 0, 0, 8.323363115173168] 0.412092956405994
[5, 3, 0, 0, 16.291164509394864] 0.417481608758293
[5, 3, 0, 0, 14.440057809529986] 0.417935420622792
[5, 3, 0, 0, 0.5499778528881483] 0.04414907919668
[5, 3, 0, 0, 17.116123226602106] 0.417283395011401
[5, 3, 0, 0, 9.022920255154796] 0.415102969304255
[5, 3, 0, 0, 0.6567073014517266] 0.008772007887468
[5, 3, 0, 0, 17.000705565338702] 0.417310604816914
[5, 3, 0, 0, 19.00598736453188] 0.41686814691186
[5, 3, 0, 0, 5.071368770235692] 0.327724607294878
[5, 3, 0, 0, 19.234024340195926] 0.416822211818843
[5, 3, 0, 0, 4.989516235974123] 0.322058431844964
[5, 3, 0, 0, 1.892457275483368] 0.001023397243901
[5, 3, 0, 0, 10.434962322864276] 0.417673455735628
[5, 3, 0, 0, 10.10738221152409] 0.417333732315125
[5, 3, 0, 0, 2.4095480282032544] 0.006946874401702
[5, 3, 0, 0, 18.270444978263484] 0.417022550638595
[5, 3, 0, 0, 0.6766904183951916] 0.007959762096658
[5, 3, 0, 0, 10.20229073446943] 0.417443655423689
[5, 3, 0, 0, 14.377503996999055] 0.417950012303689
[5, 3, 0, 0, 0.6073641871574686] 0.016606841229097
[5, 3, 0, 0, 5.610937139104369] 0.358216654180533
[5, 3, 0, 0, 4.315109602530378] 0.262478576135696
[5, 3, 0, 0, 10.942400899472943] 0.418015578968222
[5, 3, 0, 0, 6.790884036933768] 0.395003558135222
[5, 3, 0, 0, 11.394754025487572] 0.41818404773864
[5, 3, 0, 0, 13.213895975634847] 0.418186572896846
[5, 3, 0, 0, 13.952693383107611] 0.418045358844192
[5, 3, 0, 0, 8.26507913199709] 0.411755209712639
[5, 3, 0, 0, 9.12414169274173] 0.407850112816714
[5, 3, 0, 0, 11.311378693756943] 0.418160678763939
[5, 3, 0, 0, 15.670330990433495] 0.417634897324837
[5, 3, 0, 0, 7.452825954765798] 0.404941772116719
[5, 3, 0, 0, 8.144458133290504] 0.411003116533691
[5, 3, 0, 0, 9.664557032621595] 0.40763043310483
[5, 3, 0, 0, 6.509349661082291] 0.388942655329758
[5, 3, 0, 0, 13.156127565745088] 0.418195691528789
[5, 3, 0, 0, 2.480755358874185] 0.014911609642253
[5, 3, 0, 0, 2.0873068661200156] 0.009486112327562
[5, 3, 0, 0, 0.9854828889469402] 0.011277269474551
[5, 3, 0, 0, 15.550578165550341] 0.41766462990675
[5, 3, 0, 0, 3.2885941624297232] 0.12029475136718
[5, 3, 0, 0, 8.322968174569512] 0.412090721166806
[5, 3, 0, 0, 3.0106991009723516] 0.473009863090207
[5, 3, 0, 0, 5.746650927699424] 0.364249616228993
[5, 3, 0, 0, 18.54705548034397] 0.416963387963809
[5, 3, 0, 0, 19.273776733142732] 0.416814295765211
[5, 3, 0, 0, 10.068679493399324] 0.417285934114389
[5, 3, 0, 0, 19.704238331462584] 0.416730358443726
[5, 3, 0, 0, 10.402075758932796] 0.417644147280825
[5, 3, 0, 0, 3.000865011405165] 0.473221335740479
[5, 3, 0, 0, 1.8639544035561983] 0.45775940957178
[5, 3, 0, 0, 11.010239009928602] 0.418047874437772
[5, 3, 0, 0, 9.498088151974569] 0.41634275484876
[5, 3, 0, 0, 17.260616672621406] 0.417249602711287
[5, 3, 0, 0, 7.724506449374237] 0.407730102774704
[5, 3, 0, 0, 3.078190526487561] 0.471437511892466
[5, 3, 0, 0, 16.577996212435618] 0.417411780011155
[5, 3, 0, 0, 2.900972130554187] 0.067897993169269
[5, 3, 0, 0, 16.728782668586348] 0.417375430532326
[5, 3, 0, 0, 15.307692372147004] 0.417724883359852
[5, 3, 0, 0, 16.933336539857848] 0.417326573442676
[5, 3, 0, 0, 15.436204623514021] 0.417693021127181
[5, 3, 0, 0, 10.584084488921262] 0.417794457023654
[5, 3, 0, 0, 7.4726696739663145] 0.405166586045544
[5, 3, 0, 0, 18.827860131409185] 0.416904671925781
[5, 3, 0, 0, 19.06558218401003] 0.416856059599627
[5, 3, 0, 0, 2.0519457649121375] 0.007824111496961
[5, 3, 0, 0, 3.8098336651952303] 0.444497799252229
[5, 3, 0, 0, 11.699350335857988] 0.418245101071254
[5, 3, 0, 0, 7.733703499010276] 0.407814282532722
[5, 3, 0, 0, 10.46548455695228] 0.417699784179793
[5, 3, 0, 0, 10.882656032224688] 0.417984803337166
[5, 3, 0, 0, 9.592498297482415] 0.416533999417928
[5, 3, 0, 0, 8.567203215994969] 0.408126799560802
[5, 3, 0, 0, 11.406281297261723] 0.418187036526956
[5, 3, 0, 0, 11.805287221076508] 0.418258442319924
[5, 3, 0, 0, 16.9347654158095] 0.41732623410651
[5, 3, 0, 0, 18.470904607421833] 0.416979529073106
[5, 3, 0, 0, 3.2520241108400993] 0.114846205411813
[5, 3, 0, 0, 6.01053011962235] 0.374414119204069
[5, 3, 0, 0, 18.072616859117566] 0.417065687211876
[5, 3, 0, 0, 15.915746229825803] 0.417574056068169
[5, 3, 0, 0, 5.712316713996223] 0.362778208860055
[5, 3, 0, 0, 7.443711779732263] 0.40483736153721
[5, 3, 0, 0, 7.047528723313676] 0.399481649096519
[5, 3, 0, 0, 17.74104644889896] 0.417139469218556
[5, 3, 0, 0, 15.038980022065152] 0.417791197926981
[5, 3, 0, 0, 11.078474585487204] 0.418077654762497
[5, 3, 0, 0, 14.799958131227173] 0.417849547978402
[5, 3, 0, 0, 16.529839794690457] 0.417423444208358
[5, 3, 0, 0, 0.3606974244824235] 1.065909854780278
[5, 3, 0, 0, 5.236418641504219] 0.338262393291183
[5, 3, 0, 0, 10.998540456869037] 0.418042500310177
[5, 3, 0, 0, 8.7711540708647] 0.414213804328928
[5, 3, 0, 0, 9.961120896767317] 0.417143628445153
[5, 3, 0, 0, 1.1958726729447844] 0.320190400857286
[5, 3, 0, 0, 11.754462094413785] 0.418252504430176
[5, 3, 0, 0, 17.879618697508622] 0.417108409711667
[5, 3, 0, 0, 14.991970332764563] 0.417802732877319
[5, 3, 0, 0, 0.28707860854353395] 4.647981700813801
[5, 3, 0, 0, 19.819791893382835] 0.416708370360519
[5, 3, 0, 0, 14.576912635053255] 0.417903116722504
[5, 3, 0, 0, 10.773181068236008] 0.417922386727355
[5, 3, 0, 0, 10.168130936164744] 0.417405246296039
[5, 3, 0, 0, 18.191809805118435] 0.417039663456128
[5, 3, 0, 0, 15.974816889793344] 0.417559448486843
[5, 3, 0, 0, 1.808189909730007] 0.001479655959651
[5, 3, 0, 0, 13.149123740096664] 0.418196773255606
[5, 3, 0, 0, 6.5204609848049415] 0.389207689713279
[5, 3, 0, 0, 19.233474410561758] 0.416822321590048
[5, 3, 0, 0, 3.654957836219528] 0.177240478043914
[5, 3, 0, 0, 10.672207785298948] 0.41785742060693
[5, 3, 0, 0, 11.051715719115474] 0.418066290667375
[5, 3, 0, 0, 12.685306674453242] 0.418255026664154
[5, 3, 0, 0, 9.423726351535946] 0.41618056800357
[5, 3, 0, 0, 11.68729877532514] 0.418243344326529
[5, 3, 0, 0, 13.128458690039416] 0.418199934167845
[5, 3, 0, 0, 0.4532743607923506] 0.488490511924112
[5, 3, 0, 0, 19.92106816108485] 0.41668928766649
[5, 3, 0, 0, 7.521010741348362] 0.405699534746326
[5, 3, 0, 0, 0.5703335647164853] 0.031267628213091
[5, 3, 0, 0, 18.461408573514614] 0.416981554914223
[5, 3, 0, 0, 9.007357547429827] 0.415053276193407
[5, 3, 0, 0, 13.166928201562985] 0.418194013160404
[5, 3, 0, 0, 2.432358413773794] 0.009410820223422
[5, 3, 0, 0, 11.722666683032914] 0.418248358329138
[5, 3, 0, 0, 10.858898658108425] 0.417971933763149
[5, 3, 0, 0, 13.088276654889743] 0.418205946238139
[5, 3, 0, 0, 5.587348955675808] 0.357107528949132
[5, 3, 0, 0, 3.639758383770675] 0.174942211284347
[5, 3, 0, 0, 4.4920761422190285] 0.280538645896908
[5, 3, 0, 0, 12.640465539211528] 0.418259044050797
[5, 3, 0, 0, 18.989831956786137] 0.41687144368774
[5, 3, 0, 0, 12.76834906483888] 0.41824675527647
[5, 3, 0, 0, 18.147082308816124] 0.417049414138642
[5, 3, 0, 0, 7.50170170311339] 0.405489115075384
[5, 3, 0, 0, 5.2839599693230666] 0.341088249408801
[5, 3, 0, 0, 4.296678407439241] 0.260488331868669
[5, 3, 0, 0, 9.790982408396118] 0.416887378267834
[5, 3, 0, 0, 10.796071840074594] 0.417936105759989
[5, 3, 0, 0, 5.786646450602577] 0.365918451644977
[5, 3, 0, 0, 13.870429246670945] 0.418062865268313
[5, 3, 0, 0, 16.237227095538834] 0.417494826606595
[5, 3, 0, 0, 2.405653942023669] 0.006535432353306
[5, 3, 0, 0, 17.042309449497846] 0.417300774877711
[5, 3, 0, 0, 5.470960116481858] 0.411919328802393
[5, 3, 0, 0, 6.437252783958596] 0.3871669373133
[5, 3, 0, 0, 15.319345035774548] 0.417721996939073
[5, 3, 0, 0, 0.6503501820373669] 0.009253128860988
[5, 3, 0, 0, 14.470411218717247] 0.417928299078903
[5, 3, 0, 0, 18.081374858333422] 0.417063763491814
[5, 3, 0, 0, 3.8406053486443903] 0.204162714834741
[5, 3, 0, 0, 4.834692939331782] 0.310488138665451
