[17.70368205765414, 2, 0, 0, 1] 0.986370402496871
[39.67983731978236, 2, 0, 0, 1] 1.93644064700237
[45.0150401664715, 2, 0, 0, 1] 0.537067470194589
[31.7317702339074, 2, 0, 0, 1] 0.817994577548008
[44.21935876173812, 2, 0, 0, 1] 0.491973713243384
[30.79313747323137, 2, 0, 0, 1] 0.701473150029138
[8.982853704336764, 2, 0, 0, 1] 0.417769105159097
[24.400936486247844, 2, 0, 0, 1] 0.030172571978385
[22.6841087310375, 2, 0, 0, 1] 1.406489240395637
[27.34777341728941, 2, 0, 0, 1] 0.284836607148664
[13.313604287630076, 2, 0, 0, 1] 0.130534043666713
[40.75120117953284, 2, 0, 0, 1] 0.306182944305655
[37.15475061649077, 2, 0, 0, 1] 0.133053468812052
[18.989204538684255, 2, 0, 0, 1] 0.546356558986416
[47.86683577126633, 2, 0, 0, 1] 3.250638023633993
[19.89193748416323, 2, 0, 0, 1] 0.306298887159524
[17.92332914483917, 2, 0, 0, 1] 1.005363324658887
[13.483045407952044, 2, 0, 0, 1] 0.039554937789928
[29.64076059031172, 2, 0, 0, 1] 0.451626866928526
[36.83276195466818, 2, 0, 0, 1] 1.512431928217168
[31.274433812379726, 2, 0, 0, 1] 0.760727015662805
[13.00381243031541, 2, 0, 0, 1] 0.14878330480215
[3.373003097694127, 2, 0, 0, 1] 0.164455997048883
[22.493905811002644, 2, 0, 0, 1] 1.36295780359342
[44.084024554085296, 2, 0, 0, 1] 0.484392798936987
[30.59217153130523, 2, 0, 0, 1] 0.677047319976283
[23.478327170153857, 2, 0, 0, 1] 0.045895522608808
[33.10369030914575, 2, 0, 0, 1] 0.995140639112092
[17.0613425239498, 2, 0, 0, 1] 0.930946914877501
[37.65204581954183, 2, 0, 0, 1] 1.632158009477429
[11.673748428714791, 2, 0, 0, 1] 0.801931761996191
[34.0574501290537, 2, 0, 0, 1] 1.122736390142492
[1.58701306229036, 2, 0, 0, 1] 0.084682312066866
[32.93584126155302, 2, 0, 0, 1] 0.973052236535554
[47.13364800586501, 2, 0, 0, 1] 0.661360879251572
[49.60737681050601, 2, 0, 0, 1] 3.542219494953171
[48.4534165968269, 2, 0, 0, 1] 3.348557244845363
[13.73443416865075, 2, 0, 0, 1] 0.644025001629241
[32.32813285524656, 2, 0, 0, 1] 0.89403513850228
[16.89978288243737, 2, 0, 0, 1] 0.917027996829256
[39.261900142197334, 2, 0, 0, 1] 1.872858250388187
[13.709356380655363, 2, 0, 0, 1] 0.641850594936164
[20.49416558094923, 2, 0, 0, 1] 0.898507495732091
[39.741056832329726, 2, 0, 0, 1] 1.9457890061386
[11.008475631295239, 2, 0, 0, 1] 0.815425979566253
[35.46557207300669, 2, 0, 0, 1] 1.317225119646718
[1.2179653202913476, 2, 0, 0, 1] 0.033369160409615
[15.819916287029873, 2, 0, 0, 1] 0.824078152676642
[30.983722311075507, 2, 0, 0, 1] 0.72481017341409
[17.2699082351843, 2, 0, 0, 1] 0.948926494181675
[40.179858438271324, 2, 0, 0, 1] 0.277318313763615
[12.087142535313882, 2, 0, 0, 1] 0.777087309980621
[19.375625026101677, 2, 0, 0, 1] 0.636545500104378
[47.37172824121186, 2, 0, 0, 1] 3.168281064930857
[29.72310100543375, 2, 0, 0, 1] 0.573631300430613
[49.991705426605456, 2, 0, 0, 1] 3.606994002214888
[2.545450470938204, 2, 0, 0, 1] 0.079475154608362
[13.117302281310305, 2, 0, 0, 1] 0.142276979514127
[12.529096623178692, 2, 0, 0, 1] 0.173626139230577
[46.55165685415837, 2, 0, 0, 1] 3.032506195152412
[24.640615185262494, 2, 0, 0, 1] 0.050902472400711
[12.31429221444662, 2, 0, 0, 1] 0.183538376312892
[45.616110680443676, 2, 0, 0, 1] 0.571716857474749
[42.13739568547941, 2, 0, 0, 1] 0.378293179015984
[46.25206094196253, 2, 0, 0, 1] 2.983114042725295
[32.29763450407494, 2, 0, 0, 1] 0.890109804195284
[44.79908503711103, 2, 0, 0, 1] 0.524740591964296
[38.703596217303534, 2, 0, 0, 1] 1.788604684702184
[41.46934628603577, 2, 0, 0, 1] 0.343176052205725
[2.178522217186246, 2, 0, 0, 1] 0.068391834715828
[44.41284057938426, 2, 0, 0, 1] 0.502856265518692
[2.1467700194031716, 2, 0, 0, 1] 0.064640924932275
[46.52755427552908, 2, 0, 0, 1] 3.028527791002587
[13.633424023417023, 2, 0, 0, 1] 0.635265482877098
[20.646395672468692, 2, 0, 0, 1] 0.934148165871344
[49.019293018313945, 2, 0, 0, 1] 5.506901594346096
[8.740726016339462, 2, 0, 0, 1] 0.22710816254799
[17.311396211723363, 2, 0, 0, 1] 0.952504285518676
[12.59123784435014, 2, 0, 0, 1] 0.170600496925325
[47.381293150846815, 2, 0, 0, 1] 3.169869375706308
[39.354169393325115, 2, 0, 0, 1] 1.886858485842899
[3.721230831764882, 2, 0, 0, 1] 0.301721636499607
[1.6772669989202682, 2, 0, 0, 1] 0.048829761248637
[10.383127705407919, 2, 0, 0, 1] 0.22922290263784
[6.588629166967625, 2, 0, 0, 1] 0.227626720150596
[43.471890767305005, 2, 0, 0, 1] 2.530899763529364
[38.55591419142537, 2, 0, 0, 1] 1.766452951642602
[18.006493064440626, 2, 0, 0, 1] 1.012561173444811
[32.22533204351384, 2, 0, 0, 1] 0.8808195296712
[14.85658382527793, 2, 0, 0, 1] 0.741076407406302
[6.522055179062914, 2, 0, 0, 1] 0.227438115725781
[28.180474585795608, 2, 0, 0, 1] 0.346560883567475
[32.08434503140925, 2, 0, 0, 1] 0.86276705338959
[36.08227903285852, 2, 0, 0, 1] 1.404539533770332
[3.980407772206185, 2, 0, 0, 1] 0.378747933845333
[30.93505660128101, 2, 0, 0, 1] 0.718835208547283
[12.17592386833553, 2, 0, 0, 1] 0.189461598680159
[0.7859083676089063, 2, 0, 0, 1] 0.043721629198754
[17.725692378642343, 2, 0, 0, 1] 0.988272635310149
[8.448384660685736, 2, 0, 0, 1] 0.227212680892986
[48.89173854184305, 2, 0, 0, 1] 3.421969039737457
[0.9016713954150879, 2, 0, 0, 1] 0.056598145446612
[32.13841927493849, 2, 0, 0, 1] 0.869680953633181
[10.344231602187026, 2, 0, 0, 1] 0.229247931227589
[43.105662970410286, 2, 0, 0, 1] 0.430374095645997
[12.124676000637608, 2, 0, 0, 1] 0.774133763910257
[10.848997425227536, 2, 0, 0, 1] 0.816107129261799
[37.0006723613357, 2, 0, 0, 1] 1.536808126907256
[33.52824997472001, 2, 0, 0, 1] 1.051507075113424
[23.030592664584894, 2, 0, 0, 1] 1.485392767538197
[34.72862111980169, 2, 0, 0, 1] 1.21456472838964
[1.2890835006486856, 2, 0, 0, 1] 0.024465195919056
[18.27996511716498, 2, 0, 0, 1] 0.431720344025966
[30.79478827835492, 2, 0, 0, 1] 0.701674567108336
[10.783518161911237, 2, 0, 0, 1] 0.816115592437631
[29.22256224600784, 2, 0, 0, 1] 0.421962005114436
[15.173081543987637, 2, 0, 0, 1] 0.768369976750192
[13.403198218143947, 2, 0, 0, 1] 0.615459233185442
[42.54234261187841, 2, 0, 0, 1] 0.39990434733835
[41.068045303053154, 2, 0, 0, 1] 0.322406986384482
[3.3793035340504485, 2, 0, 0, 1] 0.167259434417177
[47.82903545871577, 2, 0, 0, 1] 3.244340433957926
[42.1670238239352, 2, 0, 0, 1] 0.379865441770252
[30.94912341534353, 2, 0, 0, 1] 0.720561143428829
[42.88538631766333, 2, 0, 0, 1] 0.418403456935732
[41.22381230779658, 2, 0, 0, 1] 0.330439372724544
[49.4218976505774, 2, 0, 0, 1] 3.511006370976066
[18.22920951932056, 2, 0, 0, 1] 1.031857510409385
[41.86841065556712, 2, 0, 0, 1] 0.364071633525557
[29.386217112370893, 2, 0, 0, 1] 0.433611846221401
[13.296251806958548, 2, 0, 0, 1] 0.131596302720039
[0.14401092777494018, 2, 0, 0, 1] 0.288749182278058
[1.2024980152280262, 2, 0, 0, 1] 0.035322931546694
[45.91165084440096, 2, 0, 0, 1] 0.58893420547269
[46.66900197096284, 2, 0, 0, 1] 3.051883697984136
[34.391255766186205, 2, 0, 0, 1] 1.168202997246038
[33.60531663460795, 2, 0, 0, 1] 1.061814189746527
[44.609126179425786, 2, 0, 0, 1] 0.513951975349675
[16.508300226790816, 2, 0, 0, 1] 0.883321532927657
[31.739304579876677, 2, 0, 0, 1] 0.818945736571575
[14.672299548823453, 2, 0, 0, 1] 0.725169978069371
[42.18484179882537, 2, 0, 0, 1] 0.380811750175398
[39.16193886775027, 2, 0, 0, 1] 1.857714636173493
[3.403018128557683, 2, 0, 0, 1] 0.177723655215859
[44.13620711121947, 2, 0, 0, 1] 0.487312861190783
[13.54139600460006, 2, 0, 0, 1] 0.593452992308638
[16.310651923630893, 2, 0, 0, 1] 0.866311134687782
[14.766533719812564, 2, 0, 0, 1] 0.73330518153656
[4.625203693005337, 2, 0, 0, 1] 0.180247643994995
[24.66802152369138, 2, 0, 0, 1] 0.053297648508092
[22.477379729645858, 2, 0, 0, 1] 1.35916855790664
[36.19273933571771, 2, 0, 0, 1] 1.420308781348092
[6.960743257397656, 2, 0, 0, 1] 0.228175139827463
[12.063883277393689, 2, 0, 0, 1] 0.778859797419499
[35.81920801109372, 2, 0, 0, 1] 1.367140804021896
[17.42514993810091, 2, 0, 0, 1] 0.962317846504379
[46.57439147677726, 2, 0, 0, 1] 3.036259034083001
[43.954483063850795, 2, 0, 0, 1] 0.477161201490538
[12.119843626261574, 2, 0, 0, 1] 0.774520662588763
[46.32003594853546, 2, 0, 0, 1] 2.99430958723831
[47.82952877157031, 2, 0, 0, 1] 3.244422848297303
[45.67119440083127, 2, 0, 0, 1] 0.57491648142487
[48.29348415590778, 2, 0, 0, 1] 3.934678091701875
[24.911791741989013, 2, 0, 0, 1] 0.074824268196339
[5.2412511548357905, 2, 0, 0, 1] 0.211403357867432
[45.053783379452575, 2, 0, 0, 1] 0.539288516384319
[0.1699780408574214, 2, 0, 0, 1] 0.233111549178237
[3.7700844832198763, 2, 0, 0, 1] 0.31784181425957
[23.77808727445147, 2, 0, 0, 1] 0.021841375108492
[29.303610899588385, 2, 0, 0, 1] 0.427737729393199
[16.582627582728637, 2, 0, 0, 1] 0.889719201227225
[22.09793465681687, 2, 0, 0, 1] 1.271881563923069
[36.25182487279247, 2, 0, 0, 1] 1.428760071911581
[42.70850817205845, 2, 0, 0, 1] 0.408843602808294
[35.21458299240388, 2, 0, 0, 1] 1.28205210793955
[27.04526758555944, 2, 0, 0, 1] 0.262102689662387
[49.11375585913383, 2, 0, 0, 1] 3.459222260204723
[16.11759456004986, 2, 0, 0, 1] 0.849696997648763
[12.926386625095992, 2, 0, 0, 1] 0.153100134673104
[12.822551563139283, 2, 0, 0, 1] 0.158730390591825
[22.180468268152776, 2, 0, 0, 1] 1.290912545053323
[32.29595271231314, 2, 0, 0, 1] 0.889893459829448
[39.86827000150064, 2, 0, 0, 1] 1.965246387715221
[7.10774888360085, 2, 0, 0, 1] 0.228215391473746
[47.60834951390226, 2, 0, 0, 1] 3.207605495919739
[10.20945281613353, 2, 0, 0, 1] 0.22903828759579
[22.490633336534515, 2, 0, 0, 1] 1.362207477595831
[25.379395455109805, 2, 0, 0, 1] 0.117217482977701
[36.007284963014534, 2, 0, 0, 1] 1.393855624372831
[32.2679100657584, 2, 0, 0, 1] 0.886287814598024
[48.132711648319635, 2, 0, 0, 1] 3.912879739828645
[20.074645807404877, 2, 0, 0, 1] 0.800216261368106
[23.522548421315186, 2, 0, 0, 1] 0.042388283315929
[46.7919678705221, 2, 0, 0, 1] 3.072207661993467
[16.04953323101505, 2, 0, 0, 1] 0.843840391543297
[17.78799903390926, 2, 0, 0, 1] 0.468244794628456
[46.027871116412825, 2, 0, 0, 1] 0.595737424370598
[19.045393513400622, 2, 0, 0, 1] 0.559450824289149
[19.044446391587115, 2, 0, 0, 1] 0.559229899641796
[23.528228830973386, 2, 0, 0, 1] 0.041936245567996
[1.7549202440344969, 2, 0, 0, 1] 0.022052200288757
[29.74555058586028, 2, 0, 0, 1] 0.576256568067937
[18.164847031202463, 2, 0, 0, 1] 0.440362594043627
[21.284930628666178, 2, 0, 0, 1] 1.083304281021897
[36.93384336188485, 2, 0, 0, 1] 1.527096037667378
[33.0505472245183, 2, 0, 0, 1] 0.98813500521684
[19.511309537837317, 2, 0, 0, 1] 0.668277776727578
[28.149158681789547, 2, 0, 0, 1] 0.344263010572433
[18.38256717742753, 2, 0, 0, 1] 0.405596763911163
[5.464321115671717, 2, 0, 0, 1] 0.216902211132453
[7.306936317819362, 2, 0, 0, 1] 0.228166516588481
[38.504374912127005, 2, 0, 0, 1] 1.758736204631804
[5.678034628730572, 2, 0, 0, 1] 0.220693319959214
[22.997241617286356, 2, 0, 0, 1] 1.477821106576359
[47.518400578093726, 2, 0, 0, 1] 3.192648718375994
[49.58595431562468, 2, 0, 0, 1] 3.53861357086883
[17.76577022719068, 2, 0, 0, 1] 0.469869150083615
[11.641046760158996, 2, 0, 0, 1] 0.803287887204141
[0.10129027630529364, 2, 0, 0, 1] 0.264335368059007
[8.74803445879233, 2, 0, 0, 1] 0.227107030344862
[40.25158282505012, 2, 0, 0, 1] 2.02410065761333
[38.74314432061926, 2, 0, 0, 1] 1.794546755284734
[2.106444603002916, 2, 0, 0, 1] 0.05917188016286
[25.665763160519685, 2, 0, 0, 1] 0.156450349053288
[38.95470571998449, 2, 0, 0, 1] 1.826401028263375
[47.91611334526401, 2, 0, 0, 1] 3.258850210636154
[7.865592415667172, 2, 0, 0, 1] 0.22770132694866
[17.01511889429629, 2, 0, 0, 1] 0.92696375431475
[41.58305266967924, 2, 0, 0, 1] 0.349105257251075
[0.7362774414824802, 2, 0, 0, 1] 0.02949175312518
[24.195822541171797, 2, 0, 0, 1] 0.012744792473355
[47.8057347320279, 2, 0, 0, 1] 3.240459480111011
[4.801007608080021, 2, 0, 0, 1] 0.192884237247027
[34.361804292769705, 2, 0, 0, 1] 1.164175154813232
[38.433749489507456, 2, 0, 0, 1] 1.748172154230606
[5.357623770859027, 2, 0, 0, 1] 0.214500791760722
[12.248071678283583, 2, 0, 0, 1] 0.186419119251588
[2.7555155258581596, 2, 0, 0, 1] 0.06193083520589
[46.834634252203685, 2, 0, 0, 1] 0.643457454867431
[7.7400406164060245, 2, 0, 0, 1] 0.227824782633003
[33.96811442327901, 2, 0, 0, 1] 1.110637732247031
[32.613611333587, 2, 0, 0, 1] 0.930965730633969
[30.715745186274248, 2, 0, 0, 1] 0.692044424862718
[34.323216977997355, 2, 0, 0, 1] 1.158902597147212
[9.505887728750405, 2, 0, 0, 1] 0.22755296920587
[41.433490761383595, 2, 0, 0, 1] 0.341310747068628
[49.272266714113414, 2, 0, 0, 1] 3.485849416071524
[8.585520959926296, 2, 0, 0, 1] 0.434693620431569
[42.24672335894539, 2, 0, 0, 1] 0.384103024177332
[25.130677959863963, 2, 0, 0, 1] 0.09449029252828
[24.042571661705637, 2, 0, 0, 1] 8.5988951995e-05
[39.48411331522907, 2, 0, 0, 1] 1.906610969790145
[8.684004077703516, 2, 0, 0, 1] 0.227118172440944
[7.186200449700025, 2, 0, 0, 1] 0.228208626163992
[27.763802616800447, 2, 0, 0, 1] 0.315834758530527
[2.4198785961566713, 2, 0, 0, 1] 0.081499203471445
[27.75196355349786, 2, 0, 0, 1] 0.314956972322466
[45.23284798431656, 2, 0, 0, 1] 0.549565967631403
[45.51270784769853, 2, 0, 0, 1] 0.565720995002171
[11.17020783755524, 2, 0, 0, 1] 0.813889005864271
[48.1545695687105, 2, 0, 0, 1] 0.723344113344052
[10.432567636023249, 2, 0, 0, 1] 0.229136095364823
[9.034717360759165, 2, 0, 0, 1] 0.415562168101711
[46.542762818633776, 2, 0, 0, 1] 3.03103765885299
[20.446803114476204, 2, 0, 0, 1] 0.887414789043
[35.17328445274949, 2, 0, 0, 1] 1.276285052113227
[37.74744555734087, 2, 0, 0, 1] 1.64622425314539
[13.716080471676273, 2, 0, 0, 1] 0.642433682349356
[42.90139341054282, 2, 0, 0, 1] 0.419271203481448
[41.937033752834154, 2, 0, 0, 1] 0.367689413140152
[9.831352078904915, 2, 0, 0, 1] 0.228107739772758
[48.73808398337297, 2, 0, 0, 1] 3.396213271679482
[36.35159018443736, 2, 0, 0, 1] 1.443054099472808
[31.63391325728159, 2, 0, 0, 1] 0.805663287254792
[40.85436344478465, 2, 0, 0, 1] 0.311448457581346
[43.2316635042094, 2, 0, 0, 1] 0.437252665007528
[14.015148077399248, 2, 0, 0, 1] 0.668348136638683
[13.90188553824605, 2, 0, 0, 1] 0.65853829142585
[7.412943984838771, 2, 0, 0, 1] 0.228104712328584
[14.305843608984132, 2, 0, 0, 1] 0.693503562250077
[19.059368477814605, 2, 0, 0, 1] 0.562708119252582
[24.94235415593376, 2, 0, 0, 1] 0.077551158591895
[0.32441971556682603, 2, 0, 0, 1] 0.346689966067125
[15.519261482089108, 2, 0, 0, 1] 0.79819420087624
[31.419996504138975, 2, 0, 0, 1] 0.778853789802114
[23.842262388262032, 2, 0, 0, 1] 0.016608241015445
[14.197099129467194, 2, 0, 0, 1] 0.684097360969434
[22.41114471538082, 2, 0, 0, 1] 1.343970740710319
[49.28938125306534, 2, 0, 0, 1] 3.488725134616544
[41.33985478345797, 2, 0, 0, 1] 0.336447532652547
[26.578937997244413, 2, 0, 0, 1] 0.226740419624316
[39.54664425184482, 2, 0, 0, 1] 1.916130721848418
[48.63710450576486, 2, 0, 0, 1] 3.379298473112501
[10.529151992812308, 2, 0, 0, 1] 0.81437273619708
[32.98032855975164, 2, 0, 0, 1] 0.97889567045756
[37.85674027949607, 2, 0, 0, 1] 1.662373266308533
[35.18421797174626, 2, 0, 0, 1] 1.277810989757401
[16.80641736383021, 2, 0, 0, 1] 0.908986868721892
[27.673070794683063, 2, 0, 0, 1] 0.3091013117274
[44.18629354192442, 2, 0, 0, 1] 0.490118958490822
[13.63642862655169, 2, 0, 0, 1] 0.635525677902482
[45.58685946840815, 2, 0, 0, 1] 0.570018913558939
[18.985009290872267, 2, 0, 0, 1] 0.545379228020952
[16.768201964574175, 2, 0, 0, 1] 0.90569582202
[6.9490099545449215, 2, 0, 0, 1] 0.228168147249486
[47.29664184286621, 2, 0, 0, 1] 3.801342079919265
[17.075955641525226, 2, 0, 0, 1] 0.932206161836293
[18.514881600120255, 2, 0, 0, 1] 0.436188583134716
[2.5305828875328453, 2, 0, 0, 1] 0.079987999903337
[39.63965372222763, 2, 0, 0, 1] 1.930308685894583
[48.19336481394635, 2, 0, 0, 1] 3.305103011829633
[25.046311669785005, 2, 0, 0, 1] 0.086872882176174
[23.479529742818215, 2, 0, 0, 1] 0.045800433471573
[10.86031153383703, 2, 0, 0, 1] 0.816088638101121
[11.109425950472634, 2, 0, 0, 1] 0.814558379289248
[23.695616238542723, 2, 0, 0, 1] 0.000760244310007
[6.23114472576462, 2, 0, 0, 1] 0.226164817323065
[15.430677728444147, 2, 0, 0, 1] 0.790565326038719
[2.5256290075375167, 2, 0, 0, 1] 0.08014196113583
[4.761422882701661, 2, 0, 0, 1] 0.190421131242348
[10.140887681061134, 2, 0, 0, 1] 0.228846854889266
[20.598588959971703, 2, 0, 0, 1] 0.922957862278411
[6.25021835278246, 2, 0, 0, 1] 0.226274279879771
[9.286312265117157, 2, 0, 0, 1] 0.227305974921497
[5.4001701856130015, 2, 0, 0, 1] 0.215504834367708
[2.031193346045707, 2, 0, 0, 1] 0.046878168293837
[7.945244398127488, 2, 0, 0, 1] 0.227622525365628
[10.138342379712428, 2, 0, 0, 1] 0.228839801349121
[26.455176148606057, 2, 0, 0, 1] 0.217293674106465
[39.164157266662336, 2, 0, 0, 1] 1.858050450370325
[16.36222998686326, 2, 0, 0, 1] 0.87074987036753
[46.83500073573899, 2, 0, 0, 1] 0.643479324067693
[7.391107863995589, 2, 0, 0, 1] 0.228119021477913
[27.25141714127638, 2, 0, 0, 1] 0.277612582805776
[4.5848345914395185, 2, 0, 0, 1] 0.1765806050176
[43.524970885453115, 2, 0, 0, 1] 2.539419409466952
[47.432918530191785, 2, 0, 0, 1] 3.178443579263951
[12.476941357958943, 2, 0, 0, 1] 0.176111739829176
[39.99571936774863, 2, 0, 0, 1] 1.984775816892399
[43.795315752296375, 2, 0, 0, 1] 2.582884345238902
[26.921096248967785, 2, 0, 0, 1] 0.252722483211007
[3.9827438915573943, 2, 0, 0, 1] 0.379351081887586
[31.56603334946783, 2, 0, 0, 1] 0.797134447173908
[40.89193282116882, 2, 0, 0, 1] 0.313370115798797
[28.903499963025865, 2, 0, 0, 1] 0.399098738311013
[45.71377003096073, 2, 0, 0, 1] 0.577393333032631
[42.46475116909069, 2, 0, 0, 1] 0.39574437491408
[22.003937348378443, 2, 0, 0, 1] 1.250179111443964
[27.02874081929614, 2, 0, 0, 1] 0.260854325308694
[35.795642649001906, 2, 0, 0, 1] 1.363802241320018
[16.938900185495342, 2, 0, 0, 1] 0.920397315976924
[39.605412791473576, 2, 0, 0, 1] 1.925086811875212
[44.485882170476756, 2, 0, 0, 1] 0.50697917776961
[34.13845173407481, 2, 0, 0, 1] 1.133731823052801
[26.814812755444063, 2, 0, 0, 1] 0.244673358612634
[35.48342185518231, 2, 0, 0, 1] 1.319735127883553
[22.43959563623092, 2, 0, 0, 1] 1.350501078230463
[6.491387557350964, 2, 0, 0, 1] 0.227339919079556
[7.682592729556214, 2, 0, 0, 1] 0.227880030105422
[25.395878378366373, 2, 0, 0, 1] 0.11873783212204
[41.14194236782113, 2, 0, 0, 1] 0.326213098063734
[8.095548784172134, 2, 0, 0, 1] 0.227480094854662
[18.451967254795715, 2, 0, 0, 1] 0.421633911586011
[47.94762881729858, 2, 0, 0, 1] 3.2641036091748
[9.154032225450543, 2, 0, 0, 1] 0.410480755461826
[10.298220002359532, 2, 0, 0, 1] 0.229227217411217
[9.701201629628075, 2, 0, 0, 1] 0.227858528478428
[12.784975538865934, 2, 0, 0, 1] 0.160722235160516
[6.078154402720565, 2, 0, 0, 1] 0.225127559262535
[6.519867659190876, 2, 0, 0, 1] 0.227431403187333
[7.141853417955141, 2, 0, 0, 1] 0.228214815708379
[35.41249615495038, 2, 0, 0, 1] 1.309769830942525
[29.418809793440076, 2, 0, 0, 1] 0.435925320166775
[45.8168742294264, 2, 0, 0, 1] 0.583399323127312
[36.96426684241521, 2, 0, 0, 1] 1.531515853317625
[39.18377586454319, 2, 0, 0, 1] 1.861020877203972
[33.00483199572494, 2, 0, 0, 1] 0.98211754402819
[48.32935612016572, 2, 0, 0, 1] 3.327820182829142
[43.919592755894115, 2, 0, 0, 1] 0.47521787429583
[14.443510148674394, 2, 0, 0, 1] 0.705405885087939
[30.21976664012757, 2, 0, 0, 1] 0.632287088811657
[3.043250011786136, 2, 0, 0, 1] 0.015321331366588
[7.612606527671667, 2, 0, 0, 1] 0.227944587752842
[48.82133395498809, 2, 0, 0, 1] 3.410164055351001
[36.27228675527518, 2, 0, 0, 1] 1.431689277003474
[10.487009086237876, 2, 0, 0, 1] 0.813771505350155
[25.009140833981906, 2, 0, 0, 1] 0.083531640827271
[44.07026995143266, 2, 0, 0, 1] 0.483624427528746
[31.717356845465165, 2, 0, 0, 1] 0.816175689373385
[8.658818711467536, 2, 0, 0, 1] 0.22712422446909
[43.62205466575204, 2, 0, 0, 1] 2.555014496989011
[21.61293886212341, 2, 0, 0, 1] 1.159607460501232
[14.084219277692716, 2, 0, 0, 1] 0.674328308221789
[14.843619399214337, 2, 0, 0, 1] 0.739957784744054
[9.646832729508775, 2, 0, 0, 1] 0.227765163204441
[49.673441958325256, 2, 0, 0, 1] 3.553345275384169
[31.80799996053128, 2, 0, 0, 1] 0.827629370648796
[4.2513163607482864, 2, 0, 0, 1] 0.439081569600235
[13.83376834717952, 2, 0, 0, 1] 0.65263556517509
[38.96495453936214, 2, 0, 0, 1] 1.827947094182112
[27.31500001105653, 2, 0, 0, 1] 0.282381498272441
[14.176142064633984, 2, 0, 0, 1] 0.682284155223628
[9.88776700755381, 2, 0, 0, 1] 0.228227028627035
[40.961226287165424, 2, 0, 0, 1] 0.316920048287784
[6.848705730784626, 2, 0, 0, 1] 0.228086525916769
[29.687808518662763, 2, 0, 0, 1] 0.569509504450153
[49.22963122119279, 2, 0, 0, 1] 3.478685354762383
[17.388246067713713, 2, 0, 0, 1] 0.959133313550687
[9.057689079129721, 2, 0, 0, 1] 0.41458496566393
[31.516998044750377, 2, 0, 0, 1] 0.790985722877961
[27.957110675002344, 2, 0, 0, 1] 0.330130148840544
[39.71062424309616, 2, 0, 0, 1] 1.941140959757404
[37.844744873198415, 2, 0, 0, 1] 1.660599718077719
[14.757112541776202, 2, 0, 0, 1] 0.732492259051358
[14.707897194632075, 2, 0, 0, 1] 0.728243505987345
[10.488412323644186, 2, 0, 0, 1] 0.813793076289602
[27.99987010832738, 2, 0, 0, 1] 0.333282641142893
[35.313322976151525, 2, 0, 0, 1] 1.295864041232487
[4.627921884749009, 2, 0, 0, 1] 0.180482112759033
[28.31626148130576, 2, 0, 0, 1] 0.356503874316759
[46.82271573603905, 2, 0, 0, 1] 0.642746278829564
[46.59744516822097, 2, 0, 0, 1] 3.040065372305665
[28.356717580554825, 2, 0, 0, 1] 0.359459454653691
[31.208908799348816, 2, 0, 0, 1] 0.752598075640546
[41.832514094400544, 2, 0, 0, 1] 0.362182513952943
[19.133099390100387, 2, 0, 0, 1] 0.579904242011685
[11.885355879780873, 2, 0, 0, 1] 0.790985112992059
[45.84536754266138, 2, 0, 0, 1] 0.585063092203869
[24.825599533038016, 2, 0, 0, 1] 0.067167494707421
[47.32148025403003, 2, 0, 0, 1] 3.80461492201174
[20.171912838103434, 2, 0, 0, 1] 0.823009650942552
[23.562865716314697, 2, 0, 0, 1] 0.039177484207946
[10.321601895106342, 2, 0, 0, 1] 0.229243801031175
[4.291982534031169, 2, 0, 0, 1] 0.125368661896536
[9.650549631598704, 2, 0, 0, 1] 0.227771329686905
[31.234462246711566, 2, 0, 0, 1] 0.755765853352163
[5.0696068608866165, 2, 0, 0, 1] 0.205703472934582
[34.141429779886295, 2, 0, 0, 1] 1.134136532689356
[0.7824727157745459, 2, 0, 0, 1] 0.042962054871494
[6.418455554045622, 2, 0, 0, 1] 0.227074537837149
[46.3638034321471, 2, 0, 0, 1] 3.001522392574874
[7.109794002699593, 2, 0, 0, 1] 0.228215435274574
[0.7975662639053416, 2, 0, 0, 1] 0.046093412662914
[28.02492818294917, 2, 0, 0, 1] 0.335128685396102
[14.613665574590001, 2, 0, 0, 1] 0.720106650754779
[46.2811625443125, 2, 0, 0, 1] 2.98790409785839
[2.8420146041318874, 2, 0, 0, 1] 0.046782091657839
[31.759170712303963, 2, 0, 0, 1] 0.821455061873341
[18.059413394869754, 2, 0, 0, 1] 0.448228498409292
[6.981016287573761, 2, 0, 0, 1] 0.228185481890151
[37.550252935402725, 2, 0, 0, 1] 1.6171762044542
[16.861135336691223, 2, 0, 0, 1] 0.913699106807816
[42.18187605053807, 2, 0, 0, 1] 0.380654356756723
[41.923880779050705, 2, 0, 0, 1] 0.366995627427505
[18.13608055282316, 2, 0, 0, 1] 0.442513484115115
[2.954179139512009, 2, 0, 0, 1] 0.017075166358699
[37.643466246122756, 2, 0, 0, 1] 1.63089418545774
[21.06498553598723, 2, 0, 0, 1] 1.03200488610519
[17.41957522154623, 2, 0, 0, 1] 0.961837222800973
[14.474407082134515, 2, 0, 0, 1] 0.708075790618719
[27.288699645424515, 2, 0, 0, 1] 0.28040983127658
[2.6170890063699828, 2, 0, 0, 1] 0.075850911685481
[10.039051345050536, 2, 0, 0, 1] 0.228580858578528
[38.79527350703977, 2, 0, 0, 1] 1.802384853884849
[7.38257661402174, 2, 0, 0, 1] 0.228124317802297
[16.183659538405916, 2, 0, 0, 1] 0.855382863460419
[26.45349425490388, 2, 0, 0, 1] 0.217164951063377
[27.527671818558048, 2, 0, 0, 1] 0.298279431551828
[10.485241695610487, 2, 0, 0, 1] 0.813744103823186
[17.454881131992124, 2, 0, 0, 1] 0.964883843528878
[34.407088508176635, 2, 0, 0, 1] 1.170370183412165
[18.75325942356401, 2, 0, 0, 1] 0.491466144756333
[31.050435144814475, 2, 0, 0, 1] 0.733018477608223
[44.601998587230135, 2, 0, 0, 1] 0.513548113515657
[39.844226446572996, 2, 0, 0, 1] 1.961566054015758
[9.083225196197093, 2, 0, 0, 1] 0.413497640773702
[22.498568702818027, 2, 0, 0, 1] 1.364027475499633
[47.88606891345692, 2, 0, 0, 1] 3.253843158758679
[41.73395392505281, 2, 0, 0, 1] 0.357004638072243
[20.59639734424261, 2, 0, 0, 1] 0.92244473362187
[23.77159992089189, 2, 0, 0, 1] 0.006849445690148
[4.503663733919982, 2, 0, 0, 1] 0.16791524281723
[47.956267215594565, 2, 0, 0, 1] 3.265544017985296
[4.137480858170628, 2, 0, 0, 1] 0.415998572821128
[42.769376575649844, 2, 0, 0, 1] 0.412127987148972
[29.79289843924558, 2, 0, 0, 1] 0.581801491927459
[15.547567065806355, 2, 0, 0, 1] 0.80063148413581
[29.72359727162762, 2, 0, 0, 1] 0.573689245729853
[31.430060298746387, 2, 0, 0, 1] 0.780110525492451
[43.91968976561398, 2, 0, 0, 1] 0.47522327331331
[9.665887718945122, 2, 0, 0, 1] 0.227797125848683
[22.49334424497264, 2, 0, 0, 1] 1.362828817083215
[49.577232408289944, 2, 0, 0, 1] 3.537144757675748
[49.23028719721125, 2, 0, 0, 1] 3.478794859471218
[20.436310350286135, 2, 0, 0, 1] 0.884956889815115
[20.722636679357, 2, 0, 0, 1] 0.951989499624959
[34.191326757405534, 2, 0, 0, 1] 1.140922094799269
[3.719611910050719, 2, 0, 0, 1] 0.301174160157665
[38.67819348581812, 2, 0, 0, 1] 0.203885992467225
[45.39257991210134, 2, 0, 0, 1] 0.558773131777492
[16.47922886556253, 2, 0, 0, 1] 0.880819708357423
[14.6563149784253, 2, 0, 0, 1] 0.723790160009994
[46.45820777485981, 2, 0, 0, 1] 3.017087379604255
[6.6541208424350735, 2, 0, 0, 1] 0.227781449236872
[47.533316811739276, 2, 0, 0, 1] 3.195129118917953
[11.70132295641087, 2, 0, 0, 1] 0.800717938067304
[39.74500503400982, 2, 0, 0, 1] 1.946393212548542
[26.61280266511466, 2, 0, 0, 1] 0.229320963155057
[48.59224661193341, 2, 0, 0, 1] 3.371791363051317
[17.17217516860966, 2, 0, 0, 1] 0.512195378692285
[11.815177160250117, 2, 0, 0, 1] 0.795029788648921
[35.725159257500295, 2, 0, 0, 1] 1.353826113785458
[40.10838651350825, 2, 0, 0, 1] 2.002076134027264
[20.518843947235304, 2, 0, 0, 1] 0.904286594281123
[7.23475320646933, 2, 0, 0, 1] 0.228195785814716
[45.1283057229038, 2, 0, 0, 1] 0.543559506931643
[13.777732261905145, 2, 0, 0, 1] 0.647778626975301
[8.905639064925674, 2, 0, 0, 1] 0.227109276214111
[15.378171342221325, 2, 0, 0, 1] 0.78604216776049
[36.31348721674632, 2, 0, 0, 1] 1.437591616792814
[9.360238284930212, 2, 0, 0, 1] 0.227377900830992
[23.099564930011123, 2, 0, 0, 1] 1.501034642403788
[18.36754764709297, 2, 0, 0, 1] 0.402128830217051
[5.3643503986201715, 2, 0, 0, 1] 0.214663800926961
[30.461818158857778, 2, 0, 0, 1] 0.661304515979577
[14.541477423852655, 2, 0, 0, 1] 0.713870319670792
[1.7980320353382984, 2, 0, 0, 1] 0.008690029549189
[44.58098790483709, 2, 0, 0, 1] 0.512358134467579
[39.95770630430555, 2, 0, 0, 1] 1.978948154493585
[45.74154775567669, 2, 0, 0, 1] 0.579010065160932
[22.975148709070258, 2, 0, 0, 1] 1.472802916823099
[29.519714955026622, 2, 0, 0, 1] 0.443075904360403
[6.411861343625036, 2, 0, 0, 1] 0.227048329247224
[25.220950592765455, 2, 0, 0, 1] 0.102692458783966
[4.768082875649676, 2, 0, 0, 1] 0.190848807927016
[30.466437666503786, 2, 0, 0, 1] 0.66186117435836
[36.95193431155167, 2, 0, 0, 1] 1.529723819376565
[24.151100200478936, 2, 0, 0, 1] 0.008983522124581
[2.5613043487150486, 2, 0, 0, 1] 0.078842151691819
[38.20544836205333, 2, 0, 0, 1] 1.714116353347588
[14.30390303046088, 2, 0, 0, 1] 0.693336056797922
[20.152800640594386, 2, 0, 0, 1] 0.818531601474825
[14.575812579901292, 2, 0, 0, 1] 0.716836827684675
[12.375528604553388, 2, 0, 0, 1] 0.180799011353141
[10.000008792955589, 2, 0, 0, 1] 0.228485165240873
[17.154300871867967, 2, 0, 0, 1] 0.9389592141465
[22.15893696586197, 2, 0, 0, 1] 1.285949924878039
[3.728908461616215, 2, 0, 0, 1] 0.30430582081816
[2.383034177941684, 2, 0, 0, 1] 0.081088639929839
[42.26338611927486, 2, 0, 0, 1] 0.384990240971583
[28.634668820104782, 2, 0, 0, 1] 0.379681460641591
[28.73224501917793, 2, 0, 0, 1] 0.386745336129047
[12.61965351671875, 2, 0, 0, 1] 0.169193084995669
[10.80941934422383, 2, 0, 0, 1] 0.816132409515058
[47.03458348394846, 2, 0, 0, 1] 3.767008545620909
[2.4597227403229507, 2, 0, 0, 1] 0.081417394879492
[14.983701165330576, 2, 0, 0, 1] 0.752042364432731
[8.581314647725163, 2, 0, 0, 1] 0.434872333707137
[31.677160188337883, 2, 0, 0, 1] 0.811107934494179
[1.020707577572777, 2, 0, 0, 1] 0.053850311657189
[12.76149135634928, 2, 0, 0, 1] 0.161953651080003
[7.896359370030853, 2, 0, 0, 1] 0.227670503241384
[45.25901103421094, 2, 0, 0, 1] 0.551071542390846
[28.284197003447808, 2, 0, 0, 1] 0.354159137220358
[11.507560086470631, 2, 0, 0, 1] 0.807877296306088
[4.059453456184809, 2, 0, 0, 1] 0.398314811029898
[4.360904774183866, 2, 0, 0, 1] 0.145301296021372
[49.95267025333875, 2, 0, 0, 1] 3.60040910587271
[39.18636447551671, 2, 0, 0, 1] 1.861412851633035
[35.427967463772056, 2, 0, 0, 1] 1.311942189542904
[38.00793551268779, 2, 0, 0, 1] 1.684767252844667
[35.3851417463135, 2, 0, 0, 1] 1.305931039056905
[26.415230236458864, 2, 0, 0, 1] 0.214239145915429
[8.063804222679693, 2, 0, 0, 1] 0.227509168883417
[21.33938880348989, 2, 0, 0, 1] 1.095990697624849
[1.3825520605091457, 2, 0, 0, 1] 0.188146227048971
[4.46446253484718, 2, 0, 0, 1] 0.16291001719598
[44.62065449083339, 2, 0, 0, 1] 0.514605356829144
[16.9938255006531, 2, 0, 0, 1] 0.925129255819724
[1.2600056226814982, 2, 0, 0, 1] 0.028019312082941
[11.31271282598057, 2, 0, 0, 1] 0.811923332988359
[38.29341515503264, 2, 0, 0, 1] 0.185644576302673
[17.827189845614672, 2, 0, 0, 1] 0.997047852873099
[33.00201187632412, 2, 0, 0, 1] 0.981746608172194
[42.593075400295845, 2, 0, 0, 1] 0.402628699164331
[26.900836007811122, 2, 0, 0, 1] 0.251189722615017
[17.98881333210605, 2, 0, 0, 1] 1.011030799249676
[44.82504047407822, 2, 0, 0, 1] 0.526219178131685
[49.58310947053322, 2, 0, 0, 1] 3.538133962376438
[13.830518376230911, 2, 0, 0, 1] 0.652353906178954
[24.466466869697932, 2, 0, 0, 1] 0.035801467332021
[11.754122403851802, 2, 0, 0, 1] 0.798215151948284
[2.939847354740394, 2, 0, 0, 1] 0.02157160707114
[3.421228988672592, 2, 0, 0, 1] 0.185660067375242
[48.80995406933735, 2, 0, 0, 1] 3.408256740604104
[6.517407212328763, 2, 0, 0, 1] 0.227423756589858
[12.02792849264781, 2, 0, 0, 1] 0.781513150963597
[46.754462124255035, 2, 0, 0, 1] 5.064918202681748
[41.76252128284169, 2, 0, 0, 1] 0.358503953446406
[42.47800392547593, 2, 0, 0, 1] 0.396454283075354
[8.02180257303679, 2, 0, 0, 1] 0.227548248343336
[11.12033840323411, 2, 0, 0, 1] 0.814446041238603
[26.70608374951004, 2, 0, 0, 1] 0.236418983622303
[11.24308062834164, 2, 0, 0, 1] 0.81295044426765
[24.92146702519007, 2, 0, 0, 1] 0.075686826898787
[43.07100142212034, 2, 0, 0, 1] 0.428485601277548
[40.71256599944061, 2, 0, 0, 1] 0.304215217667714
[1.1739404400335274, 2, 0, 0, 1] 0.03884927650589
[23.417515421532364, 2, 0, 0, 1] 0.050696367275846
[8.946341442206418, 2, 0, 0, 1] 0.227117055076847
[16.40376054735989, 2, 0, 0, 1] 0.874324318779383
[36.79959918012425, 2, 0, 0, 1] 1.507627486639009
[20.114912481980934, 2, 0, 0, 1] 0.809652382592834
[33.44755728722123, 2, 0, 0, 1] 1.04074140630692
[3.4710408666332846, 2, 0, 0, 1] 0.206896557621889
[22.42153828928751, 2, 0, 0, 1] 1.346356872745387
[21.365230534481682, 2, 0, 0, 1] 1.102008238867698
[22.109853052269337, 2, 0, 0, 1] 1.274631250527771
[1.0889210589937193, 2, 0, 0, 1] 0.048237467376086
[45.47144815738715, 2, 0, 0, 1] 0.563332479586604
[20.260282293570953, 2, 0, 0, 1] 0.843717313085225
[49.13106852277932, 2, 0, 0, 1] 3.462129286296203
[27.321309744649565, 2, 0, 0, 1] 0.282854366461962
[25.489595847602292, 2, 0, 0, 1] 0.127415468680053
[14.470683140121675, 2, 0, 0, 1] 0.707753881673633
[0.6135214870285011, 2, 0, 0, 1] 0.309412420045732
[1.3361631735742563, 2, 0, 0, 1] 0.020165869317627
[25.070664180402584, 2, 0, 0, 1] 0.089066731679169
[29.22635847590009, 2, 0, 0, 1] 0.42223309374665
[10.4937281073536, 2, 0, 0, 1] 0.813874090150822
[35.33597928840506, 2, 0, 0, 1] 1.299036009938933
[11.127905584016407, 2, 0, 0, 1] 0.81436610730981
[22.20957326365534, 2, 0, 0, 1] 1.297617706773143
[11.925854719028155, 2, 0, 0, 1] 0.788465302110593
[5.821873956710349, 2, 0, 0, 1] 0.222626680792251
[37.996449146013774, 2, 0, 0, 1] 1.683063862450261
[21.32600793250582, 2, 0, 0, 1] 1.092874216273944
[10.800956414070855, 2, 0, 0, 1] 0.816129552965863
[12.537049313737192, 2, 0, 0, 1] 0.173242639195456
[3.8859639249566924, 2, 0, 0, 1] 0.353051053927837
[1.1150090703863857, 2, 0, 0, 1] 0.045582617155366
[22.327632582943718, 2, 0, 0, 1] 1.324784689923671
[20.048384630864902, 2, 0, 0, 1] 0.79406223334011
[27.29928182446616, 2, 0, 0, 1] 0.281203139211953
[16.436599625209098, 2, 0, 0, 1] 0.877150268899928
[0.896261070850024, 2, 0, 0, 1] 0.056421736870485
[12.552685235290811, 2, 0, 0, 1] 0.172485609359732
[47.23309323882312, 2, 0, 0, 1] 0.667340320304451
[20.50072779594813, 2, 0, 0, 1] 0.900044275718958
[47.47869367025561, 2, 0, 0, 1] 3.186050040659742
[12.341465078807346, 2, 0, 0, 1] 0.182332495128358
[3.891297996274351, 2, 0, 0, 1] 0.354572332804453
[16.891214137133908, 2, 0, 0, 1] 0.916289772496484
[5.402440503450412, 2, 0, 0, 1] 0.215556574324643
[37.3646700577757, 2, 0, 0, 1] 1.589938498341209
[27.585687306329593, 2, 0, 0, 1] 0.302602138453484
[48.490403515430366, 2, 0, 0, 1] 3.354746439500684
[27.39719677049172, 2, 0, 0, 1] 0.288535569256093
[34.52467804247013, 2, 0, 0, 1] 1.186488895325851
[14.646388479625355, 2, 0, 0, 1] 0.722932732182625
[41.23105554824061, 2, 0, 0, 1] 0.330813755114825
[14.217327750757903, 2, 0, 0, 1] 0.685847534876346
[42.110513008827375, 2, 0, 0, 1] 0.3768661504334
[1.649178745952351, 2, 0, 0, 1] 0.059421485776364
[21.345252925341214, 2, 0, 0, 1] 1.097356391329104
[28.218587444362402, 2, 0, 0, 1] 0.349355323647404
[16.90755335152872, 2, 0, 0, 1] 0.91769721129637
[25.49810952612084, 2, 0, 0, 1] 0.128206654524859
[25.216122422079597, 2, 0, 0, 1] 0.102252592284646
[33.33208726549436, 2, 0, 0, 1] 1.025376186944639
[34.48124611068609, 2, 0, 0, 1] 1.180529859436676
[27.9702376744504, 2, 0, 0, 1] 0.331098174488383
[34.07433097366885, 2, 0, 0, 1] 1.125025858355668
[12.61780225061877, 2, 0, 0, 1] 0.169285229946169
[9.483108605978302, 2, 0, 0, 1] 0.227522295828477
[31.78018655360099, 2, 0, 0, 1] 0.824111058358829
[5.562955957164767, 2, 0, 0, 1] 0.218805612830692
[41.77565535224195, 2, 0, 0, 1] 0.359193709417709
[6.795296380223292, 2, 0, 0, 1] 0.228023715306246
[27.057781921116593, 2, 0, 0, 1] 0.263045285930394
[8.464832072695256, 2, 0, 0, 1] 0.227203804769685
[45.01971334732692, 2, 0, 0, 1] 0.537332897517272
[13.845692315642456, 2, 0, 0, 1] 0.653668974012564
[10.579938457048582, 2, 0, 0, 1] 0.814969814814947
[12.358239069645998, 2, 0, 0, 1] 0.181580732992283
[21.809056579297074, 2, 0, 0, 1] 1.205094351709022
[41.09730076408735, 2, 0, 0, 1] 0.323912750604776
[45.31912510373304, 2, 0, 0, 1] 0.55453481026543
[44.37114769969842, 2, 0, 0, 1] 0.500507432137326
[18.04806149970727, 2, 0, 0, 1] 1.016160467989148
[30.48960519429849, 2, 0, 0, 1] 0.664654008276441
[4.97273697305729, 2, 0, 0, 1] 0.201735395524351
[9.69192431721368, 2, 0, 0, 1] 0.227842093245535
[27.992034965749134, 2, 0, 0, 1] 0.332705050946027
[39.24957914227259, 2, 0, 0, 1] 1.870990368755566
[47.62609393074099, 2, 0, 0, 1] 3.21055807840677
[28.75991135012011, 2, 0, 0, 1] 0.388744957858092
[6.464097399286889, 2, 0, 0, 1] 0.227246077378853
[1.719439881618856, 2, 0, 0, 1] 0.033842360195198
[24.958572399241202, 2, 0, 0, 1] 0.079000304510607
[27.85910489499393, 2, 0, 0, 1] 0.32289089060965
[42.36673748591181, 2, 0, 0, 1] 0.390502208429823
[42.91006117731598, 2, 0, 0, 1] 0.419740349395444
[15.582354558819194, 2, 0, 0, 1] 0.803627135174381
[17.916381085686822, 2, 0, 0, 1] 1.004762262308156
[15.400664543386311, 2, 0, 0, 1] 0.787979758759785
[39.85300643382328, 2, 0, 0, 1] 1.962909843376069
[30.8175572930628, 2, 0, 0, 1] 0.704453919895548
[34.243528487312204, 2, 0, 0, 1] 1.148031215702219
[29.921465370015465, 2, 0, 0, 1] 0.596913449009294
[22.93001968831121, 2, 0, 0, 1] 1.462544623151134
[14.432343706173711, 2, 0, 0, 1] 0.704440612872164
[33.643729763396344, 2, 0, 0, 1] 1.066960239073298
[14.18812298169057, 2, 0, 0, 1] 0.683320620685908
[0.0652648569649028, 2, 0, 0, 1] 0.195766878047051
[10.94038663902937, 2, 0, 0, 1] 0.815825226520542
[47.14743621899522, 2, 0, 0, 1] 3.78175953123423
[38.9294736652964, 2, 0, 0, 1] 1.822595825875751
[15.178254951524705, 2, 0, 0, 1] 0.768816029917901
[25.364541490815228, 2, 0, 0, 1] 0.115848820085456
[0.4376698033538573, 2, 0, 0, 1] 0.339028400390343
[24.765670415983855, 2, 0, 0, 1] 0.06187300015423
[14.583235974646813, 2, 0, 0, 1] 0.71747846289093
[19.39689129311639, 2, 0, 0, 1] 0.641517216583341
[7.83251647061034, 2, 0, 0, 1] 0.227733474858687
[9.617555596956102, 2, 0, 0, 1] 0.227717459824608
[47.1299405864829, 2, 0, 0, 1] 3.779469310683713
[25.97560966932746, 2, 0, 0, 1] 0.180449697516536
[17.639779792409012, 2, 0, 0, 1] 0.980849259666856
[42.129752654514625, 2, 0, 0, 1] 0.377886108664002
[29.61689996824787, 2, 0, 0, 1] 0.449943486943714
[0.4478174861639206, 2, 0, 0, 1] 0.337662125529492
[10.702418104385513, 2, 0, 0, 1] 0.815883045831605
[4.9912683049583855, 2, 0, 0, 1] 0.202543712688273
[25.972997914275986, 2, 0, 0, 1] 0.180248022434268
[29.772329458846393, 2, 0, 0, 1] 0.579390773654943
[45.96065981913444, 2, 0, 0, 1] 0.591800698867397
[20.81087967793666, 2, 0, 0, 1] 0.972630441902712
[26.65104145086185, 2, 0, 0, 1] 0.232232391683211
[12.352623693075682, 2, 0, 0, 1] 0.181833150947883
[30.236035313614885, 2, 0, 0, 1] 0.634228617639337
[45.23969428730012, 2, 0, 0, 1] 0.54995987057781
[1.7271239860692233, 2, 0, 0, 1] 0.031226602236619
[47.78562385597245, 2, 0, 0, 1] 3.23711125583342
[33.94329092182066, 2, 0, 0, 1] 1.107281286043002
[9.384480726775275, 2, 0, 0, 1] 0.227403857339233
[41.61620674335488, 2, 0, 0, 1] 0.350837921284368
[15.360161519123677, 2, 0, 0, 1] 0.784490713457835
[5.685529135047118, 2, 0, 0, 1] 0.220805137754655
[32.04141986070644, 2, 0, 0, 1] 0.857287688794556
[9.247384717336265, 2, 0, 0, 1] 0.227272736160943
[4.974117233172959, 2, 0, 0, 1] 0.201796454129079
[23.803391413546642, 2, 0, 0, 1] 0.019781496310162
[26.271616519103734, 2, 0, 0, 1] 0.203235500016988
[31.984743355008927, 2, 0, 0, 1] 0.8500648870508
[30.97903204318398, 2, 0, 0, 1] 0.724233850184857
[30.67022909976768, 2, 0, 0, 1] 0.686512213817077
[40.97931342567145, 2, 0, 0, 1] 0.31784806080108
[3.9208856454452157, 2, 0, 0, 1] 0.362856569696815
[39.564342517401876, 2, 0, 0, 1] 1.918826040077763
[45.43977613710473, 2, 0, 0, 1] 0.561500522214264
[4.692390193903117, 2, 0, 0, 1] 0.185634714051071
[30.298990276191052, 2, 0, 0, 1] 0.64175386951092
[41.08973718675799, 2, 0, 0, 1] 0.323523504765378
[13.249184426399207, 2, 0, 0, 1] 0.134454563297228
[47.024583082670816, 2, 0, 0, 1] 3.765703590141243
[44.74389845641819, 2, 0, 0, 1] 0.521601355476365
[10.643935197748084, 2, 0, 0, 1] 0.815535972663541
[22.851614971272564, 2, 0, 0, 1] 1.444701408908766
[12.862548473112595, 2, 0, 0, 1] 0.156583341651538
[34.301619323863584, 2, 0, 0, 1] 1.155953669419836
[27.711178997662415, 2, 0, 0, 1] 0.311931257254336
[43.37550319985136, 2, 0, 0, 1] 2.515442358920156
[7.597049434112513, 2, 0, 0, 1] 0.22795846648471
[12.722909141894368, 2, 0, 0, 1] 0.16395932193367
[3.105800194082853, 2, 0, 0, 1] 0.041840426811843
[11.91336120206285, 2, 0, 0, 1] 0.789257252315618
[49.55532765008048, 2, 0, 0, 1] 3.533457419336266
[24.466901054221335, 2, 0, 0, 1] 0.035838854472717
[40.59358359422336, 2, 0, 0, 1] 0.298169661636571
[30.395042494518215, 2, 0, 0, 1] 0.653271644480482
[38.578124421168496, 2, 0, 0, 1] 1.769780610645094
[26.112649588005493, 2, 0, 0, 1] 0.191016136667339
[27.0597487044287, 2, 0, 0, 1] 0.263193544123895
[15.060524966802985, 2, 0, 0, 1] 0.758666942096955
[39.53016478976472, 2, 0, 0, 1] 1.913621176420233
[21.233981642091116, 2, 0, 0, 1] 1.07143008996727
[37.644350206515945, 2, 0, 0, 1] 1.631024615583547
[30.80704528310928, 2, 0, 0, 1] 0.703170450154692
[4.691088125460086, 2, 0, 0, 1] 0.185538081206252
[44.066475621036034, 2, 0, 0, 1] 0.483411628332465
[14.158050114071429, 2, 0, 0, 1] 0.680718423056208
[13.168488105396264, 2, 0, 0, 1] 0.139273963830005
[4.2865504912670325, 2, 0, 0, 1] 0.123032778182128
[1.2268111944262194, 2, 0, 0, 1] 0.032243470355934
[26.47260241009843, 2, 0, 0, 1] 0.218625485267678
[13.632679541512532, 2, 0, 0, 1] 0.635200859462437
[19.930263663476993, 2, 0, 0, 1] 0.766383509407509
[38.770055774698456, 2, 0, 0, 1] 0.208276199267755
[18.033642186275863, 2, 0, 0, 1] 1.014911827037678
[25.896453328724984, 2, 0, 0, 1] 0.174332783769384
[12.047628957044692, 2, 0, 0, 1] 0.780072695046691
[48.289426842401205, 2, 0, 0, 1] 3.321147985261539
[32.715098528133346, 2, 0, 0, 1] 0.94417546583958
[29.349228617106814, 2, 0, 0, 1] 0.430983412928736
[16.995977955440505, 2, 0, 0, 1] 0.925315314679504
[49.18722670558494, 2, 0, 0, 1] 3.471561196672045
[24.796727548631743, 2, 0, 0, 1] 0.064613758538519
[42.26386924685166, 2, 0, 0, 1] 0.385015963519897
[37.15089490415688, 2, 0, 0, 1] 1.558687671179811
[21.743436771522717, 2, 0, 0, 1] 1.189886983513198
[11.136151168416768, 2, 0, 0, 1] 0.814277162026364
[9.017063570706624, 2, 0, 0, 1] 0.416312737193884
[13.5199843186305, 2, 0, 0, 1] 0.596904564031889
[42.05577871614529, 2, 0, 0, 1] 0.373965953058272
[22.509337319022578, 2, 0, 0, 1] 1.366495105295231
[25.62523861642068, 2, 0, 0, 1] 0.153300704536023
[11.729610498788523, 2, 0, 0, 1] 0.799406233661082
[44.812922519337626, 2, 0, 0, 1] 0.525529062066187
[4.275826443082719, 2, 0, 0, 1] 0.117624500176043
[0.12118556371698008, 2, 0, 0, 1] 0.300094141052199
[36.88869584704296, 2, 0, 0, 1] 1.520542378518889
[31.990574976691537, 2, 0, 0, 1] 0.850807429333165
[7.7700620883694835, 2, 0, 0, 1] 0.227794949652408
[41.32408420487439, 2, 0, 0, 1] 0.335629751730296
[35.99694737261261, 2, 0, 0, 1] 1.392384030927766
[0.8739768030676887, 2, 0, 0, 1] 0.055334572891468
[14.697986138555091, 2, 0, 0, 1] 0.727387969194196
[36.390381869022484, 2, 0, 0, 1] 1.448621005440005
[0.9269477702527062, 2, 0, 0, 1] 0.057013314768407
[22.001744551868928, 2, 0, 0, 1] 1.249672670487625
[2.430928551157435, 2, 0, 0, 1] 0.081529842580831
[46.75487097177681, 2, 0, 0, 1] 3.066076714942936
[41.01571194215838, 2, 0, 0, 1] 0.319716169924357
[32.5781544308426, 2, 0, 0, 1] 0.926360504095512
[38.08972159974827, 2, 0, 0, 1] 1.696907182854318
[6.192265855003731, 2, 0, 0, 1] 0.225928715015481
[0.050343751216880284, 2, 0, 0, 1] 0.227801646984783
[42.72384174199497, 2, 0, 0, 1] 0.409670111680434
[24.49566321231707, 2, 0, 0, 1] 0.038318817219948
[4.176547070482278, 2, 0, 0, 1] 0.42427294359937
[42.72202728548839, 2, 0, 0, 1] 0.409572350660996
[49.05500496775445, 2, 0, 0, 1] 3.449360928985478
[39.33167600214782, 2, 0, 0, 1] 1.883443833133298
[45.515769323241386, 2, 0, 0, 1] 0.565897944954161
[43.392436279257716, 2, 0, 0, 1] 2.51815486114129
[27.677476515431565, 2, 0, 0, 1] 0.309428931090796
[8.281855933787035, 2, 0, 0, 1] 0.227323705016772
[2.9272423545390893, 2, 0, 0, 1] 0.025353233000725
[14.497040615730134, 2, 0, 0, 1] 0.710031496396433
[23.058930990765212, 2, 0, 0, 1] 1.491822114761057
[20.57589621497468, 2, 0, 0, 1] 0.917645276085317
[46.01182601843053, 2, 0, 0, 1] 0.594797077485985
[40.821913126808354, 2, 0, 0, 1] 0.309790357289394
[35.72173405960069, 2, 0, 0, 1] 1.353341767197527
[7.671819451123102, 2, 0, 0, 1] 0.227889896248897
[39.52338447554202, 2, 0, 0, 1] 1.912589774356425
[36.075207835763926, 2, 0, 0, 1] 1.403531532494068
[6.068289705385816, 2, 0, 0, 1] 0.225050207515918
[1.605030288814857, 2, 0, 0, 1] 0.077096435529624
[16.818663485651204, 2, 0, 0, 1] 0.91004117847327
[6.572205300358802, 2, 0, 0, 1] 0.22758330039077
[35.34125557843473, 2, 0, 0, 1] 1.299777748993491
[45.01378229276926, 2, 0, 0, 1] 0.536995583120613
[19.453631065940574, 2, 0, 0, 1] 0.654785477179837
[45.43651789881863, 2, 0, 0, 1] 0.561312139399687
[49.70724707911586, 2, 0, 0, 1] 3.559039000625729
[12.555402144360162, 2, 0, 0, 1] 0.172353600551059
[10.998257393478383, 2, 0, 0, 1] 0.815495295314032
[20.807920427422992, 2, 0, 0, 1] 0.971938243794566
[36.488505170625594, 2, 0, 0, 1] 1.462722645937114
[6.431352118266126, 2, 0, 0, 1] 0.227124872682714
[9.61833847162541, 2, 0, 0, 1] 0.227718727142144
[34.334161581463405, 2, 0, 0, 1] 1.160397525209159
[19.471604639535773, 2, 0, 0, 1] 0.658989343653499
[19.202002224461467, 2, 0, 0, 1] 0.59598465947904
[43.87860360597568, 2, 0, 0, 1] 2.596299910325035
[28.42517314860671, 2, 0, 0, 1] 0.426223735557792
[27.12078069719427, 2, 0, 0, 1] 0.267792148793799
[22.55305279216831, 2, 0, 0, 1] 1.37651111616617
[35.08988459726699, 2, 0, 0, 1] 1.264656777664817
[35.04296625538892, 2, 0, 0, 1] 1.258125698292118
[7.75404034697651, 2, 0, 0, 1] 0.227810122726418
[33.63477040193123, 2, 0, 0, 1] 1.065759709374104
[27.044923383018034, 2, 0, 0, 1] 0.262076700743902
[19.105492485587945, 2, 0, 0, 1] 0.573463991760874
[45.53801874499431, 2, 0, 0, 1] 0.567186856652991
[15.105011861328732, 2, 0, 0, 1] 0.76250237771028
[35.31196549198878, 2, 0, 0, 1] 1.295673915005095
[11.138250425199365, 2, 0, 0, 1] 0.814254296977706
[44.100437000736065, 2, 0, 0, 1] 0.485310902714487
[19.81795122767764, 2, 0, 0, 1] 0.312189425196921
[14.708628366134857, 2, 0, 0, 1] 0.728306625063265
[5.028018331475071, 2, 0, 0, 1] 0.20407583220385
[46.126777440154406, 2, 0, 0, 1] 0.601541993528894
[33.78273309245189, 2, 0, 0, 1] 1.085628007329075
[0.2717926281912475, 2, 0, 0, 1] 0.151674308861025
[3.641020569310366, 2, 0, 0, 1] 0.273557489316528
[17.46897322383529, 2, 0, 0, 1] 0.966100392925308
[30.096055467375894, 2, 0, 0, 1] 0.617564684250524
[24.048037774509613, 2, 0, 0, 1] 0.00036883526387
[4.8403920919550645, 2, 0, 0, 1] 0.19515920795337
[34.69057033399438, 2, 0, 0, 1] 1.209315316494011
[19.554854217692156, 2, 0, 0, 1] 0.678466859640839
[28.106058894273232, 2, 0, 0, 1] 0.341097204377331
[45.16629828635686, 2, 0, 0, 1] 0.545740146055846
[28.080903045336065, 2, 0, 0, 1] 0.33924790613732
[44.29978490597725, 2, 0, 0, 1] 0.496491156973118
[7.340160698853976, 2, 0, 0, 1] 0.228149435819124
[26.15369443001513, 2, 0, 0, 1] 0.19417534735267
[18.770726983993825, 2, 0, 0, 1] 0.495524216784553
[8.688791840252563, 2, 0, 0, 1] 0.227117112700737
[31.677493708105114, 2, 0, 0, 1] 0.811149955684219
[24.162718212260664, 2, 0, 0, 1] 0.009959270982939
[45.97459103022863, 2, 0, 0, 1] 0.5926154480839
[46.44394996959759, 2, 0, 0, 1] 3.690675752228609
[18.22511799715768, 2, 0, 0, 1] 0.435844692093627
[49.88036053738988, 2, 0, 0, 1] 3.588214603509962
[5.6848305419496095, 2, 0, 0, 1] 0.22079476935378
[43.34926131834303, 2, 0, 0, 1] 0.443693837279832
[2.116955031050516, 2, 0, 0, 1] 0.060673014062098
[7.744166403042874, 2, 0, 0, 1] 0.227820502154886
[20.55263194660459, 2, 0, 0, 1] 0.912198574995263
[36.1733396190591, 2, 0, 0, 1] 1.417536704793148
[31.27582229420774, 2, 0, 0, 1] 0.760899480926104
[2.7028303487674377, 2, 0, 0, 1] 0.068504267032227
[14.1397291169978, 2, 0, 0, 1] 0.679132966523382
[47.837987746893, 2, 0, 0, 1] 3.245832016862508
[48.8661225418084, 2, 0, 0, 1] 3.417672418600468
[40.19848711017157, 2, 0, 0, 1] 0.278251684071946
[48.52018235610668, 2, 0, 0, 1] 3.359730253003964
[14.838139908575071, 2, 0, 0, 1] 0.739484939008711
[26.197302762357346, 2, 0, 0, 1] 0.197528376240324
[10.09503983107351, 2, 0, 0, 1] 0.228724427842477
[47.362746000014226, 2, 0, 0, 1] 5.181933435597242
[32.367493817999986, 2, 0, 0, 1] 0.899106903049312
[3.5584583843156214, 2, 0, 0, 1] 0.242345628295084
[34.13213569617643, 2, 0, 0, 1] 1.132873595877008
[21.10661071983872, 2, 0, 0, 1] 1.04172082602088
[17.831555570136672, 2, 0, 0, 1] 0.997424657375573
[12.977407391710805, 2, 0, 0, 1] 0.15026684203115
[27.79289242171636, 2, 0, 0, 1] 0.31799035369045
[35.93999259466932, 2, 0, 0, 1] 1.38428449858056
[27.62348000192255, 2, 0, 0, 1] 0.305414516299044
[0.24616625063638709, 2, 0, 0, 1] 0.133918362185361
[2.2743150069784335, 2, 0, 0, 1] 0.076733409021372
[11.148277036270049, 2, 0, 0, 1] 0.814142732516156
[23.786699111841124, 2, 0, 0, 1] 0.02114102895829
[9.953540944367955, 2, 0, 0, 1] 0.228374854592877
[17.28375034144528, 2, 0, 0, 1] 0.950119954433152
[37.257728075291894, 2, 0, 0, 1] 1.574288740907503
[19.638170286003998, 2, 0, 0, 1] 0.32646240527441
[12.757869292479768, 2, 0, 0, 1] 0.162144034444155
[24.72115812788799, 2, 0, 0, 1] 0.05795601669778
[45.772706454427734, 2, 0, 0, 1] 0.580824970266884
[1.6698149631812098, 2, 0, 0, 1] 0.051591415342024
[36.02025870513535, 2, 0, 0, 1] 1.395703104088234
[9.37997674831627, 2, 0, 0, 1] 0.227397278923302
[12.623592328997146, 2, 0, 0, 1] 0.168996787248637
[20.13131146272922, 2, 0, 0, 1] 0.813495378589631
[28.117714512966895, 2, 0, 0, 1] 0.34195355162136
[12.788149455407527, 2, 0, 0, 1] 0.160553806775801
[10.750268382283007, 2, 0, 0, 1] 0.816053781001034
[0.2215657634480228, 2, 0, 0, 1] 0.130333902580934
[1.5510061762110838, 2, 0, 0, 1] 0.100512727724671
[44.299731046741094, 2, 0, 0, 1] 0.496488127677221
[2.437498092150603, 2, 0, 0, 1] 0.081528141832633
[38.12365678546602, 2, 0, 0, 1] 1.70194980777271
[6.849946683071634, 2, 0, 0, 1] 0.228087623053219
[39.30222291784085, 2, 0, 0, 1] 1.878974072032067
[11.750717933585037, 2, 0, 0, 1] 0.798383552360967
[45.72885640874782, 2, 0, 0, 1] 0.578271161701406
[48.95479247797083, 2, 0, 0, 1] 0.772825257971344
[3.8248752774796224, 2, 0, 0, 1] 0.335011280195138
[3.586553925683517, 2, 0, 0, 1] 0.253218230361585
[9.46836172871594, 2, 0, 0, 1] 0.227503522136687
[42.48726762017338, 2, 0, 0, 1] 0.396950675699001
[29.03722043553671, 2, 0, 0, 1] 0.408704985820177
[14.119813337837323, 2, 0, 0, 1] 0.677410201128257
[30.497101332310717, 2, 0, 0, 1] 0.665558081355792
[20.445259898922263, 2, 0, 0, 1] 0.88705333690184
[8.067914023262567, 2, 0, 0, 1] 0.227505367763883
[3.475052641723458, 2, 0, 0, 1] 0.208575304990776
[2.006599907904855, 2, 0, 0, 1] 0.042274429876999
[22.689201729877173, 2, 0, 0, 1] 1.407653458505383
[48.495305152473485, 2, 0, 0, 1] 3.355568429281277
[21.558630895057806, 2, 0, 0, 1] 1.146992853409404
[37.997705286561455, 2, 0, 0, 1] 1.683250133838577
[25.443707668885633, 2, 0, 0, 1] 0.123159444326031
[25.420771120953606, 2, 0, 0, 1] 0.121037196271358
[18.977666782281865, 2, 0, 0, 1] 0.543668833454865
[27.061376765516982, 2, 0, 0, 1] 0.26331635379319
[1.8554880918337735, 2, 0, 0, 1] 0.007549007218144
[1.0057069151241382, 2, 0, 0, 1] 0.054765595187764
[9.749813848755906, 2, 0, 0, 1] 0.22794692392934
[19.2008533552733, 2, 0, 0, 1] 0.595716408013686
[42.22840107313951, 2, 0, 0, 1] 0.383127887319979
[16.7215718229704, 2, 0, 0, 1] 0.901680862395099
[14.146122445811365, 2, 0, 0, 1] 0.679686272363868
[3.608340650142078, 2, 0, 0, 1] 0.261472162803121
[272.7037435546813, 2, 0, 0, 1] 35.5418083718419
[530.000548428239, 2, 0, 0, 1] 38.92248514648706
[804.6469498928755, 2, 0, 0, 1] 226.01913943092117
[940.348360725953, 2, 0, 0, 1] 67.03123150061559
[726.7895047933733, 2, 0, 0, 1] 52.229785094499455
[682.4174185366021, 2, 0, 0, 1] 49.18268301254474
[134.6945117134348, 2, 0, 0, 1] 37.83441257860448
[339.5182114036219, 2, 0, 0, 1] 37.923111480680724
[71.85199683321434, 2, 0, 0, 1] 9.135542344801811
[961.3090064917917, 2, 0, 0, 1] 279.61702460255896
[956.8205000960882, 2, 0, 0, 1] 278.0851057261393
[122.80703162560691, 2, 0, 0, 1] 31.14001567965902
[812.4104325103497, 2, 0, 0, 1] 228.67996237098023
[532.9345684842634, 2, 0, 0, 1] 39.11425458471264
[498.456334095734, 2, 0, 0, 1] 36.89027183873949
[187.01544218354556, 2, 0, 0, 1] 7.668248376578243
[816.4713512262847, 2, 0, 0, 1] 230.07154656289373
[287.5216128581169, 2, 0, 0, 1] 11.531776306706185
[373.36084442946805, 2, 0, 0, 1] 36.249758089736524
[976.3448917202826, 2, 0, 0, 1] 69.53906371137026
[91.1032335930739, 2, 0, 0, 1] 10.719953910804506
[434.3344522980953, 2, 0, 0, 1] 33.11470115710579
[478.7225202313999, 2, 0, 0, 1] 35.65733435286356
[720.2862407567425, 2, 0, 0, 1] 51.78234562784679
[893.9514826604252, 2, 0, 0, 1] 63.80300405792759
[429.70195934309305, 2, 0, 0, 1] 32.88546204360138
[909.5712565104792, 2, 0, 0, 1] 35.789160355622776
[436.141524530005, 2, 0, 0, 1] 33.20706164579105
[758.4969117462005, 2, 0, 0, 1] 54.415445686686624
[486.34135072335283, 2, 0, 0, 1] 36.12878828914625
[431.6987246771419, 2, 0, 0, 1] 32.982874839727046
[225.05995796216382, 2, 0, 0, 1] 57.18784746781794
[437.55164326194466, 2, 0, 0, 1] 33.280125472258824
[866.9558483848649, 2, 0, 0, 1] 34.11796262850156
[751.9163933562482, 2, 0, 0, 1] 53.96134221933937
[981.4109776581956, 2, 0, 0, 1] 38.60753855691145
[125.47896392184506, 2, 0, 0, 1] 32.62315525927709
[906.1085078748612, 2, 0, 0, 1] 64.64839227858496
[54.67132834344014, 2, 0, 0, 1] 1.14612071879846
[149.38115342116316, 2, 0, 0, 1] 6.191029655830794
[842.0208190577184, 2, 0, 0, 1] 60.196289778830824
[108.25087795770165, 2, 0, 0, 1] 23.577565265874785
[268.82473197349543, 2, 0, 0, 1] 10.812830007041331
[389.3055438007168, 2, 0, 0, 1] 32.84392627076183
[391.07752997272746, 2, 0, 0, 1] 32.525504636504486
[803.974567016801, 2, 0, 0, 1] 225.78863559921555
[98.6126638989688, 2, 0, 0, 1] 19.122307125281836
[379.43126228801293, 2, 0, 0, 1] 35.381586192884136
[278.57020044593037, 2, 0, 0, 1] 35.961772325631266
[718.7651507219936, 2, 0, 0, 1] 51.67765307014264
[92.42166768711132, 2, 0, 0, 1] 16.270427566299634
[852.7092146600568, 2, 0, 0, 1] 60.93797730156094
[579.2383347811417, 2, 0, 0, 1] 42.1826374509598
[160.9599760063057, 2, 0, 0, 1] 6.651845737533057
[775.5611505018219, 2, 0, 0, 1] 216.04825802210934
[926.9928010692635, 2, 0, 0, 1] 267.8984200865387
[750.0690563967908, 2, 0, 0, 1] 53.83390810104941
[660.7170413860304, 2, 0, 0, 1] 47.69869343026341
[125.24216724661034, 2, 0, 0, 1] 32.49088006035248
[170.57950750923692, 2, 0, 0, 1] 23.805362555710012
[404.35542339679705, 2, 0, 0, 1] 31.999360549504697
[558.5780901517012, 2, 0, 0, 1] 40.80505664777159
[726.8107248921096, 2, 0, 0, 1] 52.23124764655818
[746.7452384718606, 2, 0, 0, 1] 29.407258945868342
[975.7530878149571, 2, 0, 0, 1] 38.385530483406384
[931.1771716768229, 2, 0, 0, 1] 66.3927719823879
[530.8215383023112, 2, 0, 0, 1] 38.97611027530144
[333.3238831816087, 2, 0, 0, 1] 37.95538730748645
[86.63544435230418, 2, 0, 0, 1] 9.946119310651822
[622.6434120101791, 2, 0, 0, 1] 45.108055177736325
[121.78866522764088, 2, 0, 0, 1] 30.580802365150564
[347.7782811077936, 2, 0, 0, 1] 37.77833639607951
[424.9471553486794, 2, 0, 0, 1] 32.66354095528121
[530.912639130659, 2, 0, 0, 1] 38.98206267572115
[954.8931493129935, 2, 0, 0, 1] 68.04424060153822
[536.3975801962065, 2, 0, 0, 1] 39.341114760214424
[343.6687501435141, 2, 0, 0, 1] 37.86570837848149
[92.45671931856221, 2, 0, 0, 1] 16.29000428165598
[682.4978468394909, 2, 0, 0, 1] 49.18819283012879
[940.6476639134494, 2, 0, 0, 1] 67.05210754634803
[727.1686061931367, 2, 0, 0, 1] 52.255917011670725
[485.2535897146801, 2, 0, 0, 1] 36.06109239256495
[680.2372793883173, 2, 0, 0, 1] 49.03338881178898
[351.06247814779556, 2, 0, 0, 1] 37.68491824415158
[878.1754946750012, 2, 0, 0, 1] 7.785989259107632
[507.5885917457709, 2, 0, 0, 1] 37.47219753799488
[528.9020181799093, 2, 0, 0, 1] 38.85078086348789
[850.3358902702447, 2, 0, 0, 1] 60.77328002815991
[334.9164703813331, 2, 0, 0, 1] 37.95294478285382
[284.6812750292869, 2, 0, 0, 1] 36.36142591282566
[883.6957535278875, 2, 0, 0, 1] 34.77437419299783
[756.0184988370291, 2, 0, 0, 1] 54.24449854088499
[994.2508275732607, 2, 0, 0, 1] 39.11140522574196
[796.4628858733446, 2, 0, 0, 1] 223.21379811854564
[485.11565580302164, 2, 0, 0, 1] 36.05251683174716
[65.71437029959644, 2, 0, 0, 1] 1.921271749198218
[62.27289312621439, 2, 0, 0, 1] 1.677161075551836
[849.3884297702695, 2, 0, 0, 1] 33.42920082766569
[759.6020500119392, 2, 0, 0, 1] 54.49171216311497
[685.7331635643965, 2, 0, 0, 1] 49.40983666274763
[128.17138051245036, 2, 0, 0, 1] 34.1362437407584
[224.48639915095148, 2, 0, 0, 1] 57.18433318365886
[884.4424346088439, 2, 0, 0, 1] 34.80365018661886
[146.87328421599327, 2, 0, 0, 1] 20.146300839723988
[741.2248544428561, 2, 0, 0, 1] 29.191096691336053
[202.0376173563292, 2, 0, 0, 1] 56.869208143134685
[230.34586371440224, 2, 0, 0, 1] 57.21879872310249
[531.7493855035776, 2, 0, 0, 1] 39.036739173412634
[391.0326981247376, 2, 0, 0, 1] 32.53212025349215
[540.4270187496804, 2, 0, 0, 1] 39.60570934463145
[876.523746715741, 2, 0, 0, 1] 62.59175066648128
[678.6530253691817, 2, 0, 0, 1] 48.92492994984596
[960.5654442632248, 2, 0, 0, 1] 68.43939277177745
[378.4189433793174, 2, 0, 0, 1] 35.556426189574154
[727.0588961441917, 2, 0, 0, 1] 52.248334804998805
[168.48250899020292, 2, 0, 0, 1] 23.49373843768391
[774.4962605186498, 2, 0, 0, 1] 215.68316707647494
[810.6953412304479, 2, 0, 0, 1] 228.09217400796393
[725.9742697077537, 2, 0, 0, 1] 52.173672620587325
[106.90191556277955, 2, 0, 0, 1] 22.92896689117597
[317.428026454242, 2, 0, 0, 1] 37.7735115961389
[133.87902880761476, 2, 0, 0, 1] 37.37243539439348
[255.72794291078125, 2, 0, 0, 1] 57.39629016735793
[654.0522732962835, 2, 0, 0, 1] 47.24389509481928
[857.7951594548114, 2, 0, 0, 1] 61.2910312895883
[882.1343329607664, 2, 0, 0, 1] 62.981584733188015
[55.45355921109003, 2, 0, 0, 1] 1.199438386104529
[229.42864908412184, 2, 0, 0, 1] 57.21350758768476
[820.1211833088747, 2, 0, 0, 1] 231.32248476886943
[916.3500617814084, 2, 0, 0, 1] 65.36084912610633
[712.3173664110333, 2, 0, 0, 1] 51.23432168170839
[348.7896226587278, 2, 0, 0, 1] 37.751889579498325
[862.0561323097916, 2, 0, 0, 1] 61.586839891951215
[880.9338659747299, 2, 0, 0, 1] 62.89818394631067
[767.1798970998427, 2, 0, 0, 1] 55.014937840012315
[271.03417804013486, 2, 0, 0, 1] 35.41598609511845
[650.0324042173022, 2, 0, 0, 1] 46.96984885168554
[56.372941609296724, 2, 0, 0, 1] 1.262631782165226
[126.20176385114837, 2, 0, 0, 1] 33.027791961175794
[282.3762886032374, 2, 0, 0, 1] 36.21532521780848
[891.394944554867, 2, 0, 0, 1] 35.07629422975084
[657.1241635677977, 2, 0, 0, 1] 6.173885832311045
[243.11912247754182, 2, 0, 0, 1] 57.30021969528867
[344.74127126828984, 2, 0, 0, 1] 37.84592785492418
[284.1949743848231, 2, 0, 0, 1] 36.33107768122502
[312.6793820778687, 2, 0, 0, 1] 37.65103153728242
[57.390451687312705, 2, 0, 0, 1] 1.333156070395247
[964.5658007808378, 2, 0, 0, 1] 37.94656503462993
[916.3296821886622, 2, 0, 0, 1] 65.35945207939213
[844.7986979630185, 2, 0, 0, 1] 60.38902084562494
[121.90633634744425, 2, 0, 0, 1] 30.645230220119206
[131.61640657737172, 2, 0, 0, 1] 36.088255045044825
[529.7953027748333, 2, 0, 0, 1] 38.90908385817605
[355.7857040092805, 2, 0, 0, 1] 37.50992290347559
[902.6153603382172, 2, 0, 0, 1] 64.40548840474409
[758.7894241022863, 2, 0, 0, 1] 54.435617510344265
[187.08007859466383, 2, 0, 0, 1] 7.670748405567622
[148.1577976026419, 2, 0, 0, 1] 20.351840734087492
[752.3778596532625, 2, 0, 0, 1] 53.99317869833548
[95.9954254155103, 2, 0, 0, 1] 17.959435132244952
[181.44071279942185, 2, 0, 0, 1] 7.452321821542118
[151.85228536639448, 2, 0, 0, 1] 20.938630181700347
[929.7931007643849, 2, 0, 0, 1] 268.85517754476416
[678.4339935593024, 2, 0, 0, 1] 48.90993511059063
[996.8241041290911, 2, 0, 0, 1] 20.332914906382445
[753.9961009246307, 2, 0, 0, 1] 54.104835481485274
[827.0485579767618, 2, 0, 0, 1] 233.69628568818274
[543.782277567752, 2, 0, 0, 1] 39.82650105582548
[574.7532706653027, 2, 0, 0, 1] 5.56921262073245
[256.8401888807292, 2, 0, 0, 1] 34.23950672490174
[916.089489921562, 2, 0, 0, 1] 65.34273755973786
[251.88706613945976, 2, 0, 0, 1] 57.366907640798864
[470.2461257508603, 2, 0, 0, 1] 35.14115278410612
[61.366933918491476, 2, 0, 0, 1] 1.6128984557852
[582.815621144647, 2, 0, 0, 1] 5.628558139621259
[101.67851167424186, 2, 0, 0, 1] 20.498771813720758
[672.2298226985242, 2, 0, 0, 1] 48.4854061387385
[210.66973252951283, 2, 0, 0, 1] 57.05590863961947
[448.34526524463945, 2, 0, 0, 1] 33.864103705653335
[955.0704411774575, 2, 0, 0, 1] 68.05659163830421
[439.66463369349617, 2, 0, 0, 1] 33.39117456305057
[818.8546903620205, 2, 0, 0, 1] 230.88843011042437
[959.6403579908415, 2, 0, 0, 1] 68.37495087919295
[115.6597561941379, 2, 0, 0, 1] 4.767413417345272
[848.628996587213, 2, 0, 0, 1] 60.65481089689383
[536.4175361189023, 2, 0, 0, 1] 39.3424234662347
[862.9212288981752, 2, 0, 0, 1] 61.646936690647756
[465.89257193934316, 2, 0, 0, 1] 34.88005937246061
[105.19213274452494, 2, 0, 0, 1] 22.11971900802455
[548.0500424934373, 2, 0, 0, 1] 40.10797684456914
[921.3650989356516, 2, 0, 0, 1] 65.7098320967741
[906.2596883378964, 2, 0, 0, 1] 64.6589393996936
[808.5887784530072, 2, 0, 0, 1] 227.37036824633702
[397.4442786798166, 2, 0, 0, 1] 32.042749408219564
[913.8421838291679, 2, 0, 0, 1] 65.18639829845664
[447.48405732234147, 2, 0, 0, 1] 33.81612547306784
[834.4586276204054, 2, 0, 0, 1] 236.234940101724
[325.4834652412824, 2, 0, 0, 1] 37.911120598503715
[887.5711677487432, 2, 0, 0, 1] 63.35946738204511
[811.7595470132928, 2, 0, 0, 1] 228.45687859947756
