[10.26350193933429, 3, 0, 0, 1] 0.061759576492686
[5.45312868588193, 3, 0, 0, 1] 0.008358345883698
[11.627346008000854, 3, 0, 0, 1] 0.057116940345391
[44.0106586399304, 3, 0, 0, 1] 0.253561603555351
[17.600610970112346, 3, 0, 0, 1] 0.217288608392352
[2.8703163354039662, 3, 0, 0, 1] 0.011119546428957
[21.69714600479566, 3, 0, 0, 1] 0.106798641269549
[32.38815249564585, 3, 0, 0, 1] 0.200282899056947
[41.568655038392386, 3, 0, 0, 1] 0.240593076139472
[31.008293695542044, 3, 0, 0, 1] 0.189114731590659
[30.327138182383507, 3, 0, 0, 1] 0.183538964152544
[11.372590185467807, 3, 0, 0, 1] 0.065160774814956
[44.48159093666532, 3, 0, 0, 1] 0.285342756779049
[1.9937550785190772, 3, 0, 0, 1] 0.000329343077272
[17.593791682325953, 3, 0, 0, 1] 0.217100735283089
[41.45688750167687, 3, 0, 0, 1] 0.239990022486106
[47.97683835680404, 3, 0, 0, 1] 0.304711402762223
[8.164823725195536, 3, 0, 0, 1] 0.008565803541008
[38.1865363747176, 3, 0, 0, 1] 0.222369787439317
[18.791854803876536, 3, 0, 0, 1] 0.248660051007141
[6.1345897156127815, 3, 0, 0, 1] 0.002480534279056
[32.93767641460651, 3, 0, 0, 1] 0.204670735064344
[15.949837284952057, 3, 0, 0, 1] 0.16873364001682
[39.711304643915454, 3, 0, 0, 1] 0.254901052628274
[0.3535653483627388, 3, 0, 0, 1] 0.287123676060941
[27.244109183943703, 3, 0, 0, 1] 0.15803963392033
[15.196112779029807, 3, 0, 0, 1] 0.036100105354538
[0.4743343577537473, 3, 0, 0, 1] 0.023735921807753
[40.0047943771855, 3, 0, 0, 1] 0.23211318092367
[0.7319193789488809, 3, 0, 0, 1] 0.017972232358235
[14.125835303401496, 3, 0, 0, 1] 0.03709348491407
[0.07411305867002782, 3, 0, 0, 1] 0.309163101382829
[3.733610435247803, 3, 0, 0, 1] 0.006267217928124
[25.5549510680704, 3, 0, 0, 1] 0.143217268536368
[26.729863978798534, 3, 0, 0, 1] 0.153622025236818
[18.7831613834606, 3, 0, 0, 1] 0.24844105855597
[16.519165680770964, 3, 0, 0, 1] 0.186208356692989
[36.399074107049834, 3, 0, 0, 1] 0.231303317428309
[19.148367280844703, 3, 0, 0, 1] 0.269013434754927
[1.4253418649422644, 3, 0, 0, 1] 0.010617669676446
[43.82041458112427, 3, 0, 0, 1] 0.252567596050729
[49.28165967665903, 3, 0, 0, 1] 0.31091971497376
[0.9510515093775818, 3, 0, 0, 1] 0.013711409600116
[27.891723156195564, 3, 0, 0, 1] 0.163479182010066
[26.848124286967646, 3, 0, 0, 1] 0.154645523744465
[35.669574125266706, 3, 0, 0, 1] 0.225848419869147
[40.01740279374609, 3, 0, 0, 1] 0.232181737141927
[42.002876878215005, 3, 0, 0, 1] 0.242929278467803
[13.123474572124344, 3, 0, 0, 1] 0.091462631840872
[8.113396438948245, 3, 0, 0, 1] 0.010119057924512
[24.932904627902808, 3, 0, 0, 1] 0.137545978645625
[45.983319527951366, 3, 0, 0, 1] 0.294010498233075
[25.227580238134756, 3, 0, 0, 1] 0.140245656529202
[44.29811111407483, 3, 0, 0, 1] 0.284252084645722
[35.40140840756526, 3, 0, 0, 1] 0.223820909350363
[32.5222432806534, 3, 0, 0, 1] 0.201357055885028
[19.601254295305537, 3, 0, 0, 1] 0.268457072795268
[25.991755284088807, 3, 0, 0, 1] 0.147134416379072
[31.207745523567038, 3, 0, 0, 1] 0.190740593469048
[43.37716916316964, 3, 0, 0, 1] 0.250240411757799
[25.3545067067216, 3, 0, 0, 1] 0.141401326530506
[30.277250850136433, 3, 0, 0, 1] 0.183129390115869
[13.678012725023054, 3, 0, 0, 1] 0.060173848335852
[49.75625719783427, 3, 0, 0, 1] 0.282016022655665
[18.679161834219432, 3, 0, 0, 1] 0.211403413269433
[8.845188698549716, 3, 0, 0, 1] 0.015009865446191
[1.036291088777913, 3, 0, 0, 1] 0.014174367051094
[40.21866093069422, 3, 0, 0, 1] 0.233275868450404
[14.695776200266014, 3, 0, 0, 1] 0.005713499586171
[22.18636659093246, 3, 0, 0, 1] 0.211701843310654
[21.269608193417618, 3, 0, 0, 1] 0.312068187212962
[21.532014318468878, 3, 0, 0, 1] 0.105188836169273
[39.849341308577834, 3, 0, 0, 1] 0.231267949308327
[45.59424684848376, 3, 0, 0, 1] 0.291810187408456
[5.92452360692165, 3, 0, 0, 1] 0.001652188432848
[33.15532967951442, 3, 0, 0, 1] 0.206397908171335
[18.49455150561799, 3, 0, 0, 1] 0.20608413392072
[29.447508557835555, 3, 0, 0, 1] 0.176300647355192
[36.02598292011282, 3, 0, 0, 1] 0.228524669380832
[33.61017300942556, 3, 0, 0, 1] 0.209986447369933
[11.151044319200293, 3, 0, 0, 1] 0.071550598315924
[1.432578671691953, 3, 0, 0, 1] 0.010710099421643
[43.954456551652314, 3, 0, 0, 1] 0.253268165752781
[18.881013360825342, 3, 0, 0, 1] 0.262781400133
[19.395067612149226, 3, 0, 0, 1] 0.274595995280218
[26.74690781951196, 3, 0, 0, 1] 0.153769808694324
[24.71701432303761, 3, 0, 0, 1] 0.135553896315305
[11.181499667203177, 3, 0, 0, 1] 0.070755635087149
[41.71065765701082, 3, 0, 0, 1] 0.241358298730503
[4.453706726432582, 3, 0, 0, 1] 0.007011443271882
[17.83106905331657, 3, 0, 0, 1] 0.223579982635183
[42.012738697316436, 3, 0, 0, 1] 0.242982254470988
[17.66766152849269, 3, 0, 0, 1] 0.219130504992035
[10.351474974356083, 3, 0, 0, 1] 0.064450516561228
[38.1603623681726, 3, 0, 0, 1] 0.222235600211394
[25.046142006550376, 3, 0, 0, 1] 0.138586114386288
[7.917927615438758, 3, 0, 0, 1] 0.015438117077842
[8.828312366567248, 3, 0, 0, 1] 0.014400724026796
[47.12681321315769, 3, 0, 0, 1] 0.30027701827994
[12.810970230195828, 3, 0, 0, 1] 0.01752303667607
[3.0187316169071776, 3, 0, 0, 1] 0.012171446001485
[29.804708717038448, 3, 0, 0, 1] 0.179243573840008
[21.396407088629825, 3, 0, 0, 1] 0.157446341753729
[48.222776061961206, 3, 0, 0, 1] 0.305950035277582
[23.159492635637303, 3, 0, 0, 1] 0.3382837198631
[6.4739387796225065, 3, 0, 0, 1] 0.012244889741972
[7.539245160659585, 3, 0, 0, 1] 0.022283736174441
[36.97492055084825, 3, 0, 0, 1] 0.235545237792541
[10.843934081619588, 3, 0, 0, 1] 0.075834548014707
[44.39477050725536, 3, 0, 0, 1] 0.284827433333566
[3.7596294492647564, 3, 0, 0, 1] 0.00576057996696
[41.67692774459288, 3, 0, 0, 1] 0.241176632259921
[44.03576170943211, 3, 0, 0, 1] 0.282681217106615
[37.10175922095152, 3, 0, 0, 1] 0.236471865770309
[3.7655905166340817, 3, 0, 0, 1] 0.005643287451798
[49.80586083428905, 3, 0, 0, 1] 0.282247930814769
[30.768735940513785, 3, 0, 0, 1] 0.18715757974582
[44.317529564669975, 3, 0, 0, 1] 0.284367819865946
[39.41410217905959, 3, 0, 0, 1] 0.228906571242012
[28.50081839775968, 3, 0, 0, 1] 0.168496181509778
[22.42202134066053, 3, 0, 0, 1] 0.22771097437433
[23.60086164316605, 3, 0, 0, 1] 0.341147564638927
[43.89499615332754, 3, 0, 0, 1] 0.252957582096435
[21.04715448337125, 3, 0, 0, 1] 0.131658247634454
[25.638914958059328, 3, 0, 0, 1] 0.143974549511876
[31.799277123972352, 3, 0, 0, 1] 0.195540864666724
[37.109544728492914, 3, 0, 0, 1] 0.236528705041975
[27.66182931978356, 3, 0, 0, 1] 0.161564200569887
[2.995751396632329, 3, 0, 0, 1] 0.012045646382229
[38.70392404299187, 3, 0, 0, 1] 0.225086421194685
[10.94825121558265, 3, 0, 0, 1] 0.075407737999869
[1.769326710093455, 3, 0, 0, 1] 0.005466268213208
[30.00398713089799, 3, 0, 0, 1] 0.180883544776429
[25.95612020957519, 3, 0, 0, 1] 0.146816962063775
[31.841756867947623, 3, 0, 0, 1] 0.195884252715753
[30.980849470810192, 3, 0, 0, 1] 0.188890750324434
[23.20641937704841, 3, 0, 0, 1] 0.338675864546207
[25.706630851742617, 3, 0, 0, 1] 0.144583802874904
[14.394035930725652, 3, 0, 0, 1] 0.023731805900412
[33.204122067457945, 3, 0, 0, 1] 0.206784238420728
[39.08761959787707, 3, 0, 0, 1] 0.227142730682686
[27.916533573274066, 3, 0, 0, 1] 0.163684790866398
[23.33750287901122, 3, 0, 0, 1] 0.339667126106957
[15.469615755759868, 3, 0, 0, 1] 0.045045672511654
[21.003824935180297, 3, 0, 0, 1] 0.12832573879719
[14.639567496715216, 3, 0, 0, 1] 0.010027633049116
[20.078921124231787, 3, 0, 0, 1] 0.04115282247372
[9.970294246712946, 3, 0, 0, 1] 0.052745362586211
[47.833174455288535, 3, 0, 0, 1] 0.303977819233163
[30.583672579337843, 3, 0, 0, 1] 0.1856427053272
[4.430207198739156, 3, 0, 0, 1] 0.00669528567386
[9.810602510195688, 3, 0, 0, 1] 0.047765767448407
[43.95564392079502, 3, 0, 0, 1] 0.253274359356443
[35.4639582742876, 3, 0, 0, 1] 0.224294874648061
[21.448165094858172, 3, 0, 0, 1] 0.161134793610531
[31.284688848693715, 3, 0, 0, 1] 0.191366890006419
[15.892955702966367, 3, 0, 0, 1] 0.166942661364751
[27.309813155004715, 3, 0, 0, 1] 0.158597844219221
[40.196782888590306, 3, 0, 0, 1] 0.233156957747334
[27.267369862706364, 3, 0, 0, 1] 0.158237410323143
[39.28254058090252, 3, 0, 0, 1] 0.251957395706253
[21.048013679100176, 3, 0, 0, 1] 0.131723984699195
[28.749289867286638, 3, 0, 0, 1] 0.170543562844156
[21.495976574561066, 3, 0, 0, 1] 0.310677962731268
[16.278388569145463, 3, 0, 0, 1] 0.178916637195442
[38.16548550305493, 3, 0, 0, 1] 0.222261974842037
[31.66849435395673, 3, 0, 0, 1] 0.194482557072202
[10.061149998311103, 3, 0, 0, 1] 0.055549160903628
[12.804374344125053, 3, 0, 0, 1] 0.01743421309223
[44.48108535051279, 3, 0, 0, 1] 0.285339761867766
[17.625956272317712, 3, 0, 0, 1] 0.217985973535889
[2.692374947671483, 3, 0, 0, 1] 0.009374221439297
[39.446095144046, 3, 0, 0, 1] 0.229079821814705
[37.42986999320358, 3, 0, 0, 1] 0.218775093942323
[49.25816108274035, 3, 0, 0, 1] 0.310819726219467
[12.2629745512411, 3, 0, 0, 1] 0.054094072784389
[3.1877011666607, 3, 0, 0, 1] 0.012541352372502
[35.933372717397155, 3, 0, 0, 1] 0.227831307534184
[47.56940071127273, 3, 0, 0, 1] 0.302613023068602
[17.374163573024553, 3, 0, 0, 1] 0.210997046306018
[45.63470262519097, 3, 0, 0, 1] 0.292040458309511
[42.65162654760981, 3, 0, 0, 1] 0.246397359186942
[20.879532852626596, 3, 0, 0, 1] 0.118561555986866
[20.091075017803707, 3, 0, 0, 1] 0.042759532412033
[47.74192850183663, 3, 0, 0, 1] 0.303508135093651
[14.457495691290228, 3, 0, 0, 1] 0.020477830023247
[13.88113539853596, 3, 0, 0, 1] 0.049483360411176
[35.469501772453825, 3, 0, 0, 1] 0.224336819866402
[40.43379224553479, 3, 0, 0, 1] 0.101275195096516
[21.657570026440492, 3, 0, 0, 1] 0.106413406313475
[43.13609537748667, 3, 0, 0, 1] 0.248968012388497
[48.512773635191905, 3, 0, 0, 1] 0.307378856091811
[44.06684914895719, 3, 0, 0, 1] 0.282868104279888
[23.505952557576514, 3, 0, 0, 1] 0.340696674357702
[31.095301848703187, 3, 0, 0, 1] 0.189824418323776
[39.64708057643788, 3, 0, 0, 1] 0.254462262606446
[42.181973739192536, 3, 0, 0, 1] 0.243889615730032
[29.540802257310673, 3, 0, 0, 1] 0.177069591073235
[48.77145828970619, 3, 0, 0, 1] 0.308618432086364
[48.83096231250025, 3, 0, 0, 1] 0.308897801959105
[5.475854522603774, 3, 0, 0, 1] 0.008127763044541
[30.287164965128305, 3, 0, 0, 1] 0.183210796151645
[19.505619253644834, 3, 0, 0, 1] 0.27704767004974
[23.01558074426063, 3, 0, 0, 1] 0.336967068474473
[8.613359294937933, 3, 0, 0, 1] 0.006646623656356
[7.618248020431445, 3, 0, 0, 1] 0.021289775217615
[43.511111012332975, 3, 0, 0, 1] 0.250945314431438
[35.45621126648476, 3, 0, 0, 1] 0.224236213975571
[4.316433016058275, 3, 0, 0, 1] 0.004998300852747
[40.98142568158064, 3, 0, 0, 1] 0.23741795811552
[10.506886269792515, 3, 0, 0, 1] 0.069128030547194
[40.62804362155228, 3, 0, 0, 1] 0.103528106310787
[6.9073499630375235, 3, 0, 0, 1] 0.023569765901016
[43.729590826942264, 3, 0, 0, 1] 0.252092048614238
[30.189358175021923, 3, 0, 0, 1] 0.182407454105268
[4.585430833893922, 3, 0, 0, 1] 0.008550519558852
[23.247691458813808, 3, 0, 0, 1] 0.339005098116879
[28.08974587019178, 3, 0, 0, 1] 0.165114468920034
[46.91469575495055, 3, 0, 0, 1] 0.2991386622147
[18.39716220626457, 3, 0, 0, 1] 0.238574343765
[14.765395871532562, 3, 0, 0, 1] 0.004861288498359
[46.00640778492444, 3, 0, 0, 1] 0.294140032444803
[45.53035899135472, 3, 0, 0, 1] 0.291445729321856
[11.20113557197549, 3, 0, 0, 1] 0.070224098425734
[21.68477016433347, 3, 0, 0, 1] 0.106678214353498
[27.633752910714765, 3, 0, 0, 1] 0.161329118529519
[39.51295539837261, 3, 0, 0, 1] 0.229442155420802
[36.755643914192184, 3, 0, 0, 1] 0.233936690687782
[5.48272134520959, 3, 0, 0, 1] 0.008056086985578
[1.9782195739057096, 3, 0, 0, 1] 1.2682171682e-05
[8.237609875634622, 3, 0, 0, 1] 0.006277884983048
[37.943223460866605, 3, 0, 0, 1] 0.067618509722585
[6.736213764174176, 3, 0, 0, 1] 0.018837007995569
[39.23633214897243, 3, 0, 0, 1] 0.227944609468499
[0.9156036504148035, 3, 0, 0, 1] 0.010737659005114
[33.76017713163528, 3, 0, 0, 1] 0.211163587130452
[4.666520853435613, 3, 0, 0, 1] 0.009293685765262
[35.88978801941404, 3, 0, 0, 1] 0.227504497236813
[16.38504355338461, 3, 0, 0, 1] 0.182164110733487
[17.02849238276869, 3, 0, 0, 1] 0.201176519569418
[1.1151597915867395, 3, 0, 0, 1] 0.008375928973183
[48.2348341485036, 3, 0, 0, 1] 0.306010161080738
[29.72474890185287, 3, 0, 0, 1] 0.178585166748827
[45.80839003867291, 3, 0, 0, 1] 0.293025249801806
[0.4920836999023348, 3, 0, 0, 1] 0.007677064372868
[47.33374830684943, 3, 0, 0, 1] 0.301376085785136
[49.292834349345924, 3, 0, 0, 1] 0.310966979462417
[36.79540909406813, 3, 0, 0, 1] 0.234229017639714
[8.776063932497902, 3, 0, 0, 1] 0.012513096578326
[44.075942862305375, 3, 0, 0, 1] 0.282922684784654
[40.44219807863465, 3, 0, 0, 1] 0.101373575678991
[42.00208177019261, 3, 0, 0, 1] 0.242925013852848
[46.42685943791292, 3, 0, 0, 1] 0.296477930222561
[23.000216227016278, 3, 0, 0, 1] 0.336816959350702
[17.29245037155015, 3, 0, 0, 1] 0.208699466497917
[16.516535149091467, 3, 0, 0, 1] 0.186129459267079
[44.19392741330475, 3, 0, 0, 1] 0.283629955736425
[37.41026474214713, 3, 0, 0, 1] 0.218700688394933
[15.132966386948887, 3, 0, 0, 1] 0.033846030886228
[38.25644004667035, 3, 0, 0, 1] 0.222731039674599
[44.461939117637314, 3, 0, 0, 1] 0.285226311457749
[27.47678317621868, 3, 0, 0, 1] 0.160009984946711
[11.391277578891485, 3, 0, 0, 1] 0.064579946131406
[48.02029719718689, 3, 0, 0, 1] 0.304931876185909
[22.730311367233874, 3, 0, 0, 1] 0.249809992327762
[25.72774102131144, 3, 0, 0, 1] 0.144773474447322
[43.936917486931094, 3, 0, 0, 1] 0.25317654959433
[2.2040124128307026, 3, 0, 0, 1] 0.003964845793942
[21.795964558772134, 3, 0, 0, 1] 0.185301337560732
[26.187974941456897, 3, 0, 0, 1] 0.148875531237622
[27.615300995975485, 3, 0, 0, 1] 0.161174478811198
[41.54569967407783, 3, 0, 0, 1] 0.240469283616138
[46.05134935744718, 3, 0, 0, 1] 0.29439182948974
[48.62411640654817, 3, 0, 0, 1] 0.276656458922633
[15.832624529597911, 3, 0, 0, 1] 0.112387119015795
[12.87910588673059, 3, 0, 0, 1] 0.018459483001765
[2.6155897637164527, 3, 0, 0, 1] 0.008562418792289
[26.142253842256913, 3, 0, 0, 1] 0.148470881879986
[29.59815486949725, 3, 0, 0, 1] 0.1775422579331
[32.771121327913214, 3, 0, 0, 1] 0.203344855540896
[37.45799315601231, 3, 0, 0, 1] 0.218885723807988
[39.932101367510974, 3, 0, 0, 1] 0.231718044925045
[15.916244904910437, 3, 0, 0, 1] 0.167676914014848
[6.615263978378561, 3, 0, 0, 1] 0.015693575230894
[49.710224851912734, 3, 0, 0, 1] 0.281800205309396
[11.841826444673204, 3, 0, 0, 1] 0.050459593664266
[39.56377893976459, 3, 0, 0, 1] 0.229717825748055
[39.6763108705526, 3, 0, 0, 1] 0.254662064073082
[10.063689062959902, 3, 0, 0, 1] 0.055627314757387
[33.590975483784774, 3, 0, 0, 1] 0.209835615606866
[20.95810561889053, 3, 0, 0, 1] 0.124770721973563
[34.610727609189404, 3, 0, 0, 1] 0.217775199535107
[13.883620859051648, 3, 0, 0, 1] 0.049355102167421
[30.152308991217158, 3, 0, 0, 1] 0.182103013944387
[34.721739086148226, 3, 0, 0, 1] 0.218630008807563
[20.38176424898931, 3, 0, 0, 1] 0.286500972628754
[36.19832259862986, 3, 0, 0, 1] 0.229811122776631
[3.6546780795713882, 3, 0, 0, 1] 0.007737979807805
[46.29109028653211, 3, 0, 0, 1] 0.265225698783101
[31.248981726734055, 3, 0, 0, 1] 0.191076282372194
[1.966955066775511, 3, 0, 0, 1] 0.000267431124871
[1.0340986778375583, 3, 0, 0, 1] 0.014271385301647
[3.1568641845869827, 3, 0, 0, 1] 0.012554174048691
[35.331380726034226, 3, 0, 0, 1] 0.223289512417497
[43.53075101482585, 3, 0, 0, 1] 0.251048551102208
[19.38057741980727, 3, 0, 0, 1] 0.274272385633594
[38.945485099388726, 3, 0, 0, 1] 0.22637831373058
[10.756992497090668, 3, 0, 0, 1] 0.075102249531251
[39.68839117167267, 3, 0, 0, 1] 0.25474459116077
[46.11936017677213, 3, 0, 0, 1] 0.294772038475571
[7.902827020267073, 3, 0, 0, 1] 0.015804953411731
[29.795842360678858, 3, 0, 0, 1] 0.179170574238883
[9.394659825752216, 3, 0, 0, 1] 0.034263467614464
[2.6860771436939377, 3, 0, 0, 1] 0.009308113005012
[10.331796337384375, 3, 0, 0, 1] 0.063849518744957
[3.1131373306761025, 3, 0, 0, 1] 0.012507958800426
[33.08134210266005, 3, 0, 0, 1] 0.205811486281846
[43.982741975000636, 3, 0, 0, 1] 0.253415831407286
[28.362405013343267, 3, 0, 0, 1] 0.167356630190215
[12.482658545360476, 3, 0, 0, 1] 0.01344562607276
[43.09605509507125, 3, 0, 0, 1] 0.24875626666223
[34.93261983744414, 3, 0, 0, 1] 0.220248472635594
[4.019924236774558, 3, 0, 0, 1] 0.000468724001224
[28.891142202009394, 3, 0, 0, 1] 0.171713032087302
[42.40555671407814, 3, 0, 0, 1] 0.2450856170618
[40.58851906692707, 3, 0, 0, 1] 0.103074019275534
[42.99885155860931, 3, 0, 0, 1] 0.248241681641284
[2.0436301743355143, 3, 0, 0, 1] 0.001354043734609
[10.798715448901836, 3, 0, 0, 1] 0.075577423282499
[23.012776396048785, 3, 0, 0, 1] 0.336939809219845
[16.114558311127592, 3, 0, 0, 1] 0.173873161646857
[38.15476939074511, 3, 0, 0, 1] 0.222206832594323
[29.959535698354443, 3, 0, 0, 1] 0.180517875031006
[22.186801700751822, 3, 0, 0, 1] 0.21173125751507
[34.40545797584864, 3, 0, 0, 1] 0.2161895771175
[42.67541298511938, 3, 0, 0, 1] 0.246524224797085
[12.208048959667945, 3, 0, 0, 1] 0.038894772226096
[13.664393482540483, 3, 0, 0, 1] 0.060905946130899
[25.152162563318797, 3, 0, 0, 1] 0.139556923090154
[21.285491670799995, 3, 0, 0, 1] 0.312346476542043
[1.8323776819298199, 3, 0, 0, 1] 0.00369967334195
[20.24330279825971, 3, 0, 0, 1] 0.292640238576185
[26.0714349974461, 3, 0, 0, 1] 0.147842852856714
[21.00347598832008, 3, 0, 0, 1] 0.128298770351259
[25.81285395884121, 3, 0, 0, 1] 0.145536843349696
[31.71837885426958, 3, 0, 0, 1] 0.194886437335915
[29.52380451234355, 3, 0, 0, 1] 0.17692950685065
[45.469406040852675, 3, 0, 0, 1] 0.29109731699465
[33.548689244511735, 3, 0, 0, 1] 0.209503076504143
[12.497784841919056, 3, 0, 0, 1] 0.115855198277519
[12.946686905000304, 3, 0, 0, 1] 0.019423867004273
[11.05186893916687, 3, 0, 0, 1] 0.073814813862862
[7.378708879677948, 3, 0, 0, 1] 0.02355179916564
[27.158473631526814, 3, 0, 0, 1] 0.157309958142171
[14.917626603268468, 3, 0, 0, 1] 0.024566428016266
[33.82706337392479, 3, 0, 0, 1] 0.211687411175748
[43.12151745390795, 3, 0, 0, 1] 0.248890938729659
[39.16508755772565, 3, 0, 0, 1] 0.227560366714042
[42.80787838591777, 3, 0, 0, 1] 0.247228551419775
[1.7272860286197234, 3, 0, 0, 1] 0.006641105627918
[1.7619878001562228, 3, 0, 0, 1] 0.005672858105335
[26.114634796241422, 3, 0, 0, 1] 0.148226142282796
[39.5406006068482, 3, 0, 0, 1] 0.22959206768728
[5.972600090250813, 3, 0, 0, 1] 0.000762392412953
[1.3831714141611717, 3, 0, 0, 1] 0.009787158057292
[26.641721793766273, 3, 0, 0, 1] 0.15285628636592
[27.89132470175863, 3, 0, 0, 1] 0.163475878254966
[16.114970294428822, 3, 0, 0, 1] 0.173885872029457
[39.39328432802947, 3, 0, 0, 1] 0.228793799722176
[40.5223876991598, 3, 0, 0, 1] 0.102308556761836
[8.53959026553222, 3, 0, 0, 1] 0.004013310582975
[33.15573558444002, 3, 0, 0, 1] 0.20640112331411
[47.20281429720549, 3, 0, 0, 1] 0.300682045393283
[30.21024572674892, 3, 0, 0, 1] 0.182579059117125
[3.1068662989645004, 3, 0, 0, 1] 0.012495349148397
[37.1984996662777, 3, 0, 0, 1] 0.237176760343054
[42.612928794854184, 3, 0, 0, 1] 0.24619151631942
[27.678150375443195, 3, 0, 0, 1] 0.161700734987856
[1.3297549139695442, 3, 0, 0, 1] 0.007945954381141
[26.28057995181144, 3, 0, 0, 1] 0.149693185967805
[29.484022715483082, 3, 0, 0, 1] 0.176601625758957
[37.70686213469289, 3, 0, 0, 1] 0.063811011803703
[0.1004097018104777, 3, 0, 0, 1] 0.303255706237688
[14.258232746199194, 3, 0, 0, 1] 0.030519097641569
[19.21103743719798, 3, 0, 0, 1] 0.270446441450092
[32.54278092573825, 3, 0, 0, 1] 0.20152137505737
[25.299976756264762, 3, 0, 0, 1] 0.1409053832831
[44.84576687662129, 3, 0, 0, 1] 0.287487291450105
[27.07806146712511, 3, 0, 0, 1] 0.156622606220787
[34.34648501948311, 3, 0, 0, 1] 0.215732997554819
[38.12135339868784, 3, 0, 0, 1] 0.222035175216976
[27.918068756885617, 3, 0, 0, 1] 0.163697506450284
[41.94051243811038, 3, 0, 0, 1] 0.242594556476355
[49.23102858590555, 3, 0, 0, 1] 0.310703256691395
[7.392089930572316, 3, 0, 0, 1] 0.023484082993258
[20.428162889859387, 3, 0, 0, 1] 0.296339468414736
[14.969533094990679, 3, 0, 0, 1] 0.027260723250797
[40.510681161478274, 3, 0, 0, 1] 0.102172459767914
[44.10409678308958, 3, 0, 0, 1] 0.283091710407488
[20.26678339092803, 3, 0, 0, 1] 0.293114721666277
[48.172071710248964, 3, 0, 0, 1] 0.305696505683487
[45.46865161980102, 3, 0, 0, 1] 0.291092996227399
[37.560181533394264, 3, 0, 0, 1] 0.219316308095245
[46.75914086517496, 3, 0, 0, 1] 0.29829656131357
[27.71664963782612, 3, 0, 0, 1] 0.162022449941161
[34.46036707653422, 3, 0, 0, 1] 0.216614370978366
[8.317305947405785, 3, 0, 0, 1] 0.003669350852518
[41.52653231961329, 3, 0, 0, 1] 0.240365871423346
[18.07609990327648, 3, 0, 0, 1] 0.230148867055205
[16.177774176953, 3, 0, 0, 1] 0.175827189642218
[1.6503533210805998, 3, 0, 0, 1] 0.008643163555441
[45.730454923155364, 3, 0, 0, 1] 0.292584180400879
[43.41644690748975, 3, 0, 0, 1] 0.250447354020066
[8.743969531570556, 3, 0, 0, 1] 0.011353185261865
[27.488642474835462, 3, 0, 0, 1] 0.160109933406413
[20.277791142372344, 3, 0, 0, 1] 0.293336772102431
[4.0233663276400105, 3, 0, 0, 1] 0.000399269858287
[29.084251053826655, 3, 0, 0, 1] 0.173305430135032
[46.779542862741216, 3, 0, 0, 1] 0.298407438371763
[1.2639162084295053, 3, 0, 0, 1] 0.004333574545349
[22.119399770967036, 3, 0, 0, 1] 0.207188213319921
[1.244275168143999, 3, 0, 0, 1] 0.002962890861162
[12.08165188680531, 3, 0, 0, 1] 0.043218106548698
[1.0691764846259777, 3, 0, 0, 1] 0.01221167219687
[1.3093209262748318, 3, 0, 0, 1] 0.00698779423406
[4.768429071633534, 3, 0, 0, 1] 0.010000477555555
[0.3453825387877918, 3, 0, 0, 1] 0.290056864894758
[41.04572562543451, 3, 0, 0, 1] 0.23776637729974
[39.42702950698781, 3, 0, 0, 1] 0.228976544981269
[42.50697855529209, 3, 0, 0, 1] 0.245626826537679
[18.87252631069087, 3, 0, 0, 1] 0.262580295697338
[35.322154765503605, 3, 0, 0, 1] 0.223219436683126
[35.57270170834859, 3, 0, 0, 1] 0.225117365550803
[41.26868343134411, 3, 0, 0, 1] 0.238973131637636
[30.18651522941134, 3, 0, 0, 1] 0.182384095636117
[12.08415265332058, 3, 0, 0, 1] 0.043137138846698
[41.82270087511501, 3, 0, 0, 1] 0.241961274955035
[19.82453580548263, 3, 0, 0, 1] 0.283951165126207
[15.255245930964701, 3, 0, 0, 1] 0.038132398444282
[29.182761029550996, 3, 0, 0, 1] 0.17411778564004
[23.038281753011347, 3, 0, 0, 1] 0.337185638986624
[25.016483802701117, 3, 0, 0, 1] 0.138314019174974
[35.554150512305924, 3, 0, 0, 1] 0.224978447443784
[22.998535395120033, 3, 0, 0, 1] 0.336800432816863
[23.825535876466926, 3, 0, 0, 1] 0.341869709249909
[19.068220266969384, 3, 0, 0, 1] 0.26716568290842
[20.71090767696396, 3, 0, 0, 1] 0.10474024793736
[6.730715313447977, 3, 0, 0, 1] 0.018690434958528
[36.168741438786164, 3, 0, 0, 1] 0.229590665934728
[46.59423472774541, 3, 0, 0, 1] 0.297397302642771
[2.116189266794893, 3, 0, 0, 1] 0.002652896580651
[40.23721026907667, 3, 0, 0, 1] 0.233376753260985
[21.127159664721738, 3, 0, 0, 1] 0.137724943860339
[26.291709555450517, 3, 0, 0, 1] 0.149791273665401
[3.313944625821641, 3, 0, 0, 1] 0.0120761700152
[7.138887275877509, 3, 0, 0, 1] 0.030697154499044
[36.66586956522833, 3, 0, 0, 1] 0.233275738669637
[13.689527751516195, 3, 0, 0, 1] 0.059556401198255
[10.561707053252983, 3, 0, 0, 1] 0.070703032752291
[28.539532783597593, 3, 0, 0, 1] 0.168815069108732
[48.58933223370083, 3, 0, 0, 1] 0.307749605902043
[3.1663758100646975, 3, 0, 0, 1] 0.012554306284573
[45.72605390755497, 3, 0, 0, 1] 0.292559232810165
[34.957786044922706, 3, 0, 0, 1] 0.220441140555498
[32.59802327915164, 3, 0, 0, 1] 0.20196312132751
[33.66160041981734, 3, 0, 0, 1] 0.210390420612513
[7.196511790208443, 3, 0, 0, 1] 0.023952883740035
[28.507329399269477, 3, 0, 0, 1] 0.168549828397614
[34.67434233771896, 3, 0, 0, 1] 0.218265320898677
[41.708603605371984, 3, 0, 0, 1] 0.24134723049961
[28.972231652863556, 3, 0, 0, 1] 0.172381676027558
[8.361561237997872, 3, 0, 0, 1] 0.002181401585224
[19.54351490281582, 3, 0, 0, 1] 0.229560175086725
[46.344862838370524, 3, 0, 0, 1] 0.265494995361763
[32.7174072792776, 3, 0, 0, 1] 0.202916452171964
[46.22864599007531, 3, 0, 0, 1] 0.264912652380031
[7.006802013614466, 3, 0, 0, 1] 0.026513011258026
[8.396973789933087, 3, 0, 0, 1] 0.000973373253328
[3.6759140260861467, 3, 0, 0, 1] 0.007353565065436
[10.462991474545557, 3, 0, 0, 1] 0.067827597546175
[46.94976193507817, 3, 0, 0, 1] 0.268505374196701
[21.69895593143935, 3, 0, 0, 1] 0.106816237782431
[23.611380369344598, 3, 0, 0, 1] 0.341191987517305
[6.173967630736488, 3, 0, 0, 1] 0.003324468197439
[33.42785194745693, 3, 0, 0, 1] 0.208551476419072
[22.166122522116225, 3, 0, 0, 1] 0.210336739003406
[26.205573091973662, 3, 0, 0, 1] 0.149031132800786
[13.567181016346607, 3, 0, 0, 1] 0.066189656826883
[26.05255920323249, 3, 0, 0, 1] 0.147675193613506
[26.555855195735706, 3, 0, 0, 1] 0.152107932443813
[42.4037257198765, 3, 0, 0, 1] 0.245075724130185
[37.15233376508183, 3, 0, 0, 1] 0.236840562523108
[31.937533650296125, 3, 0, 0, 1] 0.196657685520719
[24.750566660257945, 3, 0, 0, 1] 0.135864216443792
[13.310686503602337, 3, 0, 0, 1] 0.080604950394736
[34.95384322207657, 3, 0, 0, 1] 0.220410927611022
[27.073824365244946, 3, 0, 0, 1] 0.156586324793474
[27.970105719559555, 3, 0, 0, 1] 0.164128073939334
[24.30957355251705, 3, 0, 0, 1] 0.131763814762869
[25.67110533017593, 3, 0, 0, 1] 0.144264337321791
[5.23175266555545, 3, 0, 0, 1] 0.010049025464264
[16.66273681317839, 3, 0, 0, 1] 0.190489405502746
[25.73146110553171, 3, 0, 0, 1] 0.144806883850561
[27.850429251811477, 3, 0, 0, 1] 0.16313651423033
[19.580473085125327, 3, 0, 0, 1] 0.2306082216887
[35.545407089335626, 3, 0, 0, 1] 0.224911105486751
[37.85961486519844, 3, 0, 0, 1] 0.066287723126106
[16.11800312938551, 3, 0, 0, 1] 0.173979847381549
[8.756780971207906, 3, 0, 0, 1] 0.011816176184157
[46.4046393491216, 3, 0, 0, 1] 0.296355358952147
[14.295576841225838, 3, 0, 0, 1] 0.028664527660106
[24.172448890383507, 3, 0, 0, 1] 0.342701746388991
[23.420726936182156, 3, 0, 0, 1] 0.340211298475258
[27.498658706579516, 3, 0, 0, 1] 0.160194312419067
[7.258331818609082, 3, 0, 0, 1] 0.023886946365819
[46.34145908656378, 3, 0, 0, 1] 0.265477942468833
[38.53445887308779, 3, 0, 0, 1] 0.224187375374282
[16.934526554921298, 3, 0, 0, 1] 0.198460418508657
[0.8798740027611329, 3, 0, 0, 1] 0.006320028985812
[33.055877706972275, 3, 0, 0, 1] 0.205609483081605
[28.874907620179357, 3, 0, 0, 1] 0.171579174305306
[21.52277779757183, 3, 0, 0, 1] 0.105098255397893
[16.02568003471614, 3, 0, 0, 1] 0.171108626524876
[30.99874158149749, 3, 0, 0, 1] 0.189036780683263
[30.87932100914714, 3, 0, 0, 1] 0.18806161390772
[29.5825445677874, 3, 0, 0, 1] 0.177413627947657
[42.178228528150335, 3, 0, 0, 1] 0.24386955197774
[20.826403928988135, 3, 0, 0, 1] 0.114284630314668
[7.7401177882157, 3, 0, 0, 1] 0.019290720804008
[10.225344228383088, 3, 0, 0, 1] 0.060590365350372
[27.215599600029687, 3, 0, 0, 1] 0.157796990499654
[14.623358169863799, 3, 0, 0, 1] 0.011099677299413
[27.655986408060233, 3, 0, 0, 1] 0.161515299876586
[20.60510743054425, 3, 0, 0, 1] 0.095651035384055
[5.317653690164348, 3, 0, 0, 1] 0.009515645941299
[32.75239939404841, 3, 0, 0, 1] 0.203195592773647
[30.341391234725286, 3, 0, 0, 1] 0.183655954948264
[21.757793261033775, 3, 0, 0, 1] 0.107388313799563
[31.239682418236637, 3, 0, 0, 1] 0.191000615587222
[0.8562332114823323, 3, 0, 0, 1] 0.002804138853986
[27.401009791600533, 3, 0, 0, 1] 0.159370277618276
[42.43182096615781, 3, 0, 0, 1] 0.245225718385312
[28.866197748798662, 3, 0, 0, 1] 0.171507360855331
[37.20897243249981, 3, 0, 0, 1] 0.218347076087058
[49.19847121975408, 3, 0, 0, 1] 0.310562392818505
[42.67553151773872, 3, 0, 0, 1] 0.246524855821581
[43.597474870707714, 3, 0, 0, 1] 0.251399094561679
[48.648342141745985, 3, 0, 0, 1] 0.276772430460384
[6.744491792603135, 3, 0, 0, 1] 0.019058301508904
[25.557892292130113, 3, 0, 0, 1] 0.143243830468132
[26.990632171456326, 3, 0, 0, 1] 0.155872872986981
[19.30460878659502, 3, 0, 0, 1] 0.272567214090167
[28.67815346335228, 3, 0, 0, 1] 0.169957234484623
[40.49056853720689, 3, 0, 0, 1] 0.234753868586288
[32.338192710091604, 3, 0, 0, 1] 0.199882140760523
[49.18253850974302, 3, 0, 0, 1] 0.3104929601304
[45.397512660635066, 3, 0, 0, 1] 0.290685142770898
[29.747873138650714, 3, 0, 0, 1] 0.178775598782921
[45.044884719331876, 3, 0, 0, 1] 0.288648590257754
[9.048462900732696, 3, 0, 0, 1] 0.022291528202088
[37.64116040174319, 3, 0, 0, 1] 0.219679853720541
[28.266365099569068, 3, 0, 0, 1] 0.166566440789558
[27.691784804441117, 3, 0, 0, 1] 0.161814726205214
[36.870109948038184, 3, 0, 0, 1] 0.234777419943892
[41.38061715744939, 3, 0, 0, 1] 0.239578131763609
[21.155333629210375, 3, 0, 0, 1] 0.139836584744487
[13.104068113599599, 3, 0, 0, 1] 0.092593983994525
[24.201410758321302, 3, 0, 0, 1] 0.342816209881314
[36.90785731454235, 3, 0, 0, 1] 0.235054167934428
[19.037658816140368, 3, 0, 0, 1] 0.266456567864197
[21.35196565074475, 3, 0, 0, 1] 0.313503244147032
[28.366318529831446, 3, 0, 0, 1] 0.167388838068539
[18.294040481749345, 3, 0, 0, 1] 0.235890204162834
[15.629390539780285, 3, 0, 0, 1] 0.177048020460787
[23.10372448649564, 3, 0, 0, 1] 0.337793303052671
[8.66321279870103, 3, 0, 0, 1] 0.008438661014813
[25.41924347882861, 3, 0, 0, 1] 0.141989045071926
[42.39000726112263, 3, 0, 0, 1] 0.24500245405453
[5.74528918275074, 3, 0, 0, 1] 0.004653743595461
[15.732823947000995, 3, 0, 0, 1] 0.180179531449566
[11.324786461057057, 3, 0, 0, 1] 0.066628240920952
[48.14876716197722, 3, 0, 0, 1] 0.305579668716526
[33.43973325719994, 3, 0, 0, 1] 0.208645137300609
[44.853664071333775, 3, 0, 0, 1] 0.287533502476969
[31.750841793922813, 3, 0, 0, 1] 0.195149128494971
[1.413301811506129, 3, 0, 0, 1] 0.01043243026269
[44.4758832155828, 3, 0, 0, 1] 0.285308943568698
[13.255109447175, 3, 0, 0, 1] 0.083808218564838
[45.01019689959183, 3, 0, 0, 1] 0.288446864169312
[26.018607124803378, 3, 0, 0, 1] 0.147373368160064
[43.692304935216264, 3, 0, 0, 1] 0.251896727865421
[4.888332017474512, 3, 0, 0, 1] 0.010505801356046
[38.26089967000723, 3, 0, 0, 1] 0.222754265684781
[6.710832463894767, 3, 0, 0, 1] 0.018163231105352
[35.27028356697258, 3, 0, 0, 1] 0.22282523744129
[23.042736568340967, 3, 0, 0, 1] 0.337228072599289
[25.093478613962645, 3, 0, 0, 1] 0.139019930110185
[43.49929112702491, 3, 0, 0, 1] 0.250883184074881
[6.703874699939094, 3, 0, 0, 1] 0.017979797788763
[37.355196285364315, 3, 0, 0, 1] 0.218506953625036
[1.3554837909759976, 3, 0, 0, 1] 0.008949316553554
[1.088942262686532, 3, 0, 0, 1] 0.010672833229817
[27.82824742004421, 3, 0, 0, 1] 0.1629522085682
[25.69913483247795, 3, 0, 0, 1] 0.144516423596118
[40.585972572291844, 3, 0, 0, 1] 0.103044630144294
[32.73192262080432, 3, 0, 0, 1] 0.203032334397068
[10.360087802383722, 3, 0, 0, 1] 0.064713288133219
[11.52359278241762, 3, 0, 0, 1] 0.060405426051785
[25.2858274403118, 3, 0, 0, 1] 0.140776552761259
[49.53922178463497, 3, 0, 0, 1] 0.280997829783475
[42.399923653362, 3, 0, 0, 1] 0.245055256435096
[21.835542922383684, 3, 0, 0, 1] 0.187998582778729
[27.981274616014556, 3, 0, 0, 1] 0.164220363377276
[34.9373040670171, 3, 0, 0, 1] 0.22028433950403
[13.675969576549946, 3, 0, 0, 1] 0.060283509833456
[39.80385929654237, 3, 0, 0, 1] 0.255532068146413
[20.194797392072843, 3, 0, 0, 1] 0.291655669793266
[32.42485397302291, 3, 0, 0, 1] 0.200577154078164
[16.37667260290222, 3, 0, 0, 1] 0.181910225560438
[3.2753771730273273, 3, 0, 0, 1] 0.012289744111918
[43.0857727884923, 3, 0, 0, 1] 0.24870187967785
[23.378530553341427, 3, 0, 0, 1] 0.339943940778995
[35.77162441902094, 3, 0, 0, 1] 0.226616872551024
[26.12095393919037, 3, 0, 0, 1] 0.148282160398987
[40.02440616054131, 3, 0, 0, 1] 0.232219809815967
[40.832163978403806, 3, 0, 0, 1] 0.236608572007429
[29.563340993933114, 3, 0, 0, 1] 0.177255329680417
[18.689857901048306, 3, 0, 0, 1] 0.211709785103904
[37.121496444335136, 3, 0, 0, 1] 0.236615862397142
[46.50975232676771, 3, 0, 0, 1] 0.296934000634768
[34.45631057653119, 3, 0, 0, 1] 0.216582997625995
[0.5020277539399154, 3, 0, 0, 1] 0.000688877663564
[19.825365357300246, 3, 0, 0, 1] 0.283968917629779
[19.003990397466207, 3, 0, 0, 1] 0.26567241605891
[40.94610828010693, 3, 0, 0, 1] 0.23722652520116
[0.9144618634568336, 3, 0, 0, 1] 0.010616704247143
[46.80189306374942, 3, 0, 0, 1] 0.298528532597516
[41.06977915845513, 3, 0, 0, 1] 0.237896677370367
[7.966395532087317, 3, 0, 0, 1] 0.014215039651358
[25.37808173705727, 3, 0, 0, 1] 0.1416154907739
[28.374423947091376, 3, 0, 0, 1] 0.167455544524542
[31.101108427265757, 3, 0, 0, 1] 0.189871758313463
[48.320269627387944, 3, 0, 0, 1] 0.306434519143898
[5.087442847529039, 3, 0, 0, 1] 0.010576178222728
[27.102108357882283, 3, 0, 0, 1] 0.156828375541465
[29.198736707977158, 3, 0, 0, 1] 0.174249528693074
[49.886356488544536, 3, 0, 0, 1] 0.282623802638973
[13.384448101092438, 3, 0, 0, 1] 0.076393176970346
[25.679272417541032, 3, 0, 0, 1] 0.144337813472688
[43.057965845218135, 3, 0, 0, 1] 0.248554718974909
[47.72659940228522, 3, 0, 0, 1] 0.303428932380675
[36.79759327607801, 3, 0, 0, 1] 0.234245117046034
[16.30005415610057, 3, 0, 0, 1] 0.179578597950206
[18.450302511392746, 3, 0, 0, 1] 0.204801022655656
[44.12269391980704, 3, 0, 0, 1] 0.283203389223872
[46.01892994356533, 3, 0, 0, 1] 0.294210237248964
[7.63819794096246, 3, 0, 0, 1] 0.021000708734216
[36.0837460541498, 3, 0, 0, 1] 0.228956397782317
[25.646940388835887, 3, 0, 0, 1] 0.144046826901282
[31.02081992876001, 3, 0, 0, 1] 0.189216941245685
[13.197613831622773, 3, 0, 0, 1] 0.087143415625058
[17.05014241647459, 3, 0, 0, 1] 0.201799404856461
[24.45427532456131, 3, 0, 0, 1] 0.133114238706685
[41.47512270603579, 3, 0, 0, 1] 0.240088437433197
[9.95595791805587, 3, 0, 0, 1] 0.052301375637865
[40.082813218986416, 3, 0, 0, 1] 0.097090529665363
[48.50741679044496, 3, 0, 0, 1] 0.307352814447763
[49.691437823207906, 3, 0, 0, 1] 0.281712207920954
[13.139156665639529, 3, 0, 0, 1] 0.090548242823239
[38.24134909316913, 3, 0, 0, 1] 0.222652853752905
[28.232430308806215, 3, 0, 0, 1] 0.166287348329455
[48.365549678847664, 3, 0, 0, 1] 0.306658141505629
[12.809845526355069, 3, 0, 0, 1] 0.017507878799523
[46.55285324551976, 3, 0, 0, 1] 0.297170648271365
[43.425917646338675, 3, 0, 0, 1] 0.250497123722222
[1.7888811417970218, 3, 0, 0, 1] 0.004915185578117
[49.84947898203986, 3, 0, 0, 1] 0.282451634777593
[42.2697265563517, 3, 0, 0, 1] 0.244359546074247
[6.505327878179318, 3, 0, 0, 1] 0.01299159272495
[19.484897052540852, 3, 0, 0, 1] 0.265681448984364
[36.970108057029684, 3, 0, 0, 1] 0.235510029412624
[30.375606124745403, 3, 0, 0, 1] 0.183936745830568
[19.709415962348505, 3, 0, 0, 1] 0.240091934949613
[45.273831822007025, 3, 0, 0, 1] 0.28997379555662
[6.36107111941312, 3, 0, 0, 1] 0.009537980051995
[41.49875755279806, 3, 0, 0, 1] 0.24021602640033
[47.43668729268252, 3, 0, 0, 1] 0.301918393903373
[8.382396772568685, 3, 0, 0, 1] 0.001472401470869
[30.140223858019866, 3, 0, 0, 1] 0.1820036926971
[40.96947924875985, 3, 0, 0, 1] 0.237353205824778
[36.801180460204286, 3, 0, 0, 1] 0.234271550557892
[42.59081143417589, 3, 0, 0, 1] 0.246073720488959
[10.709408550271466, 3, 0, 0, 1] 0.074309955256628
[17.2753687869936, 3, 0, 0, 1] 0.208217340580017
[12.769356265508947, 3, 0, 0, 1] 0.01696777533737
[10.84680791134393, 3, 0, 0, 1] 0.075841576198816
[2.7207589822826894, 3, 0, 0, 1] 0.009670217006179
[31.111683510287065, 3, 0, 0, 1] 0.189957965890686
[2.845129397924362, 3, 0, 0, 1] 0.010894759386072
[24.73417785235989, 3, 0, 0, 1] 0.135712675768768
[48.26602360633924, 3, 0, 0, 1] 0.306165420267228
[21.484448566387293, 3, 0, 0, 1] 0.310436192554967
[42.05772450697708, 3, 0, 0, 1] 0.24322364307642
[48.60205335389215, 3, 0, 0, 1] 0.307810636370182
[20.751876497561632, 3, 0, 0, 1] 0.108167343059465
[25.03192715568135, 3, 0, 0, 1] 0.138455732555292
[17.956886748583884, 3, 0, 0, 1] 0.226968084598153
[9.537827259629307, 3, 0, 0, 1] 0.039015166179074
[14.621492249067503, 3, 0, 0, 1] 0.011220317685157
[33.908521851906436, 3, 0, 0, 1] 0.212324444754815
[27.744766410597478, 3, 0, 0, 1] 0.162257092037829
[26.96089352347214, 3, 0, 0, 1] 0.155617295174611
[30.05489767055555, 3, 0, 0, 1] 0.181302233762402
[24.38291184130046, 3, 0, 0, 1] 0.132448829997596
[43.340874607042466, 3, 0, 0, 1] 0.25004899086088
[30.43462395744928, 3, 0, 0, 1] 0.184420919867722
[4.995596720349988, 3, 0, 0, 1] 0.01066126228652
[34.200547133707424, 3, 0, 0, 1] 0.214600296988626
[47.710094996933286, 3, 0, 0, 1] 0.303343630022957
[30.89209388826802, 3, 0, 0, 1] 0.188165970948582
[5.620269412141122, 3, 0, 0, 1] 0.006430255569282
[40.484776184889036, 3, 0, 0, 1] 0.234722395091219
[18.580238874330927, 3, 0, 0, 1] 0.255517987482445
[40.25083927578881, 3, 0, 0, 1] 0.233450706281716
[6.837967969584657, 3, 0, 0, 1] 0.021608126587786
[18.964898584554575, 3, 0, 0, 1] 0.264758042488227
[20.01625647960386, 3, 0, 0, 1] 0.032187045060819
[45.147202959620174, 3, 0, 0, 1] 0.289242174646212
[23.723503960174032, 3, 0, 0, 1] 0.341596571168146
[24.236838614541373, 3, 0, 0, 1] 0.342975474912599
[31.129406033945383, 3, 0, 0, 1] 0.190102413722216
[12.537273101060276, 3, 0, 0, 1] 0.116174012417426
[30.559976109212155, 3, 0, 0, 1] 0.185448553817782
[24.618801763975362, 3, 0, 0, 1] 0.134643839561443
[20.77339843568981, 3, 0, 0, 1] 0.10994873355053
[26.662045648609112, 3, 0, 0, 1] 0.153033063326148
[19.724310670562716, 3, 0, 0, 1] 0.240494427735854
[27.921033740061894, 3, 0, 0, 1] 0.163722062503599
[15.94575616093138, 3, 0, 0, 1] 0.16860536116099
[44.146509676181495, 3, 0, 0, 1] 0.283346042687015
[43.42263467598215, 3, 0, 0, 1] 0.25047985661646
[24.794632914154125, 3, 0, 0, 1] 0.136271439598942
[30.626007596700262, 3, 0, 0, 1] 0.185989455860345
[38.6692146739782, 3, 0, 0, 1] 0.224901738089735
[5.776742310883937, 3, 0, 0, 1] 0.004164523152468
[42.33585362933419, 3, 0, 0, 1] 0.244713048746256
[36.76812107873488, 3, 0, 0, 1] 0.23402844659113
[16.397327335807173, 3, 0, 0, 1] 0.182536319019794
[29.193910285449093, 3, 0, 0, 1] 0.174209727699444
[41.381090431625836, 3, 0, 0, 1] 0.239580688384632
[46.948696484918706, 3, 0, 0, 1] 0.299321918704597
[39.73697537970446, 3, 0, 0, 1] 0.255076225443838
[20.109649719706667, 3, 0, 0, 1] 0.045152680486052
[37.749182767270014, 3, 0, 0, 1] 0.064503203688633
[16.45307063567241, 3, 0, 0, 1] 0.184220833259962
[48.14983101914714, 3, 0, 0, 1] 0.305585006991603
[21.78845172978668, 3, 0, 0, 1] 0.107686128907784
[1.78360977768674, 3, 0, 0, 1] 0.005063706205189
[36.006033483034706, 3, 0, 0, 1] 0.228375433548642
[21.10287022044873, 3, 0, 0, 1] 0.135894479789192
[20.92255016463085, 3, 0, 0, 1] 0.121977255282593
[37.91846712097151, 3, 0, 0, 1] 0.06722624140512
[32.827286285374576, 3, 0, 0, 1] 0.203792365458693
[46.904682738730294, 3, 0, 0, 1] 0.29908467284283
[13.78889224132671, 3, 0, 0, 1] 0.054286282570891
[41.886409901385505, 3, 0, 0, 1] 0.242303800329925
[28.070017808105007, 3, 0, 0, 1] 0.164952144239387
[27.898295005270736, 3, 0, 0, 1] 0.163533664329501
[43.81953044716791, 3, 0, 0, 1] 0.252562970232066
[11.924406439155028, 3, 0, 0, 1] 0.047978409362396
[1.276726830117375, 3, 0, 0, 1] 0.005155957113822
[20.10458338216771, 3, 0, 0, 1] 0.04450704582105
[45.651095719011316, 3, 0, 0, 1] 0.292133699879329
[34.55747192974848, 3, 0, 0, 1] 0.217364427429137
[45.53581577541721, 3, 0, 0, 1] 0.291476889539035
[23.61587794833286, 3, 0, 0, 1] 0.341210539982642
[10.503242722884782, 3, 0, 0, 1] 0.069021142893438
[20.61491115717577, 3, 0, 0, 1] 0.096508996021193
[16.168940687680838, 3, 0, 0, 1] 0.175554746789204
[19.23313097813932, 3, 0, 0, 1] 0.2709491935832
[44.457765843483074, 3, 0, 0, 1] 0.285201573595545
[46.68570489244457, 3, 0, 0, 1] 0.297896988352432
[7.5558108586248345, 3, 0, 0, 1] 0.02209547627493
[27.101048234361564, 3, 0, 0, 1] 0.156819308338707
[49.53359092840983, 3, 0, 0, 1] 0.280971371903789
[44.87932084073927, 3, 0, 0, 1] 0.287683548062535
[17.611003414399402, 3, 0, 0, 1] 0.217574704042275
[48.90753103068812, 3, 0, 0, 1] 0.309253948993674
[30.83519693185658, 3, 0, 0, 1] 0.187701017096536
[33.63689335448895, 3, 0, 0, 1] 0.210196386793379
[8.226676463732874, 3, 0, 0, 1] 0.006627732722163
[23.188153702643653, 3, 0, 0, 1] 0.338525602427276
[47.42841266730453, 3, 0, 0, 1] 0.301874914818795
[23.234669083093795, 3, 0, 0, 1] 0.338902919254189
[3.237447324301174, 3, 0, 0, 1] 0.012438269014191
[34.50460474789193, 3, 0, 0, 1] 0.216956253206799
[49.30607869718108, 3, 0, 0, 1] 0.311022734694295
[34.26106002728837, 3, 0, 0, 1] 0.215070311019905
[21.98157284439893, 3, 0, 0, 1] 0.197895167802279
[49.414571765683895, 3, 0, 0, 1] 0.311468272409102
[18.91053926796711, 3, 0, 0, 1] 0.263479421754349
[10.782305327082897, 3, 0, 0, 1] 0.075416888368397
[33.77694172820651, 3, 0, 0, 1] 0.211294936086385
[14.003557047582776, 3, 0, 0, 1] 0.043229351109044
[6.085416046695535, 3, 0, 0, 1] 0.001457103764252
[0.2753668972259593, 3, 0, 0, 1] 0.302700807911985
[25.090998580953677, 3, 0, 0, 1] 0.138997216569902
[8.08871121465417, 3, 0, 0, 1] 0.010844016794208
[10.188173742562428, 3, 0, 0, 1] 0.059450741109169
[25.074878178601757, 3, 0, 0, 1] 0.138849537126237
[24.302950462590072, 3, 0, 0, 1] 0.131701897444202
[38.03590944465524, 3, 0, 0, 1] 0.221600440247792
[34.12766705787867, 3, 0, 0, 1] 0.214033515705181
[48.64119863995115, 3, 0, 0, 1] 0.276738131588201
[30.507223764255855, 3, 0, 0, 1] 0.18501621940723
[31.402086004521397, 3, 0, 0, 1] 0.192321398651449
[29.404359321242147, 3, 0, 0, 1] 0.175944945222407
[12.846253103881233, 3, 0, 0, 1] 0.107076645561763
[10.34543477039757, 3, 0, 0, 1] 0.064266129352797
[42.3310775505457, 3, 0, 0, 1] 0.244687518991073
[16.894105864837694, 3, 0, 0, 1] 0.197285858219205
[4.103005321527875, 3, 0, 0, 1] 0.001179647666371
[14.128243715051731, 3, 0, 0, 1] 0.036973463170737
[33.497714954816956, 3, 0, 0, 1] 0.209101900297809
[0.49430201037309884, 3, 0, 0, 1] 0.006009716517257
[22.077891386715372, 3, 0, 0, 1] 0.204391482288835
[10.872647854974938, 3, 0, 0, 1] 0.07585511480329
[4.304510188781851, 3, 0, 0, 1] 0.004805333044657
[41.870661039712054, 3, 0, 0, 1] 0.24221915279513
[46.37863310656956, 3, 0, 0, 1] 0.265663958724744
[41.4393419411967, 3, 0, 0, 1] 0.239895353954887
[28.58596565193571, 3, 0, 0, 1] 0.169197576293644
[13.548555988308703, 3, 0, 0, 1] 0.067213633290959
[30.990188999689504, 3, 0, 0, 1] 0.188966980090774
[2.933536278053195, 3, 0, 0, 1] 0.011631866584784
[49.086263586469414, 3, 0, 0, 1] 0.310066245944362
[29.65473593713415, 3, 0, 0, 1] 0.178008432713332
[46.28742203155215, 3, 0, 0, 1] 0.265207297761331
[47.549570744365155, 3, 0, 0, 1] 0.302509566834531
[7.424153353347024, 3, 0, 0, 1] 0.023294276151826
[15.32505534146122, 3, 0, 0, 1] 0.094500258635005
[13.400493280325332, 3, 0, 0, 1] 0.075483657090242
[38.13405858040845, 3, 0, 0, 1] 0.222100224552899
[38.141727283057726, 3, 0, 0, 1] 0.222139556664029
[43.125791953661405, 3, 0, 0, 1] 0.248913540568713
[45.891294404610086, 3, 0, 0, 1] 0.293493009782665
[40.29090464224523, 3, 0, 0, 1] 0.233668670586925
[31.127953272908233, 3, 0, 0, 1] 0.190090573893736
[32.48581766160091, 3, 0, 0, 1] 0.20106550174746
[19.436747794821464, 3, 0, 0, 1] 0.275523885870859
[44.052977793922615, 3, 0, 0, 1] 0.282784703398319
[42.36793854661244, 3, 0, 0, 1] 0.244884617716626
[40.345730637708385, 3, 0, 0, 1] 0.233966564994391
[44.70923655650966, 3, 0, 0, 1] 0.286686386267474
[35.211346963099324, 3, 0, 0, 1] 0.222376799186481
[3.9104510265242585, 3, 0, 0, 1] 0.002706386709475
[10.29438401640928, 3, 0, 0, 1] 0.062705223540192
[41.75136486180465, 3, 0, 0, 1] 0.241577464521134
[43.80507658060287, 3, 0, 0, 1] 0.252487341632837
[31.86254493643792, 3, 0, 0, 1] 0.196052191395876
[37.47701091357714, 3, 0, 0, 1] 0.218962742287113
[16.503931331483436, 3, 0, 0, 1] 0.185751263727861
[13.534289777265156, 3, 0, 0, 1] 0.068000458563851
[31.46500037960684, 3, 0, 0, 1] 0.192832398228994
[42.82413835317995, 3, 0, 0, 1] 0.247314922855047
[15.959972924385651, 3, 0, 0, 1] 0.169051888368767
[43.22318009757685, 3, 0, 0, 1] 0.249428200717302
[11.541503541783166, 3, 0, 0, 1] 0.059836833650153
[24.127318123026022, 3, 0, 0, 1] 0.342546964017145
[0.6797618075596645, 3, 0, 0, 1] 0.024812430041909
[32.03532613215007, 3, 0, 0, 1] 0.197446383757542
[44.323480922509724, 3, 0, 0, 1] 0.284403275456885
[31.716364079077913, 3, 0, 0, 1] 0.194870129832057
[15.718366371541542, 3, 0, 0, 1] 0.179744872344216
[0.19751312752548378, 3, 0, 0, 1] 0.302558219847886
[36.76596964196494, 3, 0, 0, 1] 0.234012641904468
[43.73059617894936, 3, 0, 0, 1] 0.252097317576218
[48.982263398481855, 3, 0, 0, 1] 0.30959690113083
[10.997408827589911, 3, 0, 0, 1] 0.074773505199828
[41.5872582248998, 3, 0, 0, 1] 0.240693379994634
[25.924923954452012, 3, 0, 0, 1] 0.146538745159775
[12.221160218202714, 3, 0, 0, 1] 0.038420763551481
[31.864721144420837, 3, 0, 0, 1] 0.196069769541785
[2.5370201919389324, 3, 0, 0, 1] 0.007729434496789
[3.6949392511712253, 3, 0, 0, 1] 0.007001688829848
[5.395677038885988, 3, 0, 0, 1] 0.008895183491435
[14.514150132869624, 3, 0, 0, 1] 0.017473298200496
[35.52785369331975, 3, 0, 0, 1] 0.224778393010963
[21.357057545028844, 3, 0, 0, 1] 0.313591226779621
[11.329313645182488, 3, 0, 0, 1] 0.06649059588382
[37.86485889249154, 3, 0, 0, 1] 0.066371702054549
[38.212658957369456, 3, 0, 0, 1] 0.222504519021537
[22.496396937579256, 3, 0, 0, 1] 0.232857851978847
[24.60013489197345, 3, 0, 0, 1] 0.134470604374362
[12.218917354715769, 3, 0, 0, 1] 0.038502139458729
[32.07601909763048, 3, 0, 0, 1] 0.197774264442605
[14.31518922857502, 3, 0, 0, 1] 0.027688333672788
[39.201736915262266, 3, 0, 0, 1] 0.22775811656316
[30.216670162996152, 3, 0, 0, 1] 0.182631835391675
[25.849677001145082, 3, 0, 0, 1] 0.145866444714538
[8.044969699081989, 3, 0, 0, 1] 0.012093436618565
[29.22656295869609, 3, 0, 0, 1] 0.17447899773694
[35.723477000107515, 3, 0, 0, 1] 0.226254532200008
[4.365886996175744, 3, 0, 0, 1] 0.005768823865249
[42.2196476433932, 3, 0, 0, 1] 0.244091375366558
[7.830880697759252, 3, 0, 0, 1] 0.017454834597505
[31.60678526062132, 3, 0, 0, 1] 0.193982589935676
[1.6294959151944621, 3, 0, 0, 1] 0.009123609966208
[33.83763683567637, 3, 0, 0, 1] 0.211770164893296
[36.87877490813417, 3, 0, 0, 1] 0.234841020290459
[6.16823700550832, 3, 0, 0, 1] 0.003200281539582
[25.6408800318144, 3, 0, 0, 1] 0.143992248763432
[42.495933618628584, 3, 0, 0, 1] 0.245567883805909
[17.560998171783044, 3, 0, 0, 1] 0.216195910407783
[30.359405523186823, 3, 0, 0, 1] 0.18380380127453
[0.9351006053282707, 3, 0, 0, 1] 0.012567357354266
[33.705005956289234, 3, 0, 0, 1] 0.210731025870661
[2.4062713764995247, 3, 0, 0, 1] 0.006345147439804
[3.416969366070571, 3, 0, 0, 1] 0.011201982029233
[36.61922343208261, 3, 0, 0, 1] 0.232931752533102
[7.627792942341799, 3, 0, 0, 1] 0.021153351825725
[0.9175952393475739, 3, 0, 0, 1] 0.010945113177677
[26.472987319577324, 3, 0, 0, 1] 0.15138349833428
[22.30693711159402, 3, 0, 0, 1] 0.219854958403518
[5.935141383493864, 3, 0, 0, 1] 0.001458637720695
[32.57441765308199, 3, 0, 0, 1] 0.201774407312266
[46.62972500607864, 3, 0, 0, 1] 0.29759128552005
[34.756331327279746, 3, 0, 0, 1] 0.218896015453477
[0.247307905637556, 3, 0, 0, 1] 0.304034742100769
[25.599518913139878, 3, 0, 0, 1] 0.143619478939691
[9.926879645192821, 3, 0, 0, 1] 0.051399226138977
[46.186857529607195, 3, 0, 0, 1] 0.295148347157991
[28.285125288269793, 3, 0, 0, 1] 0.166720759014011
[47.28229164314212, 3, 0, 0, 1] 0.301103862831844
[43.63785727492625, 3, 0, 0, 1] 0.25161102052566
[36.74936350773317, 3, 0, 0, 1] 0.233890496965264
[8.494466481897122, 3, 0, 0, 1] 0.002417827869548
[45.57784829347975, 3, 0, 0, 1] 0.291716917018555
[16.180704491924665, 3, 0, 0, 1] 0.175917602917042
[19.636858863572392, 3, 0, 0, 1] 0.279918776322467
[20.435854202137083, 3, 0, 0, 1] 0.2964915421891
[36.309477505695675, 3, 0, 0, 1] 0.230638173610753
[36.40905103527738, 3, 0, 0, 1] 0.231377271144619
[14.888355467991932, 3, 0, 0, 1] 0.022643024017593
[38.51432603603806, 3, 0, 0, 1] 0.224080996520992
[2.7727391424605785, 3, 0, 0, 1] 0.010200101606635
[31.90053479561698, 3, 0, 0, 1] 0.196359080930618
[18.707947585341532, 3, 0, 0, 1] 0.212227855301401
[9.338046091082724, 3, 0, 0, 1] 0.032351607858942
[36.72050322052186, 3, 0, 0, 1] 0.23367813675033
[42.7237515740299, 3, 0, 0, 1] 0.246781364499217
[5.648176804615329, 3, 0, 0, 1] 0.006057580465192
[23.107633360411512, 3, 0, 0, 1] 0.337828528324622
[16.130304236022052, 3, 0, 0, 1] 0.174360786605669
[39.78579901424418, 3, 0, 0, 1] 0.255409061033666
[17.400524561641845, 3, 0, 0, 1] 0.211735115203851
[48.33345493407747, 3, 0, 0, 1] 0.30649966588134
[37.996706663622895, 3, 0, 0, 1] 0.221402574042186
[31.065627726660594, 3, 0, 0, 1] 0.189582447507364
[15.868863034223036, 3, 0, 0, 1] 0.166181562687571
[36.16019177282199, 3, 0, 0, 1] 0.229526902069722
[30.760110163812655, 3, 0, 0, 1] 0.187087040585835
[37.3965561458046, 3, 0, 0, 1] 0.218650175181481
[44.99042713075386, 3, 0, 0, 1] 0.288331782842368
[8.569398570322273, 3, 0, 0, 1] 0.005074136754935
[17.04802089141517, 3, 0, 0, 1] 0.201738400293682
[31.341966416018895, 3, 0, 0, 1] 0.191833126384411
[31.69223103492377, 3, 0, 0, 1] 0.19467475666726
[43.611007670781646, 3, 0, 0, 1] 0.251470057585116
[8.945962675126696, 3, 0, 0, 1] 0.018635589349389
[42.810348771743264, 3, 0, 0, 1] 0.247241676113958
[22.6276541899318, 3, 0, 0, 1] 0.242171272627762
[11.271904666905685, 3, 0, 0, 1] 0.06820957591275
[31.932180285057665, 3, 0, 0, 1] 0.1966144807573
[49.23632383765859, 3, 0, 0, 1] 0.310726126636945
[41.92626425989546, 3, 0, 0, 1] 0.242517895729398
[42.77845312867108, 3, 0, 0, 1] 0.2470721993189
[42.571590823040104, 3, 0, 0, 1] 0.245971267489478
[47.89327660618565, 3, 0, 0, 1] 0.304285516624341
[42.556344705235546, 3, 0, 0, 1] 0.245890093737403
[47.053581380436974, 3, 0, 0, 1] 0.299885346629216
[9.691112730456531, 3, 0, 0, 1] 0.043977154415873
[4.200920029688071, 3, 0, 0, 1] 0.003020479163901
[37.86536405963551, 3, 0, 0, 1] 0.066379788237294
[16.50046343073311, 3, 0, 0, 1] 0.185647073784826
[49.964281980138836, 3, 0, 0, 1] 0.282987065140608
[43.93851498275594, 3, 0, 0, 1] 0.253184887256218
[22.712613718508717, 3, 0, 0, 1] 0.248460302035624
[0.4025671845743872, 3, 0, 0, 1] 0.240061702355173
[17.576949799123664, 3, 0, 0, 1] 0.216636362086666
[40.72487172844261, 3, 0, 0, 1] 0.236026385564261
[12.190288378861624, 3, 0, 0, 1] 0.056186996316019
[40.12316490975217, 3, 0, 0, 1] 0.097579232273804
[40.437690420419436, 3, 0, 0, 1] 0.101320606232295
[49.88783173074583, 3, 0, 0, 1] 0.282630694393192
[30.8515644054866, 3, 0, 0, 1] 0.18783479464323
[18.165782838055666, 3, 0, 0, 1] 0.232522803621568
[29.03864347946919, 3, 0, 0, 1] 0.172929332652706
[24.152192809902562, 3, 0, 0, 1] 0.342629327405749
[45.07782234523883, 3, 0, 0, 1] 0.288839908330101
[994.3530574754232, 3, 0, 0, 1] 1.491556307383787
[557.6006744474867, 3, 0, 0, 1] 0.948320951400185
[355.1556650847098, 3, 0, 0, 1] 0.7008015886531
[376.53667024707914, 3, 0, 0, 1] 0.727412128938567
[723.627286217955, 3, 0, 0, 1] 6.361261733759688
[514.0835723123861, 3, 0, 0, 1] 0.895163124462759
[459.25991510091245, 3, 0, 0, 1] 4.094418218953198
[303.35611367659703, 3, 0, 0, 1] 0.633259316012924
[150.02629391984257, 3, 0, 0, 1] 1.483234292350018
[627.1169159977261, 3, 0, 0, 1] 5.69816664862867
[58.86363181392639, 3, 0, 0, 1] 0.320850438052502
[305.1040606535549, 3, 0, 0, 1] 0.789693435374416
[286.1564896730522, 3, 0, 0, 1] 0.608832664651927
[139.29627800486378, 3, 0, 0, 1] 1.349424513021008
[714.4012782073888, 3, 0, 0, 1] 6.287646245578261
[413.51314919988386, 3, 0, 0, 1] 3.652831296109861
[344.70520792547967, 3, 0, 0, 1] 0.832465275046607
[742.4574887893655, 3, 0, 0, 1] 6.511474167202737
[977.6453472506535, 3, 0, 0, 1] 4.278036076347908
[581.8794304572114, 3, 0, 0, 1] 0.978068792125558
[129.15808539983212, 3, 0, 0, 1] 1.214722266154506
[759.0930788912473, 3, 0, 0, 1] 6.64414252457233
[354.5716853821088, 3, 0, 0, 1] 0.700068617894407
[758.9645661522464, 3, 0, 0, 1] 6.643117764807225
[748.3590828611759, 3, 0, 0, 1] 6.558543027316299
[98.03459459619559, 3, 0, 0, 1] 4.005926206428599
[700.2690949394114, 3, 0, 0, 1] 6.174861138177892
[208.65185186862698, 3, 0, 0, 1] 1.249473963403119
[922.3362935721259, 3, 0, 0, 1] 8.483609937847813
[198.80623759893072, 3, 0, 0, 1] 0.409628496897477
[106.73034609303195, 3, 0, 0, 1] 0.598323283875827
[939.6743696492681, 3, 0, 0, 1] 1.422853086087811
[815.1621856688429, 3, 0, 0, 1] 1.266980317592993
[486.5460738564847, 3, 0, 0, 1] 0.861601850949247
[584.751525311767, 3, 0, 0, 1] 5.29533711705522
[210.6568131160913, 3, 0, 0, 1] 0.385190292735094
[551.1449420865922, 3, 0, 0, 1] 0.940426616177222
[746.3315033539172, 3, 0, 0, 1] 6.542372308056513
[302.683723542757, 3, 0, 0, 1] 2.569280193116739
[220.38334897437778, 3, 0, 0, 1] 1.732257721946809
[980.7484956783788, 3, 0, 0, 1] 0.963536991792962
[753.6309597668393, 3, 0, 0, 1] 6.600586152430976
[906.5686310538207, 3, 0, 0, 1] 1.381333610252188
[275.2220600968869, 3, 0, 0, 1] 0.564355938543372
[247.7203310822642, 3, 0, 0, 1] 2.017561469417661
[752.4662074097276, 3, 0, 0, 1] 6.591297864272331
[380.5205051245857, 3, 0, 0, 1] 3.60206433607142
[960.5784299474801, 3, 0, 0, 1] 1.449098173469255
[768.7628897070693, 3, 0, 0, 1] 16.48270210114752
[725.823459712037, 3, 0, 0, 1] 6.378783513188935
[420.88536827341255, 3, 0, 0, 1] 3.724161588115491
[278.3868494366611, 3, 0, 0, 1] 2.327449732997453
[400.83534757988184, 3, 0, 0, 1] 0.75727425358896
[475.1125679610743, 3, 0, 0, 1] 0.847717044488761
[580.4649659404752, 3, 0, 0, 1] 0.976335704558795
[183.92132558368723, 3, 0, 0, 1] 0.683159993114046
[717.4373684235193, 3, 0, 0, 1] 6.311872939034746
[368.498615418258, 3, 0, 0, 1] 3.503289449521968
[903.1357691507759, 3, 0, 0, 1] 1.37703259293363
[393.88027694987784, 3, 0, 0, 1] 3.711449822023451
[146.75480261607623, 3, 0, 0, 1] 1.443299074001153
[953.5090052908898, 3, 0, 0, 1] 1.440227540005022
[146.72717000537193, 3, 0, 0, 1] 1.44295868343799
[764.0162095265063, 3, 0, 0, 1] 16.376173777094504
[380.8889948203416, 3, 0, 0, 1] 3.605086497342556
[775.624042532042, 3, 0, 0, 1] 16.63666656127607
[681.4150214518013, 3, 0, 0, 1] 6.024338085101316
[391.7819773334929, 3, 0, 0, 1] 3.442116631340023
[427.00432994126743, 3, 0, 0, 1] 3.78332199112396
[546.2319810926745, 3, 0, 0, 1] 0.93441354647394
[137.31096361362296, 3, 0, 0, 1] 1.32372373950171
[696.0342961201077, 3, 0, 0, 1] 6.141056374680231
[469.99842006959636, 3, 0, 0, 1] 0.841498996697128
[382.444384011363, 3, 0, 0, 1] 3.35136138386172
[799.7006200748162, 3, 0, 0, 1] 6.967858137862073
[445.859420509025, 3, 0, 0, 1] 0.812146482425658
[377.07604299833696, 3, 0, 0, 1] 0.728078041285245
[593.9518891042916, 3, 0, 0, 1] 5.382912496972269
[976.9076035477539, 3, 0, 0, 1] 4.277040011594652
[245.4140306188791, 3, 0, 0, 1] 1.993933084387545
[238.7401364393599, 3, 0, 0, 1] 1.925205625864348
[541.942030143017, 3, 0, 0, 1] 0.929170567929598
[434.42216165686307, 3, 0, 0, 1] 0.798233766080704
[259.02348194586966, 3, 0, 0, 1] 2.13259536111013
[177.90523528867152, 3, 0, 0, 1] 1.799010235305765
[975.5293856426847, 3, 0, 0, 1] 4.275350391752812
[415.5319773816397, 3, 0, 0, 1] 0.775224341850767
[421.6438019480531, 3, 0, 0, 1] 3.731501284606763
[933.5867337227767, 3, 0, 0, 1] 1.415217690423576
[882.5077930890578, 3, 0, 0, 1] 8.109419983507568
[256.35724056979006, 3, 0, 0, 1] 0.736028486517437
[50.24075530447204, 3, 0, 0, 1] 0.284271787748775
[443.8393786548847, 3, 0, 0, 1] 0.809690172260756
[440.5284713947864, 3, 0, 0, 1] 0.805663034704366
[995.8960634036392, 3, 0, 0, 1] 1.493502860629071
[168.6118976263735, 3, 0, 0, 1] 1.698029180158631
[826.3892358007943, 3, 0, 0, 1] 1.281002378708837
[484.5099500734265, 3, 0, 0, 1] 0.859149051437001
[357.10668152394015, 3, 0, 0, 1] 0.703248688619795
[906.3726747240261, 3, 0, 0, 1] 1.381087190990137
[389.9648650860771, 3, 0, 0, 1] 0.743949770518181
[285.0708860047301, 3, 0, 0, 1] 0.607230251454121
[562.22382860608, 3, 0, 0, 1] 0.730347774516409
[602.9512835123793, 3, 0, 0, 1] 1.003942908921883
[920.6074881663458, 3, 0, 0, 1] 0.929986946892681
[251.02423554547164, 3, 0, 0, 1] 0.551585412151953
[421.91047206154747, 3, 0, 0, 1] 0.783001013582462
[722.5654375762211, 3, 0, 0, 1] 6.352789723083443
[86.89197869381886, 3, 0, 0, 1] 1.617527882660802
[447.01130293242954, 3, 0, 0, 1] 0.813546483305839
[366.3079914241111, 3, 0, 0, 1] 3.485251724369133
[198.87428212070571, 3, 0, 0, 1] 0.409923130698677
[407.8085525166025, 3, 0, 0, 1] 0.643474561976957
[256.4862574460091, 3, 0, 0, 1] 0.736174360543908
[660.9243881615068, 3, 0, 0, 1] 5.860679936726277
[411.53408267039475, 3, 0, 0, 1] 0.770349622695469
[505.62073001057485, 3, 0, 0, 1] 0.884847400944346
[385.60590813585804, 3, 0, 0, 1] 0.738592748269463
[440.779231626297, 3, 0, 0, 1] 0.805968391685055
[780.8256758687065, 3, 0, 0, 1] 16.7533642822466
[416.1799892883956, 3, 0, 0, 1] 0.776016147459041
[359.43918356908495, 3, 0, 0, 1] 0.615568525751717
[414.9111827026763, 3, 0, 0, 1] 0.77446820414591
[495.5737181519756, 3, 0, 0, 1] 0.87261943742705
[649.516511582322, 3, 0, 0, 1] 5.769527510918127
[227.82220318963087, 3, 0, 0, 1] 1.811311215368865
[777.1387820161416, 3, 0, 0, 1] 16.670652977136815
[356.6287644763688, 3, 0, 0, 1] 0.702649674225976
[149.91312886853055, 3, 0, 0, 1] 1.481864723998713
[397.17475883730555, 3, 0, 0, 1] 0.752791531410874
[453.230789379941, 3, 0, 0, 1] 0.821111113755632
[637.9327091293816, 3, 0, 0, 1] 1.047002747526498
[922.4053565087962, 3, 0, 0, 1] 8.484282852971784
[528.211556771437, 3, 0, 0, 1] 0.912401342354277
[166.91532690180253, 3, 0, 0, 1] 1.679176312873669
[465.709367237808, 3, 0, 0, 1] 0.836284534424367
[400.61079514145854, 3, 0, 0, 1] 0.639357059288514
[377.79873979634704, 3, 0, 0, 1] 0.728970678609664
[628.1418707277126, 3, 0, 0, 1] 1.034941649754495
[679.2806041900566, 3, 0, 0, 1] 6.007290086226725
[773.541379495735, 3, 0, 0, 1] 16.58993570071864
[729.7248915384096, 3, 0, 0, 1] 6.409908760574586
[122.19812088601184, 3, 0, 0, 1] 1.116915881763333
[864.1338539928406, 3, 0, 0, 1] 1.328188101304557
[282.8618840079098, 3, 0, 0, 1] 2.372180108240187
[156.85805369737608, 3, 0, 0, 1] 1.56443279672824
[976.8162631181356, 3, 0, 0, 1] 4.276967888648501
[951.1587315005163, 3, 0, 0, 1] 8.754182564667278
[982.9348295507483, 3, 0, 0, 1] 0.964757077086074
[234.58152008424076, 3, 0, 0, 1] 1.882066190349801
[899.2220392333329, 3, 0, 0, 1] 0.918061259376589
[357.05149182203354, 3, 0, 0, 1] 0.703179354145715
[455.33860036822216, 3, 0, 0, 1] 0.823673234904339
[800.8847941005162, 3, 0, 0, 1] 16.163220780236298
[920.7606941520088, 3, 0, 0, 1] 1.39912975753706
[385.2960283437509, 3, 0, 0, 1] 0.738210828176438
[653.1786437531799, 3, 0, 0, 1] 5.798791475111148
[454.86606047150394, 3, 0, 0, 1] 0.823098167246527
[178.74145904855098, 3, 0, 0, 1] 1.013708222239806
[331.7515111290253, 3, 0, 0, 1] 0.671027063322593
[100.1647345156619, 3, 0, 0, 1] 0.776727171850987
[187.37727220555027, 3, 0, 0, 1] 1.074894574775245
[856.3363123039903, 3, 0, 0, 1] 1.318434857500216
[862.4528379236361, 3, 0, 0, 1] 1.326084961082454
[775.779705918399, 3, 0, 0, 1] 16.640158888301375
[216.17163391169584, 3, 0, 0, 1] 1.686766347024525
[525.415335131535, 3, 0, 0, 1] 0.908984815023334
[347.3985703117391, 3, 0, 0, 1] 3.009425844090142
[827.1603915578883, 3, 0, 0, 1] 1.281967075935042
[840.9565083015195, 3, 0, 0, 1] 1.299199278969484
[122.45540263029999, 3, 0, 0, 1] 1.120613014827247
[53.34883392550134, 3, 0, 0, 1] 0.298219508089205
[81.91686027319602, 3, 0, 0, 1] 1.440062949730936
[991.7301947570191, 3, 0, 0, 1] 8.496966066778082
[114.17438649256465, 3, 0, 0, 1] 0.998359138603391
[350.36957659356597, 3, 0, 0, 1] 3.038502135947717
[854.225672365858, 3, 0, 0, 1] 1.315794154218018
[140.82791936539195, 3, 0, 0, 1] 1.369040207138929
[417.82186134713356, 3, 0, 0, 1] 3.69452957731373
[150.09435533626964, 3, 0, 0, 1] 1.484057597933182
[63.609793520293564, 3, 0, 0, 1] 0.338383681012546
[104.89634139503275, 3, 0, 0, 1] 0.85356398980454
[289.15646581853525, 3, 0, 0, 1] 2.434941906577507
[367.3563656631955, 3, 0, 0, 1] 3.493886131968124
[607.9056260165918, 3, 0, 0, 1] 5.515630286870468
[183.14781677061836, 3, 0, 0, 1] 0.684170599330279
[510.33590443543255, 3, 0, 0, 1] 0.89059827000548
[821.8017147161869, 3, 0, 0, 1] 7.538313019647008
[721.8724144964737, 3, 0, 0, 1] 6.347260319944565
[516.9091147224804, 3, 0, 0, 1] 0.898611264251175
[335.67901508485403, 3, 0, 0, 1] 2.894546421394089
[713.8019544833245, 3, 0, 0, 1] 6.282863741305948
[349.06113676830705, 3, 0, 0, 1] 3.025699024888444
[394.62256263459597, 3, 0, 0, 1] 0.749665332055063
[730.6145457912987, 3, 0, 0, 1] 6.41700604759464
[295.0511897846885, 3, 0, 0, 1] 2.493566072211424
[437.6216236389138, 3, 0, 0, 1] 0.802125652139806
[756.6807744510979, 3, 0, 0, 1] 6.62490651999734
[716.4707617950172, 3, 0, 0, 1] 6.304159979142194
[805.9888439049593, 3, 0, 0, 1] 1.25553641333895
