[11.879337113226768, 1, 0, 0, 1] 0.045904953339412
[41.68348437821902, 1, 0, 0, 1] 0.239585811740928
[9.28950832029386, 1, 0, 0, 1] 0.010741224838378
[21.953561238252977, 1, 0, 0, 1] 0.293532501082834
[47.85109559187761, 1, 0, 0, 1] 0.273543255266445
[2.1883041445340536, 1, 0, 0, 1] 0.003569876265855
[8.28586359254233, 1, 0, 0, 1] 0.010255103387646
[16.978973031492927, 1, 0, 0, 1] 0.074828494060032
[18.7752118080488, 1, 0, 0, 1] 0.215485778770217
[21.350899002597757, 1, 0, 0, 1] 0.279709234529111
[26.525425486425746, 1, 0, 0, 1] 0.118070964402506
[31.318545872308114, 1, 0, 0, 1] 0.170138896835355
[18.847568404794828, 1, 0, 0, 1] 0.217418561274787
[19.833820436302123, 1, 0, 0, 1] 0.242972190319546
[39.135326676343986, 1, 0, 0, 1] 0.22414461051719
[21.133989872776965, 1, 0, 0, 1] 0.274630920220085
[36.90561320663901, 1, 0, 0, 1] 0.210000984811833
[25.437281142172136, 1, 0, 0, 1] 0.11251425417307
[7.332178376077447, 1, 0, 0, 1] 0.011630273687939
[41.69852309520484, 1, 0, 0, 1] 0.239674480230794
[25.152472746588355, 1, 0, 0, 1] 0.090765511107729
[21.272152241615043, 1, 0, 0, 1] 0.277872026866794
[17.37390019690922, 1, 0, 0, 1] 0.080728044863471
[36.88918154265901, 1, 0, 0, 1] 0.209894784401476
[23.3900727510309, 1, 0, 0, 1] 0.036446581426534
[22.998356651454227, 1, 0, 0, 1] 0.029798691993619
[14.032069679214864, 1, 0, 0, 1] 0.005127746996176
[20.227161368744568, 1, 0, 0, 1] 0.252779186224826
[37.46671620361575, 1, 0, 0, 1] 0.213611125670584
[6.505518676030802, 1, 0, 0, 1] 0.012684470074263
[46.228919400660104, 1, 0, 0, 1] 0.265076507867059
[30.025380656698996, 1, 0, 0, 1] 0.158906186607879
[23.910526222445533, 1, 0, 0, 1] 0.346384809758531
[23.70262101405971, 1, 0, 0, 1] 0.036354178784836
[16.754892601797838, 1, 0, 0, 1] 0.07063025308124
[10.536861980201811, 1, 0, 0, 1] 0.041293038093065
[28.979931233082446, 1, 0, 0, 1] 0.148899480629655
[7.515497797955395, 1, 0, 0, 1] 0.012924072150047
[9.419380032337571, 1, 0, 0, 1] 0.014068420464075
[38.256045797075814, 1, 0, 0, 1] 0.218633278018914
[26.479373076715053, 1, 0, 0, 1] 0.117230387009386
[41.715256110547834, 1, 0, 0, 1] 0.239773538406726
[25.419468871927158, 1, 0, 0, 1] 0.111188043941566
[11.060435503945143, 1, 0, 0, 1] 0.051166282757694
[0.09085432873217059, 1, 0, 0, 1] 0.315119172420384
[4.146741323505143, 1, 0, 0, 1] 0.006498397944767
[12.041132912636115, 1, 0, 0, 1] 0.04223058890627
[2.150844461037943, 1, 0, 0, 1] 0.003551311878833
[38.04067772990949, 1, 0, 0, 1] 0.217269751568708
[47.635857754400575, 1, 0, 0, 1] 0.272438415102443
[24.790772509594223, 1, 0, 0, 1] 0.065063312401921
[17.223845084847973, 1, 0, 0, 1] 0.078754025450576
[3.8646726346421967, 1, 0, 0, 1] 0.009220555338892
[11.165365144050599, 1, 0, 0, 1] 0.052385945168138
[9.536906869528943, 1, 0, 0, 1] 0.017090718005637
[45.301986609441265, 1, 0, 0, 1] 0.260091700806493
[33.54817835165518, 1, 0, 0, 1] 0.187394919990335
[8.773225966306425, 1, 0, 0, 1] 0.001666501741989
[8.226580289046659, 1, 0, 0, 1] 0.010970937285149
[36.90200750719562, 1, 0, 0, 1] 0.209977682921659
[41.817743536378664, 1, 0, 0, 1] 0.240376286633023
[6.628474039624615, 1, 0, 0, 1] 0.006789352800014
[0.7069175957233997, 1, 0, 0, 1] 0.29006884315353
[48.02048758019761, 1, 0, 0, 1] 0.274408597945497
[24.12112176352877, 1, 0, 0, 1] 0.04072324883445
[21.16212596099108, 1, 0, 0, 1] 0.275292827550681
[18.722122225915815, 1, 0, 0, 1] 0.214062346055051
[26.939812976755018, 1, 0, 0, 1] 0.124771632059932
[28.1997888901732, 1, 0, 0, 1] 0.140654806726648
[45.166990596544025, 1, 0, 0, 1] 0.259356812743284
[33.733745796008236, 1, 0, 0, 1] 0.188732598002177
[49.38214356653828, 1, 0, 0, 1] 0.2812423298807
[25.017623618114914, 1, 0, 0, 1] 0.080489333667852
[29.97398810283569, 1, 0, 0, 1] 0.15843619280238
[21.827685331365764, 1, 0, 0, 1] 0.290679551518904
[32.2504846698088, 1, 0, 0, 1] 0.177635621269423
[0.6967224373293113, 1, 0, 0, 1] 0.293452636009452
[48.37527241052991, 1, 0, 0, 1] 0.276210632159521
[16.341863160556457, 1, 0, 0, 1] 0.061700906649135
[36.64589899009958, 1, 0, 0, 1] 0.208319319457446
[34.00679245244186, 1, 0, 0, 1] 0.19067638557927
[49.67407304710913, 1, 0, 0, 1] 0.282679019717903
[45.87487441595326, 1, 0, 0, 1] 0.263185327360785
[34.90306628606224, 1, 0, 0, 1] 0.196860814024856
[25.788716634212676, 1, 0, 0, 1] 0.023888907379642
[0.2737867951572992, 1, 0, 0, 1] 0.297747606922268
[30.334721304937894, 1, 0, 0, 1] 0.161693800817065
[30.906536709574013, 1, 0, 0, 1] 0.16667474679312
[6.688512581887329, 1, 0, 0, 1] 0.005324208163552
[15.83384943057536, 1, 0, 0, 1] 0.04902404988415
[32.0029253606316, 1, 0, 0, 1] 0.17568709448759
[29.07065883512809, 1, 0, 0, 1] 0.149809271255271
[0.3328194492766168, 1, 0, 0, 1] 0.299371915304928
[31.98160732234242, 1, 0, 0, 1] 0.175517905100923
[5.931593921488037, 1, 0, 0, 1] 0.003571938510684
[9.086091205564822, 1, 0, 0, 1] 0.005631224675111
[47.36036852320112, 1, 0, 0, 1] 0.271016000318745
[38.3232616143662, 1, 0, 0, 1] 0.219057681703012
[23.687480478127004, 1, 0, 0, 1] 0.036377994016202
[18.036768470080993, 1, 0, 0, 1] 0.216777866722138
[16.261431883393612, 1, 0, 0, 1] 0.0598080448789
[2.3284041599238634, 1, 0, 0, 1] 0.00287846382524
[32.03849531721402, 1, 0, 0, 1] 0.17596889385721
[47.05193556430004, 1, 0, 0, 1] 0.269412554184711
[37.050305449910226, 1, 0, 0, 1] 0.210934991661901
[34.57314774898875, 1, 0, 0, 1] 0.194618312601096
[42.77829109668417, 1, 0, 0, 1] 0.245967068727278
[38.62920275354311, 1, 0, 0, 1] 0.220983160419425
[30.196955305697305, 1, 0, 0, 1] 0.160460905969881
[0.768623090297077, 1, 0, 0, 1] 0.035297747533831
[17.915946559464885, 1, 0, 0, 1] 0.083313396988426
[42.46010607444741, 1, 0, 0, 1] 0.244128222409544
[0.4906764754019244, 1, 0, 0, 1] 0.304135261742292
[16.636990633828848, 1, 0, 0, 1] 0.068226495227354
[10.88358862836455, 1, 0, 0, 1] 0.048320830975471
[47.55037149252866, 1, 0, 0, 1] 0.271998036788904
[17.390767398851764, 1, 0, 0, 1] 0.080925262056445
[37.43410366444216, 1, 0, 0, 1] 0.213402228355296
[32.571837273975056, 1, 0, 0, 1] 0.18012155719673
[49.48020055902373, 1, 0, 0, 1] 0.281726001868895
[22.321135069701675, 1, 0, 0, 1] 0.30176237715996
[7.716868026098872, 1, 0, 0, 1] 0.013587707809777
[25.966702846498606, 1, 0, 0, 1] 0.036151094412642
[29.139196693664033, 1, 0, 0, 1] 0.150490743871032
[4.198056061331423, 1, 0, 0, 1] 0.005882053383105
[32.450720739949915, 1, 0, 0, 1] 0.17919019919073
[24.670212060016805, 1, 0, 0, 1] 0.351009892459956
[30.426434930622676, 1, 0, 0, 1] 0.162507194164487
[25.593830289210935, 1, 0, 0, 1] 0.123895914884732
[10.484299388240292, 1, 0, 0, 1] 0.040135771570864
[35.14752694039791, 1, 0, 0, 1] 0.198497833327397
[2.9243582738192497, 1, 0, 0, 1] 0.005001526802764
[37.55702516992816, 1, 0, 0, 1] 0.214189208919939
[5.809566758447704, 1, 0, 0, 1] 0.004261051069727
[15.540756458458066, 1, 0, 0, 1] 0.041009685146148
[45.48211395859993, 1, 0, 0, 1] 0.26106876702166
[42.40349443199196, 1, 0, 0, 1] 0.243799702453032
[20.320206467554858, 1, 0, 0, 1] 0.255069041208218
[18.396947049842705, 1, 0, 0, 1] 0.226314536928708
[44.65517920676843, 1, 0, 0, 1] 0.256549262141302
[38.30214828710075, 1, 0, 0, 1] 0.218924529212389
[12.017802135131866, 1, 0, 0, 1] 0.042772377503844
[3.7149423020880867, 1, 0, 0, 1] 0.009982105858802
[27.257381738764465, 1, 0, 0, 1] 0.129231488990425
[39.53971552621415, 1, 0, 0, 1] 0.226648647714937
[27.243972483635716, 1, 0, 0, 1] 0.129051475264742
[18.15202344623106, 1, 0, 0, 1] 0.21985790374509
[34.18447099524266, 1, 0, 0, 1] 0.191925914901556
[47.193722757313225, 1, 0, 0, 1] 0.270151110352046
[49.72859566146856, 1, 0, 0, 1] 0.282946234437173
[2.6598409300301826, 1, 0, 0, 1] 0.001294481808351
[26.304184549303972, 1, 0, 0, 1] 0.051609361600634
[10.883059488429813, 1, 0, 0, 1] 0.048311263098328
[35.27309451921178, 1, 0, 0, 1] 0.199330736911866
[20.279813568281174, 1, 0, 0, 1] 0.2540763415517
[16.038568090851047, 1, 0, 0, 1] 0.054331784747229
[26.491224620281272, 1, 0, 0, 1] 0.117449220658695
[5.283483478085888, 1, 0, 0, 1] 0.004737541260591
[34.975724597944705, 1, 0, 0, 1] 0.197349534269269
[28.737992837218286, 1, 0, 0, 1] 0.14642773834487
[23.24300366174522, 1, 0, 0, 1] 0.034855631426242
[27.306247315857085, 1, 0, 0, 1] 0.129882124789034
[27.47555705452145, 1, 0, 0, 1] 0.132076255123722
[40.584182854485334, 1, 0, 0, 1] 0.233023614331634
[13.243539093856283, 1, 0, 0, 1] 0.026865024825193
[5.597556244136609, 1, 0, 0, 1] 0.004959226288263
[5.26615881136705, 1, 0, 0, 1] 0.004680297489333
[2.5577158821478205, 1, 0, 0, 1] 0.000165453123967
[34.907426018098015, 1, 0, 0, 1] 0.196890191017888
[38.74247451427627, 1, 0, 0, 1] 0.221693308619848
[45.34108883563931, 1, 0, 0, 1] 0.260304159623845
[0.7326578679269724, 1, 0, 0, 1] 0.083186269942077
[23.660557900394906, 1, 0, 0, 1] 0.036438786031085
[23.489702213465378, 1, 0, 0, 1] 0.036782333125757
[10.40490050801921, 1, 0, 0, 1] 0.03835543433241
[2.0916474848937883, 1, 0, 0, 1] 0.003307883907252
[13.879143503358076, 1, 0, 0, 1] 0.009825648907639
[33.71862720805103, 1, 0, 0, 1] 0.188624123651906
[49.975575868308134, 1, 0, 0, 1] 0.28415240272135
[20.4863434821137, 1, 0, 0, 1] 0.25912989378802
[8.419393762721072, 1, 0, 0, 1] 0.008353620975144
[20.162400526358475, 1, 0, 0, 1] 0.251178724172104
[28.972375956088353, 1, 0, 0, 1] 0.148823315295308
[44.25852091057744, 1, 0, 0, 1] 0.254350489795411
[33.88974224675705, 1, 0, 0, 1] 0.189846628878378
[38.347545788417335, 1, 0, 0, 1] 0.219210908455022
[38.751102247999626, 1, 0, 0, 1] 0.221747338295307
[16.45094491470192, 1, 0, 0, 1] 0.06419241872416
[40.34438591737254, 1, 0, 0, 1] 0.231571945806749
[37.52736663352518, 1, 0, 0, 1] 0.213999482751089
[2.3407933913714594, 1, 0, 0, 1] 0.00277056598823
[24.327490916850365, 1, 0, 0, 1] 0.344166085655291
[7.401640275455257, 1, 0, 0, 1] 0.012188586013111
[43.482254810495874, 1, 0, 0, 1] 0.249989131268015
[36.86190916660354, 1, 0, 0, 1] 0.209718459596696
[11.488566959299352, 1, 0, 0, 1] 0.052502528802444
[46.383443529428774, 1, 0, 0, 1] 0.265896998814403
[14.346629998842092, 1, 0, 0, 1] 0.004751365908606
[6.772847074992655, 1, 0, 0, 1] 0.00478110674277
[22.750271667507583, 1, 0, 0, 1] 0.311183729725873
[25.862354408205768, 1, 0, 0, 1] 0.029629249615536
[42.65658017555567, 1, 0, 0, 1] 0.245265097028168
[44.23964714340406, 1, 0, 0, 1] 0.25424536958491
[11.738235534608604, 1, 0, 0, 1] 0.048821951999406
[44.14089467483406, 1, 0, 0, 1] 0.253694813641853
[43.70774138813147, 1, 0, 0, 1] 0.251263936491486
[20.004260904671135, 1, 0, 0, 1] 0.247247208602788
[3.0991981041984085, 1, 0, 0, 1] 0.007116887971185
[45.85528845006104, 1, 0, 0, 1] 0.263080247677642
[8.657400997050447, 1, 0, 0, 1] 0.004083312986992
[2.407533161479114, 1, 0, 0, 1] 0.002093051716917
[37.371082263827546, 1, 0, 0, 1] 0.212998139097021
[43.71919926020919, 1, 0, 0, 1] 0.25132854157725
[12.822583384268448, 1, 0, 0, 1] 0.022342627927533
[17.082793506017822, 1, 0, 0, 1] 0.076586932896143
[39.5886833813244, 1, 0, 0, 1] 0.226950525444607
[0.8273783490622411, 1, 0, 0, 1] 0.003017252078907
[4.489884755117929, 1, 0, 0, 1] 0.002155139565409
[46.12098734763389, 1, 0, 0, 1] 0.264501638503449
[33.22412664059427, 1, 0, 0, 1] 0.185025539567155
[19.50369678827543, 1, 0, 0, 1] 0.254074034389301
[44.35561633227606, 1, 0, 0, 1] 0.254890567727676
[4.170837375776126, 1, 0, 0, 1] 0.006212047698322
[47.63641332955258, 1, 0, 0, 1] 0.272441274350687
[2.3442340797986017, 1, 0, 0, 1] 0.002739510016158
[48.201624931845025, 1, 0, 0, 1] 0.275330626162487
[32.62982903333376, 1, 0, 0, 1] 0.180565117739311
[34.91257277789653, 1, 0, 0, 1] 0.196924862604105
[34.202832303129846, 1, 0, 0, 1] 0.192054364002194
[9.260870495881319, 1, 0, 0, 1] 0.01001223552653
[48.741443164154816, 1, 0, 0, 1] 0.278054392255286
[0.3753133464827918, 1, 0, 0, 1] 0.301147187576538
[37.146274123605714, 1, 0, 0, 1] 0.211553334555673
[12.980864282686284, 1, 0, 0, 1] 0.016889113457478
[46.04547223377573, 1, 0, 0, 1] 0.264098551022917
[27.42921665537315, 1, 0, 0, 1] 0.131484475171491
[20.555564816081624, 1, 0, 0, 1] 0.252194663194084
[22.124199290125475, 1, 0, 0, 1] 0.297371636767966
[5.632667822241033, 1, 0, 0, 1] 0.004889325171042
[36.50213110272592, 1, 0, 0, 1] 0.207385617381219
[33.631718232014265, 1, 0, 0, 1] 0.187998812944455
[35.66211245140244, 1, 0, 0, 1] 0.201893932849121
[12.927030902441262, 1, 0, 0, 1] 0.0188025972956
[8.67987948041742, 1, 0, 0, 1] 0.003629565205148
[10.60654600582197, 1, 0, 0, 1] 0.042797988706255
[40.978291681271855, 1, 0, 0, 1] 0.235393691425139
[3.7760465083763184, 1, 0, 0, 1] 0.009740372265723
[0.6588602041627478, 1, 0, 0, 1] 0.299538752438409
[20.306453522806482, 1, 0, 0, 1] 0.254731277219628
[37.50911373450258, 1, 0, 0, 1] 0.213882578217401
[13.899597433531552, 1, 0, 0, 1] 0.009203842049544
[21.24819201529483, 1, 0, 0, 1] 0.27731157274065
[39.119981495148686, 1, 0, 0, 1] 0.224049203463452
[32.29959126594713, 1, 0, 0, 1] 0.17801859244647
[46.454796592640555, 1, 0, 0, 1] 0.266274901457272
[35.57034152770597, 1, 0, 0, 1] 0.201290070452513
[29.564979525100615, 1, 0, 0, 1] 0.154620363331479
[45.45170700284948, 1, 0, 0, 1] 0.260904291190868
[29.236009089722703, 1, 0, 0, 1] 0.151445102794803
[5.113252389907369, 1, 0, 0, 1] 0.003972198605572
[4.965041413653709, 1, 0, 0, 1] 0.002948189120535
[11.682768302046348, 1, 0, 0, 1] 0.049841644075807
[49.141590440452134, 1, 0, 0, 1] 0.28005107375358
[3.0265584143076563, 1, 0, 0, 1] 0.00628328145435
[26.312273105010846, 1, 0, 0, 1] 0.051918493754083
[19.518540862454216, 1, 0, 0, 1] 0.25443149697196
[24.89126417609989, 1, 0, 0, 1] 0.355366304956301
[5.478013856411678, 1, 0, 0, 1] 0.00505614251077
[19.893679865060548, 1, 0, 0, 1] 0.244478076123963
[37.82559420985643, 1, 0, 0, 1] 0.215902945647912
[35.645826862456595, 1, 0, 0, 1] 0.201786546962474
[34.74853158914083, 1, 0, 0, 1] 0.195815198043128
[25.120728082840316, 1, 0, 0, 1] 0.088316999171569
[12.521269813951264, 1, 0, 0, 1] 0.031039355243436
[40.60769171429073, 1, 0, 0, 1] 0.233165531062103
[19.99183564892512, 1, 0, 0, 1] 0.246936900966326
[15.440574928345836, 1, 0, 0, 1] 0.038168117343862
[42.54925723526523, 1, 0, 0, 1] 0.2446447793286
[47.10641613269525, 1, 0, 0, 1] 0.269696643130921
[19.21890478028115, 1, 0, 0, 1] 0.247142729397827
[8.684446590016815, 1, 0, 0, 1] 0.003536431839004
[8.422570736204355, 1, 0, 0, 1] 0.008303727766074
[14.890105344861793, 1, 0, 0, 1] 0.021779748083895
[8.231611794022081, 1, 0, 0, 1] 0.010913368340397
[25.69361399452521, 1, 0, 0, 1] 0.012393629027223
[48.795798676138304, 1, 0, 0, 1] 0.278326785920143
[24.556345474221352, 1, 0, 0, 1] 0.358026254456742
[14.898700703716939, 1, 0, 0, 1] 0.022043993808834
[17.529697235700613, 1, 0, 0, 1] 0.082324491001102
[39.73968330671583, 1, 0, 0, 1] 0.227879535423718
[49.57502403291056, 1, 0, 0, 1] 0.282192694449284
[43.91341959181638, 1, 0, 0, 1] 0.252421376153433
[37.620186394295445, 1, 0, 0, 1] 0.21459295746312
[8.897191728232274, 1, 0, 0, 1] 0.001111813019164
[21.32227863141656, 1, 0, 0, 1] 0.279042344703537
[26.43128699126165, 1, 0, 0, 1] 0.056249928522616
[46.83739432027015, 1, 0, 0, 1] 0.268290323604698
[35.71163190600581, 1, 0, 0, 1] 0.202218990138554
[3.863914477715147, 1, 0, 0, 1] 0.009225805507058
[28.585899836592855, 1, 0, 0, 1] 0.144837309331221
[15.939422357979737, 1, 0, 0, 1] 0.051792816022126
[5.202664916266286, 1, 0, 0, 1] 0.004430289857344
[26.86836513464822, 1, 0, 0, 1] 0.069636360899278
[48.50421047830577, 1, 0, 0, 1] 0.276861668815043
[25.051651683295837, 1, 0, 0, 1] 0.083042282822732
[2.5460533896760893, 1, 0, 0, 1] 0.00032769267165
[14.654372598664, 1, 0, 0, 1] 0.014453152055434
[43.0377073266474, 1, 0, 0, 1] 0.247456620012291
[43.29015126511503, 1, 0, 0, 1] 0.248897830028981
[46.11787343365281, 1, 0, 0, 1] 0.264485031059234
[25.315349880936367, 1, 0, 0, 1] 0.103322077380633
[41.31566870136567, 1, 0, 0, 1] 0.237406986668223
[31.872105874957622, 1, 0, 0, 1] 0.174645274558741
[45.58949416247976, 1, 0, 0, 1] 0.261649442004962
[42.71831896054595, 1, 0, 0, 1] 0.245621493937837
[0.8609927927099137, 1, 0, 0, 1] 0.015539622410298
[27.632433054084153, 1, 0, 0, 1] 0.134035292400789
[0.44680392493486876, 1, 0, 0, 1] 0.303454896948549
[6.550805223896211, 1, 0, 0, 1] 0.010048647046721
[21.70523829856415, 1, 0, 0, 1] 0.287886961788588
[45.797306530965486, 1, 0, 0, 1] 0.262768889797319
[26.62369127525726, 1, 0, 0, 1] 0.119785839886004
[37.550925540720904, 1, 0, 0, 1] 0.214150199388509
[8.247882629015702, 1, 0, 0, 1] 0.0107231304034
[44.74572581683407, 1, 0, 0, 1] 0.257048375514788
[3.4906867248925555, 1, 0, 0, 1] 0.009999372716854
[18.815901248091343, 1, 0, 0, 1] 0.216573695093792
[27.44931120113232, 1, 0, 0, 1] 0.131741819045593
[39.752500308545166, 1, 0, 0, 1] 0.227958376335376
[28.100419509115753, 1, 0, 0, 1] 0.139540436555394
[11.28955869932064, 1, 0, 0, 1] 0.053154416252223
[47.74685221416786, 1, 0, 0, 1] 0.273008810407511
[23.05977614956464, 1, 0, 0, 1] 0.031283164454098
[22.798591481172554, 1, 0, 0, 1] 0.325370005681758
[1.742076202397519, 1, 0, 0, 1] 0.003214209870891
[9.869149954730977, 1, 0, 0, 1] 0.025537654523809
[22.971285353513938, 1, 0, 0, 1] 0.029110700670147
[3.8347503480139045, 1, 0, 0, 1] 0.009417512633968
[15.469594790885461, 1, 0, 0, 1] 0.038996309776082
[46.28089599565695, 1, 0, 0, 1] 0.265352837621478
[27.829167854204645, 1, 0, 0, 1] 0.136405818379605
[0.9073010980663487, 1, 0, 0, 1] 0.026491235235088
[14.368578963300182, 1, 0, 0, 1] 0.005445099048456
[45.04301461544263, 1, 0, 0, 1] 0.2586797984586
[27.771513716185247, 1, 0, 0, 1] 0.135720253162286
[17.775467440731624, 1, 0, 0, 1] 0.083537896599011
[37.47200268364612, 1, 0, 0, 1] 0.213644984716172
[29.07156886329257, 1, 0, 0, 1] 0.149818352078614
[23.71721170338294, 1, 0, 0, 1] 0.036339992917036
[36.456826084667235, 1, 0, 0, 1] 0.207090999137453
[3.564279313298524, 1, 0, 0, 1] 0.010145001651194
[27.311329152364074, 1, 0, 0, 1] 0.129949316697738
[35.362502347023515, 1, 0, 0, 1] 0.199920933046176
[37.55436499507779, 1, 0, 0, 1] 0.214172196703348
[21.466781041944838, 1, 0, 0, 1] 0.282399651304844
[2.289941589153183, 1, 0, 0, 1] 0.003171111245378
[28.419044029080716, 1, 0, 0, 1] 0.143056872079832
[35.80383855127464, 1, 0, 0, 1] 0.202824379328908
[21.34383207712645, 1, 0, 0, 1] 0.279544655050085
[37.60935511635664, 1, 0, 0, 1] 0.214523737982732
[38.92692058522791, 1, 0, 0, 1] 0.222846455124651
[10.827575736757023, 1, 0, 0, 1] 0.047281976273175
[38.38436266120501, 1, 0, 0, 1] 0.219443085260939
[9.47376271137989, 1, 0, 0, 1] 0.01546691313886
[15.415534966910888, 1, 0, 0, 1] 0.037450293870184
[31.20423981097546, 1, 0, 0, 1] 0.169187644121386
[34.228727795699484, 1, 0, 0, 1] 0.192235297291476
[41.29372583324859, 1, 0, 0, 1] 0.237276525245348
[15.891782334398313, 1, 0, 0, 1] 0.050551559891178
[27.047354666258443, 1, 0, 0, 1] 0.12633164942549
[49.02852498093816, 1, 0, 0, 1] 0.279488808135895
[31.861165854746375, 1, 0, 0, 1] 0.174557760675258
[24.602219729421414, 1, 0, 0, 1] 0.055312663402736
[12.406729450467946, 1, 0, 0, 1] 0.033693036294477
[45.4260188817931, 1, 0, 0, 1] 0.260765054582496
[20.868794541413628, 1, 0, 0, 1] 0.268345819573013
[46.62392552662528, 1, 0, 0, 1] 0.267168063588118
[1.2221660099015819, 1, 0, 0, 1] 0.023177571925867
[2.6945340705167964, 1, 0, 0, 1] 0.001796937838823
[11.530042890360903, 1, 0, 0, 1] 0.052079132503177
[15.459323773486517, 1, 0, 0, 1] 0.038703615436326
[13.276985327279927, 1, 0, 0, 1] 0.026191768482055
[2.1099558801660647, 1, 0, 0, 1] 0.003412629657632
[45.87433861772974, 1, 0, 0, 1] 0.263182453416293
[43.257395934614685, 1, 0, 0, 1] 0.248711287549656
[26.740598946843857, 1, 0, 0, 1] 0.121711396330035
[28.152495997619198, 1, 0, 0, 1] 0.14012654480236
[14.762582513581023, 1, 0, 0, 1] 0.017833112387164
[23.68530493165832, 1, 0, 0, 1] 0.036382133691281
[4.971004308418819, 1, 0, 0, 1] 0.002995532201774
[38.42951441310883, 1, 0, 0, 1] 0.219727613113495
[24.631731221277768, 1, 0, 0, 1] 0.056645221299466
[2.865798391247165, 1, 0, 0, 1] 0.004219286637223
[32.38429338465367, 1, 0, 0, 1] 0.178676545323404
[17.23026126978839, 1, 0, 0, 1] 0.078845779984695
[26.87539696285603, 1, 0, 0, 1] 0.069827954720342
[36.833503315621385, 1, 0, 0, 1] 0.209534708844024
[29.53245790051058, 1, 0, 0, 1] 0.154310892759807
[2.0477316334672535, 1, 0, 0, 1] 0.002943610104565
[13.700886482415608, 1, 0, 0, 1] 0.015128441207802
[33.87514664900034, 1, 0, 0, 1] 0.189742799631444
[39.58114139357237, 1, 0, 0, 1] 0.226904049167739
[16.805511775319022, 1, 0, 0, 1] 0.071623009958547
[34.36772312488607, 1, 0, 0, 1] 0.193202245659683
[17.533129894499368, 1, 0, 0, 1] 0.08235338285189
[33.8326321195967, 1, 0, 0, 1] 0.18943990768824
[49.93223674997887, 1, 0, 0, 1] 0.283941278352015
[29.323989998787592, 1, 0, 0, 1] 0.152304304611838
[3.6941134041917456, 1, 0, 0, 1] 0.010041696223273
[21.573098583580926, 1, 0, 0, 1] 0.284854255277309
[23.078640554254186, 1, 0, 0, 1] 0.031715003065878
[14.517936242599767, 1, 0, 0, 1] 0.010162524633085
[48.060101793828565, 1, 0, 0, 1] 0.274610745561675
[13.23305533152998, 1, 0, 0, 1] 0.027061654085379
[21.127443411846265, 1, 0, 0, 1] 0.274476785575291
[41.10715920959771, 1, 0, 0, 1] 0.236164420100019
[23.656801126612514, 1, 0, 0, 1] 0.036448690648743
[4.523527238431235, 1, 0, 0, 1] 0.001729852333218
[25.669666441655377, 1, 0, 0, 1] 0.129227743729465
[39.1182429760928, 1, 0, 0, 1] 0.224038392691418
[26.338584372629143, 1, 0, 0, 1] 0.052910457120948
[38.905429846208875, 1, 0, 0, 1] 0.222712299588503
[35.39230192612104, 1, 0, 0, 1] 0.200117481944582
[16.601125396963184, 1, 0, 0, 1] 0.067470997373537
[19.640940904347314, 1, 0, 0, 1] 0.257364633799621
[16.42163996233152, 1, 0, 0, 1] 0.06353186497744
[29.475565073420718, 1, 0, 0, 1] 0.153767239076568
[14.474689486766067, 1, 0, 0, 1] 0.00879779590135
[18.974113177353885, 1, 0, 0, 1] 0.220778977810551
[46.17757614023258, 1, 0, 0, 1] 0.264803225897615
[42.34128725953226, 1, 0, 0, 1] 0.243438206581848
[38.789713457588576, 1, 0, 0, 1] 0.221989027707779
[30.77215465815565, 1, 0, 0, 1] 0.165523011114673
[37.200385478666504, 1, 0, 0, 1] 0.211901577264198
[33.532602549448306, 1, 0, 0, 1] 0.187282018112312
[1.7889344458049294, 1, 0, 0, 1] 0.002125675823552
[21.656795148326086, 1, 0, 0, 1] 0.286777470388712
[10.588609795400423, 1, 0, 0, 1] 0.042414029892362
[25.62784793327279, 1, 0, 0, 1] 0.12630219625001
[2.3105759431906012, 1, 0, 0, 1] 0.003022405331109
[13.273575620964978, 1, 0, 0, 1] 0.026263124512946
[44.39415737396411, 1, 0, 0, 1] 0.255104600241127
[13.551840247906044, 1, 0, 0, 1] 0.019345982804481
[24.629624931218974, 1, 0, 0, 1] 0.056547094163421
[34.44703380739233, 1, 0, 0, 1] 0.193750740719328
[9.871440285822091, 1, 0, 0, 1] 0.02559491290591
[38.93002752633829, 1, 0, 0, 1] 0.222865845564653
[11.197336511171663, 1, 0, 0, 1] 0.05266158565497
[48.905596594613044, 1, 0, 0, 1] 0.278875817700126
[13.04380531211859, 1, 0, 0, 1] 0.014580961564054
[16.80479007123168, 1, 0, 0, 1] 0.07160899489672
[13.44223909930285, 1, 0, 0, 1] 0.022265820024887
[22.513343358529315, 1, 0, 0, 1] 0.30600677669542
[7.448541773385764, 1, 0, 0, 1] 0.012520087934777
[11.544155159662795, 1, 0, 0, 1] 0.051914994440315
[0.020289923789851283, 1, 0, 0, 1] 0.324724283640466
[47.90209687638704, 1, 0, 0, 1] 0.273804232798734
[7.89730685574514, 1, 0, 0, 1] 0.013394098198898
[34.62438287266838, 1, 0, 0, 1] 0.194969090418812
[48.69080135727472, 1, 0, 0, 1] 0.277800341269969
[14.678883555617816, 1, 0, 0, 1] 0.015220851842753
[28.06687426568761, 1, 0, 0, 1] 0.139160345168059
[35.72510300871311, 1, 0, 0, 1] 0.202307510295118
[21.83930887268904, 1, 0, 0, 1] 0.290943634062194
[29.25571272847692, 1, 0, 0, 1] 0.15163818374643
[11.750061505634351, 1, 0, 0, 1] 0.048593568316034
[16.09756534874876, 1, 0, 0, 1] 0.055813296550105
[7.239691316236025, 1, 0, 0, 1] 0.031288409823916
[6.485873076474125, 1, 0, 0, 1] 0.014003267981933
[49.08751642074808, 1, 0, 0, 1] 0.279782372567987
[1.2602618978891367, 1, 0, 0, 1] 0.019342337331607
[46.89008376203421, 1, 0, 0, 1] 0.268566459923429
[37.925834268673675, 1, 0, 0, 1] 0.2165405823634
[49.38166957241944, 1, 0, 0, 1] 0.281239989087033
[4.134932922262396, 1, 0, 0, 1] 0.006636564979881
[31.366328951466173, 1, 0, 0, 1] 0.170534378180351
[22.702432961362685, 1, 0, 0, 1] 0.310143293998573
[26.730373281123658, 1, 0, 0, 1] 0.121547282560545
[27.940001262073995, 1, 0, 0, 1] 0.137703959490984
[47.34305918963939, 1, 0, 0, 1] 0.270926322192872
[2.15404836166711, 1, 0, 0, 1] 0.003556827974286
[3.565776933083181, 1, 0, 0, 1] 0.010146450591103
[18.016414267748832, 1, 0, 0, 1] 0.082746878630727
[7.9828364271354975, 1, 0, 0, 1] 0.013023380966364
[6.7463515919710115, 1, 0, 0, 1] 0.004762729388609
[5.129547079511959, 1, 0, 0, 1] 0.004064827775801
[4.332521799138078, 1, 0, 0, 1] 0.004182886978272
[33.16534515750595, 1, 0, 0, 1] 0.184591109231621
[39.881862003385926, 1, 0, 0, 1] 0.228751784970344
[8.532336264395092, 1, 0, 0, 1] 0.006456431398143
[1.2318366011649151, 1, 0, 0, 1] 0.022220390614285
[44.33012293234363, 1, 0, 0, 1] 0.254748880166984
[1.7983981326291698, 1, 0, 0, 1] 0.001893518127009
[24.226783762644903, 1, 0, 0, 1] 0.342134035750526
[21.602493431995708, 1, 0, 0, 1] 0.285530663660019
[47.31561198135436, 1, 0, 0, 1] 0.270784047095653
[9.45323214172703, 1, 0, 0, 1] 0.014938832260498
[48.32424299797112, 1, 0, 0, 1] 0.275952417275829
[32.03736846933286, 1, 0, 0, 1] 0.17595997609436
[15.494158598669244, 1, 0, 0, 1] 0.039694084274033
[24.869523144716204, 1, 0, 0, 1] 0.070019672899132
[32.54692072366994, 1, 0, 0, 1] 0.17993051865307
[0.38982915217955494, 1, 0, 0, 1] 0.301717069732135
[45.73659786107823, 1, 0, 0, 1] 0.262442437340534
[1.83247713879916, 1, 0, 0, 1] 0.001050431905878
[3.171023526073047, 1, 0, 0, 1] 0.007866325808928
[26.29502647692582, 1, 0, 0, 1] 0.051256735213554
[46.466098800623115, 1, 0, 0, 1] 0.2663346987279
[38.640289592062786, 1, 0, 0, 1] 0.221052734246155
[27.02956298267527, 1, 0, 0, 1] 0.126077421824851
[18.917842728955776, 1, 0, 0, 1] 0.219287800675727
[34.78794232842482, 1, 0, 0, 1] 0.196082657453371
[42.16356112529061, 1, 0, 0, 1] 0.242402702090461
[34.39231930230392, 1, 0, 0, 1] 0.193372610643738
[38.845761409906295, 1, 0, 0, 1] 0.222339531686076
[43.934645834402325, 1, 0, 0, 1] 0.252540475231598
[4.080309227523626, 1, 0, 0, 1] 0.007254381235543
[37.87302182675319, 1, 0, 0, 1] 0.216204771363134
[33.17341628019501, 1, 0, 0, 1] 0.184650845459701
[41.983147180600184, 1, 0, 0, 1] 0.241347468338041
[10.666285025479427, 1, 0, 0, 1] 0.044058114561488
[4.782763534794604, 1, 0, 0, 1] 0.001272482316124
[24.387802139894195, 1, 0, 0, 1] 0.355024738571196
[4.534783155672923, 1, 0, 0, 1] 0.001588799840766
[31.80933867296743, 1, 0, 0, 1] 0.174142804159001
[43.93944464228357, 1, 0, 0, 1] 0.252567392589657
[46.68559923611928, 1, 0, 0, 1] 0.267492876066411
[9.82551618456975, 1, 0, 0, 1] 0.024443630645678
[16.756309030935974, 1, 0, 0, 1] 0.070658368423415
[1.6117112659426502, 1, 0, 0, 1] 0.004546002333173
[37.61882790905139, 1, 0, 0, 1] 0.21458427659121
[2.579351036469962, 1, 0, 0, 1] 0.000138846997592
[43.147814410017475, 1, 0, 0, 1] 0.248086238818754
[26.987719807838513, 1, 0, 0, 1] 0.12547361724569
[25.868974207556693, 1, 0, 0, 1] 0.030088040639521
[23.545191962140677, 1, 0, 0, 1] 0.036747818027613
[39.231261993057345, 1, 0, 0, 1] 0.224740458482039
[28.427970500301065, 1, 0, 0, 1] 0.143153118710348
[25.809939142549304, 1, 0, 0, 1] 0.025686006909788
[40.505234097148666, 1, 0, 0, 1] 0.23254645832832
[36.45683940960678, 1, 0, 0, 1] 0.207091085818991
[20.978355607312203, 1, 0, 0, 1] 0.287859915992753
[17.67714111905419, 1, 0, 0, 1] 0.083279512575605
[11.656653704884906, 1, 0, 0, 1] 0.050288887461111
[6.075622375299078, 1, 0, 0, 1] 0.002512268934931
[34.06524111030143, 1, 0, 0, 1] 0.191088743371238
[2.47979788794353, 1, 0, 0, 1] 0.001216887501667
[22.450658106799143, 1, 0, 0, 1] 0.304626963517043
[16.141323022599458, 1, 0, 0, 1] 0.056897606888016
[5.9886352859198855, 1, 0, 0, 1] 0.003182803737767
[15.247207425667685, 1, 0, 0, 1] 0.032550558758736
[18.58885542282911, 1, 0, 0, 1] 0.231291166383287
[16.62895827715695, 1, 0, 0, 1] 0.068058245169791
[29.4887265128951, 1, 0, 0, 1] 0.153893265749482
[21.127529698069097, 1, 0, 0, 1] 0.274478817271516
[15.599857556118197, 1, 0, 0, 1] 0.042662553573215
[11.707888021070827, 1, 0, 0, 1] 0.04939095161709
[30.714752987778315, 1, 0, 0, 1] 0.165027619248477
[6.361397955444753, 1, 0, 0, 1] 0.025042706768729
[34.73545815984195, 1, 0, 0, 1] 0.195726355585219
[30.87034440962552, 1, 0, 0, 1] 0.166365649334207
[34.87636330494392, 1, 0, 0, 1] 0.196680736528698
[6.700858250652453, 1, 0, 0, 1] 0.005134776511281
[8.143312591025403, 1, 0, 0, 1] 0.011835879932782
[6.75788451046202, 1, 0, 0, 1] 0.004749544058368
[20.768730108057103, 1, 0, 0, 1] 0.265952094650559
[40.34824988473134, 1, 0, 0, 1] 0.231595390926679
[20.25927991913456, 1, 0, 0, 1] 0.253570901551016
[31.629663663276723, 1, 0, 0, 1] 0.172691565061115
[40.48822673339822, 1, 0, 0, 1] 0.232443601772084
[22.360667561464343, 1, 0, 0, 1] 0.302638643585799
[19.61777325497842, 1, 0, 0, 1] 0.256811391992179
[36.532864836207665, 1, 0, 0, 1] 0.207585363161044
[47.967662851555964, 1, 0, 0, 1] 0.274139143753834
[28.94104814383856, 1, 0, 0, 1] 0.148506792379148
[21.1594342977918, 1, 0, 0, 1] 0.275229548439508
[25.3674773294834, 1, 0, 0, 1] 0.1072830969071
[0.23210958289077155, 1, 0, 0, 1] 0.298619528274107
[15.800994235772281, 1, 0, 0, 1] 0.048149131340862
[43.70261823178238, 1, 0, 0, 1] 0.251235044510091
[37.31869485959665, 1, 0, 0, 1] 0.212661931149288
[43.16472360158253, 1, 0, 0, 1] 0.248182778935747
[0.20395462359437677, 1, 0, 0, 1] 0.300649565683584
[22.393192828555815, 1, 0, 0, 1] 0.303358291285939
[1.0717562138652548, 1, 0, 0, 1] 0.03441197789978
[42.852032327551434, 1, 0, 0, 1] 0.246391387397379
[37.522692789361535, 1, 0, 0, 1] 0.213969573892863
[26.68718163923035, 1, 0, 0, 1] 0.120845362686752
[42.53251725435338, 1, 0, 0, 1] 0.244547959240207
[25.989121133762954, 1, 0, 0, 1] 0.037394936315106
[6.324188703306377, 1, 0, 0, 1] 0.029351682890749
[5.8756799042873284, 1, 0, 0, 1] 0.003912519134491
[37.02539607491392, 1, 0, 0, 1] 0.210774345909539
[40.51906981790313, 1, 0, 0, 1] 0.232630125725743
[38.11906656860506, 1, 0, 0, 1] 0.217766656448089
[39.72193272686017, 1, 0, 0, 1] 0.227770517098406
[8.348004732198655, 1, 0, 0, 1] 0.009418665027405
[14.868130321763683, 1, 0, 0, 1] 0.021102788881679
[38.7836857654394, 1, 0, 0, 1] 0.221951308454526
[15.907285764752594, 1, 0, 0, 1] 0.050956989358352
[49.74506950379051, 1, 0, 0, 1] 0.283026906263578
[19.82025274318364, 1, 0, 0, 1] 0.242630168532095
[31.1683927249844, 1, 0, 0, 1] 0.168887798750993
[15.072043270635438, 1, 0, 0, 1] 0.027325198140532
[2.78127656029738, 1, 0, 0, 1] 0.003042679147728
[47.95964742633645, 1, 0, 0, 1] 0.274098223335635
[36.88915124199009, 1, 0, 0, 1] 0.209894588538667
[39.207395542863495, 1, 0, 0, 1] 0.224592327009539
[42.09110354671275, 1, 0, 0, 1] 0.241979416857278
[38.57684698080026, 1, 0, 0, 1] 0.220654512600353
[39.62448622317745, 1, 0, 0, 1] 0.227171064243105
[27.225967717755772, 1, 0, 0, 1] 0.128808742725543
[47.794773875385985, 1, 0, 0, 1] 0.273254670835138
[43.6437044524256, 1, 0, 0, 1] 0.250902565495888
[0.17847843967950805, 1, 0, 0, 1] 0.303330176382208
[32.178949196035596, 1, 0, 0, 1] 0.17707553353908
[32.536000219053726, 1, 0, 0, 1] 0.179846673430001
[2.002044319637586, 1, 0, 0, 1] 0.002390565550679
[12.574221527500312, 1, 0, 0, 1] 0.02969691315584
[38.567211416986765, 1, 0, 0, 1] 0.220593964361128
[2.020269065216368, 1, 0, 0, 1] 0.002632627020666
[33.18770065183992, 1, 0, 0, 1] 0.184756500316622
[35.66304505794618, 1, 0, 0, 1] 0.201900056195189
[5.061926327804472, 1, 0, 0, 1] 0.003654208496188
[30.356493524722833, 1, 0, 0, 1] 0.161887423289032
[5.163137113645572, 1, 0, 0, 1] 0.004242959124525
[33.399292864237566, 1, 0, 0, 1] 0.186311705333215
[2.932887680755336, 1, 0, 0, 1] 0.005112793865427
[35.73292558705762, 1, 0, 0, 1] 0.202358859676085
[38.10481454810489, 1, 0, 0, 1] 0.217676339861678
[34.988798758499144, 1, 0, 0, 1] 0.197437279119035
[36.97832476109596, 1, 0, 0, 1] 0.210470606538364
[37.47925039067454, 1, 0, 0, 1] 0.213691399360937
[30.47498083424423, 1, 0, 0, 1] 0.162935417662058
[11.533389865384997, 1, 0, 0, 1] 0.052041101714472
[23.51746034740642, 1, 0, 0, 1] 0.036781181695999
[0.037376606043604266, 1, 0, 0, 1] 0.322709188350733
[37.10293481278889, 1, 0, 0, 1] 0.211274208280739
[22.304601438299294, 1, 0, 0, 1] 0.301395388270215
[15.592794608256288, 1, 0, 0, 1] 0.042465965698138
[4.808046202657396, 1, 0, 0, 1] 0.001529885489195
[34.98998847643268, 1, 0, 0, 1] 0.197445260750732
[39.773089059626614, 1, 0, 0, 1] 0.228084832755244
[6.019664072875031, 1, 0, 0, 1] 0.002954082618193
[14.391484698333084, 1, 0, 0, 1] 0.006169020306444
[48.24403491312824, 1, 0, 0, 1] 0.275545886202594
[44.975182069869135, 1, 0, 0, 1] 0.258308542352505
[21.599437100025064, 1, 0, 0, 1] 0.285460382702572
[22.813818441255652, 1, 0, 0, 1] 0.325666806221116
[46.32052893907907, 1, 0, 0, 1] 0.265563279911636
[10.116370692193733, 1, 0, 0, 1] 0.03160786904663
[2.2308994953975536, 1, 0, 0, 1] 0.003476535967529
[48.60088688193244, 1, 0, 0, 1] 0.277348525722554
[12.28054304555905, 1, 0, 0, 1] 0.036614370686965
[39.447651242212686, 1, 0, 0, 1] 0.226080077702179
[28.4386166730635, 1, 0, 0, 1] 0.143267753221312
[44.640057951927844, 1, 0, 0, 1] 0.256465808849593
[12.434592666203558, 1, 0, 0, 1] 0.033056538395314
[45.74454702998646, 1, 0, 0, 1] 0.262485209229409
[6.0655352133404445, 1, 0, 0, 1] 0.002594653653909
[12.013641523418444, 1, 0, 0, 1] 0.04286871040522
[20.77557069286662, 1, 0, 0, 1] 0.283409590106948
[33.181282211983515, 1, 0, 0, 1] 0.184709036694011
[29.12050196389695, 1, 0, 0, 1] 0.150305350686659
[40.24166556399098, 1, 0, 0, 1] 0.230947862309715
[43.869101607413214, 1, 0, 0, 1] 0.252172516325426
[35.48849176278334, 1, 0, 0, 1] 0.2007512553697
[1.9790192684229768, 1, 0, 0, 1] 0.002044379802619
[12.44193229849338, 1, 0, 0, 1] 0.032889324673545
[19.281657753258912, 1, 0, 0, 1] 0.248682160624035
[39.23086627883956, 1, 0, 0, 1] 0.224738002914322
[27.765699824231703, 1, 0, 0, 1] 0.135650714120592
[22.940183776601238, 1, 0, 0, 1] 0.028299026861416
[23.89338333872336, 1, 0, 0, 1] 0.346070449782064
[45.84355890161277, 1, 0, 0, 1] 0.263017295041369
[42.00800522641834, 1, 0, 0, 1] 0.241493064089609
[9.206563759873598, 1, 0, 0, 1] 0.008636895209767
[35.90500247814592, 1, 0, 0, 1] 0.203487758761165
[42.766570617436784, 1, 0, 0, 1] 0.245899563417067
[1.0659917626860194, 1, 0, 0, 1] 0.03462032732402
[43.58848737001677, 1, 0, 0, 1] 0.250590535333058
[34.091513848328155, 1, 0, 0, 1] 0.191273677087087
[28.3806879767235, 1, 0, 0, 1] 0.142641978912736
[43.52220774667193, 1, 0, 0, 1] 0.250215556122146
[35.72679022525068, 1, 0, 0, 1] 0.202318583112372
[6.380491601253607, 1, 0, 0, 1] 0.023025972445408
[3.7362745473277115, 1, 0, 0, 1] 0.009908954473952
[49.57721748562574, 1, 0, 0, 1] 0.282203476634309
[16.793656643157, 1, 0, 0, 1] 0.071392662717725
[36.51581932761775, 1, 0, 0, 1] 0.207474592087444
[10.45152348446975, 1, 0, 0, 1] 0.039405353138189
[22.22613568772203, 1, 0, 0, 1] 0.299649674937882
[30.264818039061243, 1, 0, 0, 1] 0.161069903140894
[35.07655451157896, 1, 0, 0, 1] 0.198024706735742
[20.595461039156014, 1, 0, 0, 1] 0.253219415641275
[11.411963396053615, 1, 0, 0, 1] 0.053034514495107
[10.841103103396577, 1, 0, 0, 1] 0.047537445107846
[35.4311355298421, 1, 0, 0, 1] 0.200373556980957
[25.767414849639596, 1, 0, 0, 1] 0.021921081525321
[46.45415245684802, 1, 0, 0, 1] 0.266271492937885
[21.859501927192298, 1, 0, 0, 1] 0.291402167593493
[25.45102898896611, 1, 0, 0, 1] 0.113533544693423
[33.92495872985726, 1, 0, 0, 1] 0.190096820452743
[38.41015157999797, 1, 0, 0, 1] 0.219605624934422
[31.639214972767167, 1, 0, 0, 1] 0.172769111151522
[5.831289800465312, 1, 0, 0, 1] 0.004153139441194
[1.4778556004205468, 1, 0, 0, 1] 0.000209468309851
[5.959693138454608, 1, 0, 0, 1] 0.00338543851587
[22.544338355677784, 1, 0, 0, 1] 0.306687459086569
[33.83618164786437, 1, 0, 0, 1] 0.189465222021091
[17.069187129923826, 1, 0, 0, 1] 0.076363940586506
[40.455878221212956, 1, 0, 0, 1] 0.232247831583752
[24.547833629768206, 1, 0, 0, 1] 0.357875205379158
[36.50091763884794, 1, 0, 0, 1] 0.207377728859315
[31.678718600513918, 1, 0, 0, 1] 0.17308941928821
[38.8957812195015, 1, 0, 0, 1] 0.222652050279105
[7.236060057531269, 1, 0, 0, 1] 0.010739533590585
[41.60596207404249, 1, 0, 0, 1] 0.239127851429522
[31.285661349158506, 1, 0, 0, 1] 0.169865986075453
[44.62231064535603, 1, 0, 0, 1] 0.256367825421678
[10.04869337234785, 1, 0, 0, 1] 0.02996984385644
[40.5039588188579, 1, 0, 0, 1] 0.232538765424719
[22.977436660463585, 1, 0, 0, 1] 0.029268732317706
[10.408231187553158, 1, 0, 0, 1] 0.038430850246818
[38.19367248455519, 1, 0, 0, 1] 0.218238866637046
[17.15498235247849, 1, 0, 0, 1] 0.077730167864491
[11.158550671073902, 1, 0, 0, 1] 0.052320862703882
[38.514270803982534, 1, 0, 0, 1] 0.220261155487337
[8.353407190708822, 1, 0, 0, 1] 0.009341894900322
[4.680760964075309, 1, 0, 0, 1] 0.000162594741366
[16.666543836240606, 1, 0, 0, 1] 0.068840670680863
[29.3127463746508, 1, 0, 0, 1] 0.152194921841224
[3.1124307283539823, 1, 0, 0, 1] 0.007260871612538
[37.81987035059951, 1, 0, 0, 1] 0.215866500141578
[5.821336254754223, 1, 0, 0, 1] 0.004203593830032
[43.58273625397911, 1, 0, 0, 1] 0.25055800329047
[35.90372013240739, 1, 0, 0, 1] 0.203479355005119
[36.075619048850726, 1, 0, 0, 1] 0.204604667982677
[42.47989970166924, 1, 0, 0, 1] 0.244243002991575
[40.27865348304916, 1, 0, 0, 1] 0.231172732462814
[3.124807491781001, 1, 0, 0, 1] 0.007393197741152
[28.52787256255243, 1, 0, 0, 1] 0.14422252224704
[34.675751057733585, 1, 0, 0, 1] 0.195319841214037
[0.657538842240607, 1, 0, 0, 1] 0.299665968138875
[48.98289865750378, 1, 0, 0, 1] 0.279261476380234
[30.39364028763422, 1, 0, 0, 1] 0.162217016320206
[30.720451436880598, 1, 0, 0, 1] 0.165076891365044
[45.95279241706492, 1, 0, 0, 1] 0.263602885411049
[28.55570535399198, 1, 0, 0, 1] 0.144517974918769
[32.24222411416048, 1, 0, 0, 1] 0.177571050637113
[49.199152221166386, 1, 0, 0, 1] 0.280336730721616
[15.512741771708793, 1, 0, 0, 1] 0.04022004564706
[14.173135989207609, 1, 0, 0, 1] 0.000719546311167
[34.448903682331284, 1, 0, 0, 1] 0.193763645859175
[21.580165186611396, 1, 0, 0, 1] 0.285016963291413
[49.31070618971105, 1, 0, 0, 1] 0.280889315960495
[22.527884999998925, 1, 0, 0, 1] 0.306326276573145
[6.585766681148286, 1, 0, 0, 1] 0.008387890124044
[38.17974193717022, 1, 0, 0, 1] 0.218150614568807
[22.159072865796993, 1, 0, 0, 1] 0.298152286174417
[1.777249943287068, 1, 0, 0, 1] 0.002408528373896
[13.78447897663062, 1, 0, 0, 1] 0.012670386906123
[42.39674290145637, 1, 0, 0, 1] 0.243760497375203
[45.77497802188277, 1, 0, 0, 1] 0.262648875137116
[25.997507272868837, 1, 0, 0, 1] 0.037849015504081
[10.401064351809907, 1, 0, 0, 1] 0.038268496216597
[48.43762032011821, 1, 0, 0, 1] 0.276525669673144
[18.191003853913934, 1, 0, 0, 1] 0.220893542464308
[9.08877237887808, 1, 0, 0, 1] 0.005697271901063
[24.59165989898378, 1, 0, 0, 1] 0.054851711732383
[30.660750002254478, 1, 0, 0, 1] 0.164559652000177
[0.23201742898623645, 1, 0, 0, 1] 0.298624222913439
[13.804056877492076, 1, 0, 0, 1] 0.012086944266034
[32.28107630842757, 1, 0, 0, 1] 0.177874383346772
[48.71092670443346, 1, 0, 0, 1] 0.277901337153696
[34.97590662161015, 1, 0, 0, 1] 0.197350756295514
[31.763311887055206, 1, 0, 0, 1] 0.173772336912114
[29.193623148223917, 1, 0, 0, 1] 0.151028436059073
[12.142963327708284, 1, 0, 0, 1] 0.03984458186729
[15.353269179118406, 1, 0, 0, 1] 0.035652650511281
[41.6959486033038, 1, 0, 0, 1] 0.239659336983547
[45.472697272992534, 1, 0, 0, 1] 0.26101780760935
[24.577424182390327, 1, 0, 0, 1] 0.05424412031989
[23.5649949079762, 1, 0, 0, 1] 0.036708009322085
[49.81617373535653, 1, 0, 0, 1] 0.283374742459424
[30.664518680106994, 1, 0, 0, 1] 0.164592370276979
[7.993470203172381, 1, 0, 0, 1] 0.012964527622839
[29.188983507350635, 1, 0, 0, 1] 0.150982717676673
[7.174060055812848, 1, 0, 0, 1] 0.010102229287673
[2.854267341243677, 1, 0, 0, 1] 0.004061778164961
[22.537445205528993, 1, 0, 0, 1] 0.306536203564431
[4.471243263405067, 1, 0, 0, 1] 0.002392843207705
[33.63225526274983, 1, 0, 0, 1] 0.188002686060321
[37.96013942548242, 1, 0, 0, 1] 0.216758549133134
[20.18982309195067, 1, 0, 0, 1] 0.251857122097104
[29.78034543550511, 1, 0, 0, 1] 0.156646738264864
[49.41000975208063, 1, 0, 0, 1] 0.281379895697345
[30.067913755389224, 1, 0, 0, 1] 0.159293641186108
[1.735186056978838, 1, 0, 0, 1] 0.00336020633288
[49.9350749767841, 1, 0, 0, 1] 0.283955113856445
[39.41828047204705, 1, 0, 0, 1] 0.225898580482143
[27.863042254651315, 1, 0, 0, 1] 0.136805204782641
[32.14207031499017, 1, 0, 0, 1] 0.176785853819215
[6.827950673790895, 1, 0, 0, 1] 0.005369343530789
[34.02597656585349, 1, 0, 0, 1] 0.190811873659353
[49.96405931469124, 1, 0, 0, 1] 0.284096324940687
[0.5957897302700799, 1, 0, 0, 1] 0.303153935463644
[29.465429790788495, 1, 0, 0, 1] 0.153670082007462
[4.652670973548517, 1, 0, 0, 1] 0.000161225191351
[45.912564853445865, 1, 0, 0, 1] 0.263387403175772
[28.017039636965315, 1, 0, 0, 1] 0.138591954998121
[25.875847576063954, 1, 0, 0, 1] 0.030556594097252
[46.266164748930514, 1, 0, 0, 1] 0.265274553342401
[8.944321689510614, 1, 0, 0, 1] 0.002211338399288
[28.672643022779905, 1, 0, 0, 1] 0.145748017021886
[36.88785134538273, 1, 0, 0, 1] 0.209886185951554
[44.98968738196309, 1, 0, 0, 1] 0.258387980669881
[30.81927629672178, 1, 0, 0, 1] 0.165928141112637
[8.960953603822313, 1, 0, 0, 1] 0.002604268430758
[0.6345456960411222, 1, 0, 0, 1] 0.301426076656219
[16.221068767569886, 1, 0, 0, 1] 0.058840958229313
[14.389452754043058, 1, 0, 0, 1] 0.006104793866573
[3.517268025214537, 1, 0, 0, 1] 0.010068659198216
[35.769277544916974, 1, 0, 0, 1] 0.202597543945553
[11.665975033387726, 1, 0, 0, 1] 0.050131900971857
[14.206787581031882, 1, 0, 0, 1] 0.000338729018372
[11.733331420257182, 1, 0, 0, 1] 0.048915577172036
[47.21553196031668, 1, 0, 0, 1] 0.270264505256724
[7.709087349839766, 1, 0, 0, 1] 0.013578647427297
[36.971421985364564, 1, 0, 0, 1] 0.210426046280236
[32.84495350478835, 1, 0, 0, 1] 0.182197427686331
[5.055014750489834, 1, 0, 0, 1] 0.00360837904577
[13.960865255616739, 1, 0, 0, 1] 0.007328308662025
[29.278698492205248, 1, 0, 0, 1] 0.151862943114132
[14.507530811555219, 1, 0, 0, 1] 0.009834228360875
[38.380083812491506, 1, 0, 0, 1] 0.219416109651883
[5.346594132413346, 1, 0, 0, 1] 0.004906122336377
[36.257108110128044, 1, 0, 0, 1] 0.205790014519058
[9.661183204660572, 1, 0, 0, 1] 0.020276527978736
[24.302391728152195, 1, 0, 0, 1] 0.343660585828886
[43.03880752055854, 1, 0, 0, 1] 0.247462919191348
[8.282176338964236, 1, 0, 0, 1] 0.010301996508042
[45.181381425782355, 1, 0, 0, 1] 0.259435253913553
[20.82504861516511, 1, 0, 0, 1] 0.284500860572571
[26.180899459252906, 1, 0, 0, 1] 0.046613367350763
[4.898812899672023, 1, 0, 0, 1] 0.002389365321115
[36.41562782281494, 1, 0, 0, 1] 0.206822912435144
[15.059380256529675, 1, 0, 0, 1] 0.02694294964124
[4.225944574434615, 1, 0, 0, 1] 0.005537805257248
[45.3321446351129, 1, 0, 0, 1] 0.260255576598555
[12.229865925750062, 1, 0, 0, 1] 0.037801304258437
[22.10481027393409, 1, 0, 0, 1] 0.296937035776504
[25.378258760027943, 1, 0, 0, 1] 0.108096874500977
[42.95845416272392, 1, 0, 0, 1] 0.247003150314157
[0.48757449385951057, 1, 0, 0, 1] 0.304106829610089
[32.85947235324952, 1, 0, 0, 1] 0.182306855910736
[18.962751739170812, 1, 0, 0, 1] 0.22047828327502
[44.72554374706066, 1, 0, 0, 1] 0.256937217527111
[30.60752087339974, 1, 0, 0, 1] 0.164096559133973
[19.14184842609632, 1, 0, 0, 1] 0.245242846154417
[1.7964444674025137, 1, 0, 0, 1] 0.001941611890092
[30.348083342357203, 1, 0, 0, 1] 0.16181266972852
[8.243791388209337, 1, 0, 0, 1] 0.010771548713231
[17.143723615423728, 1, 0, 0, 1] 0.07755644926045
[28.240589106014006, 1, 0, 0, 1] 0.141107805182717
[45.13778718922712, 1, 0, 0, 1] 0.259197527521659
[33.50377286484758, 1, 0, 0, 1] 0.187072788616885
[38.39522452119149, 1, 0, 0, 1] 0.219511553489257
[8.289644410580143, 1, 0, 0, 1] 0.010206697820842
[31.612721647469904, 1, 0, 0, 1] 0.172553896583119
[0.3514294496232695, 1, 0, 0, 1] 0.300149925919363
[18.203916675546033, 1, 0, 0, 1] 0.221235967756035
[47.445562649120866, 1, 0, 0, 1] 0.271456895799581
[0.5450454926861192, 1, 0, 0, 1] 0.304133533480305
[24.30196835361133, 1, 0, 0, 1] 0.343652059837826
[39.964783501153896, 1, 0, 0, 1] 0.229259333131543
[41.75079657646613, 1, 0, 0, 1] 0.23998224517233
[48.06273876005442, 1, 0, 0, 1] 0.27462417916781
[8.802714386521165, 1, 0, 0, 1] 0.001022002249437
[20.04492765916186, 1, 0, 0, 1] 0.248261426310761
[22.413713856267314, 1, 0, 0, 1] 0.303811746068259
[43.01301257848086, 1, 0, 0, 1] 0.247315193799189
[10.126289478074508, 1, 0, 0, 1] 0.031846307132023
[28.23230254549582, 1, 0, 0, 1] 0.141015826722148
[24.8956533018981, 1, 0, 0, 1] 0.363996405793972
[26.362923003456217, 1, 0, 0, 1] 0.053809791819238
[25.892932293268515, 1, 0, 0, 1] 0.031689308005372
[40.26389346592751, 1, 0, 0, 1] 0.231083182755801
[12.336496051774443, 1, 0, 0, 1] 0.035311815763626
[43.907586453229044, 1, 0, 0, 1] 0.252388635956166
[20.28674383381418, 1, 0, 0, 1] 0.254246810023229
[47.30189581691063, 1, 0, 0, 1] 0.270712902708941
[12.40999257910073, 1, 0, 0, 1] 0.033618213708722
[41.09652714619534, 1, 0, 0, 1] 0.236100910796507
[46.97489650952017, 1, 0, 0, 1] 0.269010225044814
[41.653462463184425, 1, 0, 0, 1] 0.239408327759365
[41.93441324338363, 1, 0, 0, 1] 0.24106169358892
[25.101596704115085, 1, 0, 0, 1] 0.086846988116648
[45.15355548337038, 1, 0, 0, 1] 0.259283576608111
[14.731554298372963, 1, 0, 0, 1] 0.016866377953041
[27.800333101602888, 1, 0, 0, 1] 0.136063862765793
[27.493690559208407, 1, 0, 0, 1] 0.132306134450889
[42.858889509001585, 1, 0, 0, 1] 0.246430808336815
[36.982113683662895, 1, 0, 0, 1] 0.210495063587686
[17.73754690847799, 1, 0, 0, 1] 0.083477736051743
[15.443563296872654, 1, 0, 0, 1] 0.038253750207441
[35.23159787677152, 1, 0, 0, 1] 0.19905609869961
[44.44874271817586, 1, 0, 0, 1] 0.255407433772076
[15.393196825830024, 1, 0, 0, 1] 0.036807390672384
[34.98050037841393, 1, 0, 0, 1] 0.197381592930935
[16.455127616746896, 1, 0, 0, 1] 0.064286132964715
[8.050944127907556, 1, 0, 0, 1] 0.01259754528618
[14.636745111035854, 1, 0, 0, 1] 0.013900274094957
[21.806722535141983, 1, 0, 0, 1] 0.29020256238996
[23.111447729407786, 1, 0, 0, 1] 0.032435685637014
[5.377359138254562, 1, 0, 0, 1] 0.004965551623058
[11.405948499074375, 1, 0, 0, 1] 0.053061716964599
[31.1111976313682, 1, 0, 0, 1] 0.168407856155575
[43.00979304646839, 1, 0, 0, 1] 0.247296750617718
[17.004750474595888, 1, 0, 0, 1] 0.075277007394988
[17.407052239489207, 1, 0, 0, 1] 0.081110396550897
[13.406994688041646, 1, 0, 0, 1] 0.023161297351894
[49.36639394512827, 1, 0, 0, 1] 0.281164535886765
[7.0138615537644, 1, 0, 0, 1] 0.012696987818228
[20.020812244221386, 1, 0, 0, 1] 0.247660324340297
[4.471622981726936, 1, 0, 0, 1] 0.002387988732117
[17.341828239872758, 1, 0, 0, 1] 0.080338483849271
[29.744315525878612, 1, 0, 0, 1] 0.156310456735456
[2.4653432301214417, 1, 0, 0, 1] 0.001401422928216
[21.335643781371083, 1, 0, 0, 1] 0.279353888075048
[22.489166739935058, 1, 0, 0, 1] 0.305475101364868
[48.16832502417566, 1, 0, 0, 1] 0.275161458652366
[6.416387075550273, 1, 0, 0, 1] 0.019566210035541
[10.658313476836373, 1, 0, 0, 1] 0.043891720260598
[21.51183266478716, 1, 0, 0, 1] 0.283441391585182
[3.7023635926883958, 1, 0, 0, 1] 0.010019499513541
[23.544848040010553, 1, 0, 0, 1] 0.036748404639702
[25.37472607306092, 1, 0, 0, 1] 0.107830365596241
[33.114535274894145, 1, 0, 0, 1] 0.184214423532992
[42.491115210076046, 1, 0, 0, 1] 0.244307873913602
[0.6063440980156265, 1, 0, 0, 1] 0.302791926777214
[40.62320318889902, 1, 0, 0, 1] 0.233259134240736
[3.3390684884279045, 1, 0, 0, 1] 0.00926496343445
[24.268282499174227, 1, 0, 0, 1] 0.342972681432558
[48.53444513621621, 1, 0, 0, 1] 0.277014057603503
[28.352194029247084, 1, 0, 0, 1] 0.142332343429171
[3.9568607105578524, 1, 0, 0, 1] 0.008487866142746
[42.426457030685214, 1, 0, 0, 1] 0.243932968991114
[28.407752340055165, 1, 0, 0, 1] 0.142934955631277
[27.227297330304594, 1, 0, 0, 1] 0.128826708668389
[22.568164829844918, 1, 0, 0, 1] 0.307210011994417
[41.63054342843069, 1, 0, 0, 1] 0.239272736253459
[48.447979499076624, 1, 0, 0, 1] 0.276577974401516
[24.065715991669663, 1, 0, 0, 1] 0.349217586062993
[25.70801199637555, 1, 0, 0, 1] 0.014873821693304
[28.17893768897906, 1, 0, 0, 1] 0.140422333319499
[30.363381738476676, 1, 0, 0, 1] 0.161948612404701
[7.967885519686374, 1, 0, 0, 1] 0.01310134768283
[0.6449622034727098, 1, 0, 0, 1] 0.300722704217852
[36.49509822678148, 1, 0, 0, 1] 0.207339895835062
[10.485614313087993, 1, 0, 0, 1] 0.040164937760205
[6.9260918942062375, 1, 0, 0, 1] 0.00823072778057
[10.842130456802018, 1, 0, 0, 1] 0.047556733574551
[21.317885490280208, 1, 0, 0, 1] 0.278939894194512
[37.34269181798855, 1, 0, 0, 1] 0.212815967347972
[4.448827622384033, 1, 0, 0, 1] 0.00268021861536
[15.66871278875524, 1, 0, 0, 1] 0.044565386302463
[26.154449912345463, 1, 0, 0, 1] 0.045462355499115
[14.898911765886458, 1, 0, 0, 1] 0.022050506261286
[5.227340393491231, 1, 0, 0, 1] 0.004534932694127
[30.3043713287161, 1, 0, 0, 1] 0.161423344252044
[36.5650004547286, 1, 0, 0, 1] 0.207794116251084
[27.961908319536967, 1, 0, 0, 1] 0.137957601814507
[49.66717791129492, 1, 0, 0, 1] 0.282645202097789
[0.8767902936460958, 1, 0, 0, 1] 0.019965826836144
[18.32843124197337, 1, 0, 0, 1] 0.203363149823076
[25.237880985054336, 1, 0, 0, 1] 0.097369580775808
[12.947297731357526, 1, 0, 0, 1] 0.018089014602777
[43.416202988372696, 1, 0, 0, 1] 0.249614400627584
[35.44973484377971, 1, 0, 0, 1] 0.200495945331654
[9.978880786714184, 1, 0, 0, 1] 0.02826067526082
[31.128337164756548, 1, 0, 0, 1] 0.168551877994937
[34.96674197354373, 1, 0, 0, 1] 0.197289214587586
[24.350879164029482, 1, 0, 0, 1] 0.344636714833971
[21.64661781503401, 1, 0, 0, 1] 0.286544080397794
[11.433628717972871, 1, 0, 0, 1] 0.052918613919063
[26.54035616720252, 1, 0, 0, 1] 0.118338081651818
[47.83349292134743, 1, 0, 0, 1] 0.273453106718528
[10.192875616330948, 1, 0, 0, 1] 0.033435729290593
[46.44585323190057, 1, 0, 0, 1] 0.266227573985137
[25.3487267265786, 1, 0, 0, 1] 0.105863193852178
[18.82015092439379, 1, 0, 0, 1] 0.216687106175248
[36.39328319069517, 1, 0, 0, 1] 0.206677492533606
[27.14486636413368, 1, 0, 0, 1] 0.127700155352034
[20.701656841718457, 1, 0, 0, 1] 0.26434066300074
[1.0045362997605722, 1, 0, 0, 1] 0.035147990482989
[45.676232423230246, 1, 0, 0, 1] 0.262117371450834
[35.051780817464255, 1, 0, 0, 1] 0.197859144032977
[17.330450590557668, 1, 0, 0, 1] 0.080195779840244
[45.584160271562865, 1, 0, 0, 1] 0.261620639314413
[689.3736445885455, 1, 0, 0, 1] 3.307461642007956
[873.952844841898, 1, 0, 0, 1] 1.338384642468524
[796.0431528385334, 1, 0, 0, 1] 1.240901420765465
[301.84277811998896, 1, 0, 0, 1] 1.45615404546382
[710.8907481879668, 1, 0, 0, 1] 3.429809885642928
[602.5968920051696, 1, 0, 0, 1] 2.899367357117794
[717.8731489644224, 1, 0, 0, 1] 3.460501453246091
[889.9302450409147, 1, 0, 0, 1] 4.216436309413415
[163.61867298136934, 1, 0, 0, 1] 0.879251247757212
[704.0285266919585, 1, 0, 0, 1] 3.39964426668345
[428.68862361006956, 1, 0, 0, 1] 0.788102501008091
[724.6050336782441, 1, 0, 0, 1] 3.490093836914288
[162.33726401930238, 1, 0, 0, 1] 0.870297694461024
[309.98578475627323, 1, 0, 0, 1] 1.496628383081136
[347.03567740072106, 1, 0, 0, 1] 0.269224315805616
[190.66994695031244, 1, 0, 0, 1] 0.868519231508065
[684.653993314803, 1, 0, 0, 1] 3.314462656741384
[242.12741719692858, 1, 0, 0, 1] 1.151996634144385
[204.8471852699502, 1, 0, 0, 1] 1.13135949789805
[705.0829966774926, 1, 0, 0, 1] 3.40428012119447
[259.3434011038006, 1, 0, 0, 1] 1.241398188379678
[198.2110357112292, 1, 0, 0, 1] 0.912219424784323
[238.61334684396274, 1, 0, 0, 1] 1.308176889549411
[639.1380698170785, 1, 0, 0, 1] 3.071424302706481
[963.2760326392189, 1, 0, 0, 1] 4.538563299313816
[202.37097780834227, 1, 0, 0, 1] 0.155380430460398
[59.93404135131695, 1, 0, 0, 1] 0.327436189326637
[604.2643609343613, 1, 0, 0, 1] 2.907228432888529
[223.84892127087568, 1, 0, 0, 1] 1.232848498528269
[92.26292057899269, 1, 0, 0, 1] 1.868396728404142
[89.37211401734908, 1, 0, 0, 1] 1.470260178911881
[960.7792290005917, 1, 0, 0, 1] 4.527597547526304
[51.64967668671614, 1, 0, 0, 1] 0.292145290800729
[856.6410220934165, 1, 0, 0, 1] 1.316682819247172
[991.1817078083265, 1, 0, 0, 1] 1.485684324979874
[357.4326575817364, 1, 0, 0, 1] 0.608612775533945
[88.36411533608833, 1, 0, 0, 1] 1.438729927358088
[991.0129499377529, 1, 0, 0, 1] 1.485471805889002
[229.33864862387577, 1, 0, 0, 1] 1.261160948692499
[906.1466983010878, 1, 0, 0, 1] 4.287659621774242
[561.5219842380536, 1, 0, 0, 1] 2.772490204159545
[653.8713908370577, 1, 0, 0, 1] 3.179086545889598
[95.45183518079617, 1, 0, 0, 1] 2.116047651469615
[771.1192052585694, 1, 0, 0, 1] 1.209791033945469
[215.34420809243608, 1, 0, 0, 1] 1.188169331604002
[916.3429853923863, 1, 0, 0, 1] 1.391572586815199
[683.8559315549267, 1, 0, 0, 1] 3.310953368854887
[275.97095629454645, 1, 0, 0, 1] 1.326246554089266
[237.7281701118384, 1, 0, 0, 1] 0.422440359568439
[58.507155591891845, 1, 0, 0, 1] 0.321820921385755
[97.54167550279544, 1, 0, 0, 1] 2.337242431727312
[474.73358541849535, 1, 0, 0, 1] 0.844272335439164
[726.1835156016444, 1, 0, 0, 1] 3.49703170631068
[758.4480374976537, 1, 0, 0, 1] 1.193997408270958
[199.34498991833638, 1, 0, 0, 1] 0.918712608093798
[685.7062184445907, 1, 0, 0, 1] 3.31908920166045
[523.5885136986351, 1, 0, 0, 1] 2.605161758980337
[125.10731003562736, 1, 0, 0, 1] 0.451124568270814
[566.939356505712, 1, 0, 0, 1] 2.796369443483254
[511.91994273662493, 1, 0, 0, 1] 2.55363034841212
[115.84610528963817, 1, 0, 0, 1] 0.386510666536318
[511.8786705699639, 1, 0, 0, 1] 2.553448026529438
[800.5063582289561, 1, 0, 0, 1] 1.246476521255075
[912.9053225467358, 1, 0, 0, 1] 4.317347562482138
[504.05712876283934, 1, 0, 0, 1] 2.518888923142741
[50.250150099451325, 1, 0, 0, 1] 0.285485002135439
[794.3000086697908, 1, 0, 0, 1] 1.238724616910756
[131.3148042889522, 1, 0, 0, 1] 0.61976696216132
[706.2704116242452, 1, 0, 0, 1] 3.409499621692082
[856.159907012661, 1, 0, 0, 1] 1.316079467862713
[607.9052963584486, 1, 0, 0, 1] 2.924385096467677
[404.60759666307644, 1, 0, 0, 1] 0.75862799330929
[464.60959251750285, 1, 0, 0, 1] 0.831926480952529
[790.214595172171, 1, 0, 0, 1] 1.233619860715965
[454.6930168544684, 1, 0, 0, 1] 0.819834302398709
[491.72939610324676, 1, 0, 0, 1] 2.464390194749538
[576.2683688272343, 1, 0, 0, 1] 2.775173400897065
[432.9991417303012, 1, 0, 0, 1] 0.793366068493861
[723.5463466997691, 1, 0, 0, 1] 3.485435367455594
[762.3711583132507, 1, 0, 0, 1] 1.198886647453514
[256.18218578292, 1, 0, 0, 1] 1.225114516602283
[430.5520171691171, 1, 0, 0, 1] 0.790378870429234
[940.0367473533938, 1, 0, 0, 1] 1.421341427211407
[137.56120496464035, 1, 0, 0, 1] 0.676003014476518
[258.04298541749836, 1, 0, 0, 1] 1.234705997736449
[284.8168129856493, 1, 0, 0, 1] 1.370916482572625
[730.6323771099054, 1, 0, 0, 1] 3.516585771755274
[725.4417193871465, 1, 0, 0, 1] 3.493771288522516
[495.27993054172873, 1, 0, 0, 1] 2.480088145120682
[577.1064030211907, 1, 0, 0, 1] 2.779130929988321
[398.0031356128695, 1, 0, 0, 1] 2.047948170125173
[646.7348872173832, 1, 0, 0, 1] 3.147690577601807
[579.338780356897, 1, 0, 0, 1] 2.789667523334942
[186.61222532628497, 1, 0, 0, 1] 0.844614644763259
[931.5577578657193, 1, 0, 0, 1] 1.410686065844308
[163.4653150952648, 1, 0, 0, 1] 0.878184487419586
[318.04948602064394, 1, 0, 0, 1] 1.686341361772336
[839.6802037192567, 1, 0, 0, 1] 1.295450154066556
[234.1539871212204, 1, 0, 0, 1] 0.511777674206981
[803.3091262586635, 1, 0, 0, 1] 1.249978945694856
[798.5634144966433, 1, 0, 0, 1] 1.244049246979863
[158.22327152150254, 1, 0, 0, 1] 0.840914324594682
[675.4142390843518, 1, 0, 0, 1] 3.273832753292875
[621.133757973839, 1, 0, 0, 1] 2.986692308920009
[736.2378857966659, 1, 0, 0, 1] 3.541222533243706
[974.4039401500086, 1, 0, 0, 1] 1.464564547200449
[417.44620821211714, 1, 0, 0, 1] 0.774358564768959
[915.057228516338, 1, 0, 0, 1] 1.389957651643089
[998.9939573696628, 1, 0, 0, 1] 1.495521826267474
[850.8406323586051, 1, 0, 0, 1] 1.309411951625626
[500.5819554285589, 1, 0, 0, 1] 2.503532811043848
[605.3642972216284, 1, 0, 0, 1] 2.912412172912901
[789.818721865719, 1, 0, 0, 1] 1.233125652803406
[407.1372267816183, 1, 0, 0, 1] 0.761731244638092
[487.3239526727304, 1, 0, 0, 1] 0.859628919408745
[404.3375268212997, 1, 0, 0, 1] 0.758296511581783
[541.1828655921142, 1, 0, 0, 1] 2.682803630428412
[637.0713498014427, 1, 0, 0, 1] 3.061700114232521
[969.9601814808318, 1, 0, 0, 1] 1.458971903645705
[534.1475480505619, 1, 0, 0, 1] 2.651764187703525
[272.2971805829833, 1, 0, 0, 1] 1.307605957340881
[753.936922518571, 1, 0, 0, 1] 1.188381593326518
[727.2657431529118, 1, 0, 0, 1] 3.501788526509466
[641.4753610502161, 1, 0, 0, 1] 3.124551536132866
[580.908711465213, 1, 0, 0, 1] 2.797077842766275
[328.8549552885167, 1, 0, 0, 1] 1.735855217243079
[141.29575172756677, 1, 0, 0, 1] 0.708167038954491
[288.4913352619567, 1, 0, 0, 1] 1.389388690436742
[979.8125906792073, 1, 0, 0, 1] 1.471367726056988
[546.2058438866092, 1, 0, 0, 1] 2.704958918566399
[832.5145409587002, 1, 0, 0, 1] 1.286485560576577
[622.5041907394278, 1, 0, 0, 1] 3.041070029307304
[549.7415642441847, 1, 0, 0, 1] 2.720552597228477
[380.7554785404745, 1, 0, 0, 1] 0.308541849930654
[525.4941492328339, 1, 0, 0, 1] 2.613572306458726
[904.9503960009422, 1, 0, 0, 1] 4.282406055977608
[631.1061402571465, 1, 0, 0, 1] 3.078924429631569
[648.627877896635, 1, 0, 0, 1] 3.156018111320261
[650.4527835170305, 1, 0, 0, 1] 3.164046128977296
[855.7872450301938, 1, 0, 0, 1] 1.315612191483886
[910.9820813246168, 1, 0, 0, 1] 4.308898912023473
[690.2687895749455, 1, 0, 0, 1] 3.339148238083065
[577.6363395765135, 1, 0, 0, 1] 2.781633923194081
[242.942019534174, 1, 0, 0, 1] 1.156272404688898
[696.5089446624154, 1, 0, 0, 1] 3.36658179044414
[853.0300882781396, 1, 0, 0, 1] 1.312155868935327
[640.3279903084805, 1, 0, 0, 1] 3.119505012105299
[900.3104306133575, 1, 0, 0, 1] 4.26202715935339
[361.46069705660375, 1, 0, 0, 1] 0.613066159572818
[218.0671873218284, 1, 0, 0, 1] 1.202591575300143
[241.36010402721854, 1, 0, 0, 1] 1.147967667086273
[460.2393670958315, 1, 0, 0, 1] 0.826598180400592
[192.45518908929688, 1, 0, 0, 1] 0.878948536314129
[556.8009611225655, 1, 0, 0, 1] 2.751679555785484
[781.5834544365973, 1, 0, 0, 1] 1.222845674637556
[593.3904254641232, 1, 0, 0, 1] 2.855963936522494
[874.0941078663751, 1, 0, 0, 1] 1.338561448821989
[640.2258541797956, 1, 0, 0, 1] 3.119054588825318
[581.5023647319679, 1, 0, 0, 1] 2.7998808316666
[351.19943526542403, 1, 0, 0, 1] 0.601682194634465
[826.7100724671309, 1, 0, 0, 1] 1.279224020830343
[647.3494690831773, 1, 0, 0, 1] 3.150394283747126
[759.7129369706308, 1, 0, 0, 1] 1.195573596341975
[463.4298917216359, 1, 0, 0, 1] 0.830488067367658
[505.48651733917194, 1, 0, 0, 1] 2.525205770846082
[595.2708558509783, 1, 0, 0, 1] 2.864832858731023
[707.1677166487881, 1, 0, 0, 1] 3.413444489524762
[160.4826165543981, 1, 0, 0, 1] 0.857174101157184
[208.64200046801074, 1, 0, 0, 1] 1.152131157468114
[733.3037638582219, 1, 0, 0, 1] 3.528326931811001
[977.9456932836505, 1, 0, 0, 1] 1.469021073113497
[820.5844136178883, 1, 0, 0, 1] 1.271567036957839
[801.7769164618433, 1, 0, 0, 1] 1.248064091721047
[198.03954298886157, 1, 0, 0, 1] 0.911235954924739
[470.4723367251221, 1, 0, 0, 1] 0.839076773130746
[964.4897687005905, 1, 0, 0, 1] 4.543891082880139
[514.9802955774923, 1, 0, 0, 1] 2.567148664709893
[597.2337439070751, 1, 0, 0, 1] 2.874086945286794
[352.6928824697427, 1, 0, 0, 1] 0.473043726420464
[95.57704910101963, 1, 0, 0, 1] 2.127717980101587
[223.43089361753252, 1, 0, 0, 1] 1.230678828878803
[945.7098631769511, 1, 0, 0, 1] 0.848889785772255
[948.8331338295477, 1, 0, 0, 1] 1.432402313467856
[500.23843843313966, 1, 0, 0, 1] 2.502009117500169
[280.3397423868503, 1, 0, 0, 1] 1.348343690162225
[974.5224244873248, 1, 0, 0, 1] 1.464713682867357
[927.5971570291825, 1, 0, 0, 1] 1.40570987217122
[353.3209975547427, 1, 0, 0, 1] 0.473512148439882
[227.4988951224032, 1, 0, 0, 1] 1.251715709902065
[461.925869077626, 1, 0, 0, 1] 0.828655469640681
[884.0836691917079, 1, 0, 0, 1] 4.190757093617757
[642.5637167837319, 1, 0, 0, 1] 3.129340458597136
[664.3352317053773, 1, 0, 0, 1] 0.562328890818222
[884.7049340042272, 1, 0, 0, 1] 4.1934858242533
[389.4455645872436, 1, 0, 0, 1] 1.884935657085553
[670.5592216272779, 1, 0, 0, 1] 3.252482092841747
[502.52781629376506, 1, 0, 0, 1] 2.512128007966653
[641.884198819608, 1, 0, 0, 1] 3.126350716458305
[935.795601125622, 1, 0, 0, 1] 1.416009494392121
[986.1685786075305, 1, 0, 0, 1] 1.479372244975097
