[1, 2, 0, 0, 15.21805588343399] 0.416696830596682
[1, 2, 0, 0, 19.64959023413754] 0.417226017503201
[1, 2, 0, 0, 17.75437708971357] 0.417378530277581
[1, 2, 0, 0, 18.942900053141503] 0.417312029006857
[1, 2, 0, 0, 12.38231597931806] 0.41121991582254
[1, 2, 0, 0, 19.02572034681683] 0.417303298559954
[1, 2, 0, 0, 10.27016271972043] 0.395329396703952
[1, 2, 0, 0, 19.942941978692197] 0.417184064587952
[1, 2, 0, 0, 2.2604747713936435] 0.004925268178246
[1, 2, 0, 0, 10.511281443208329] 0.398176796812855
[1, 2, 0, 0, 2.1085760183802327] 0.00055990938374
[1, 2, 0, 0, 9.989496783731227] 0.391531238541035
[1, 2, 0, 0, 4.686115846203478] 0.122850523287669
[1, 2, 0, 0, 0.9919397269351138] 0.055723611589514
[1, 2, 0, 0, 8.911201835899117] 0.370732120936916
[1, 2, 0, 0, 3.650674921866215] 0.048788925164856
[1, 2, 0, 0, 4.973778008954934] 0.14200862911815
[1, 2, 0, 0, 3.2799602018577922] 0.032316785153218
[1, 2, 0, 0, 15.751142409458742] 0.416998725197838
[1, 2, 0, 0, 14.076858240179835] 0.415514545695366
[1, 2, 0, 0, 10.759148453782197] 0.400749555413024
[1, 2, 0, 0, 7.038101055800081] 0.298161142231302
[1, 2, 0, 0, 11.558474024467456] 0.40705588106041
[1, 2, 0, 0, 6.5918086880849724] 0.271140838924708
[1, 2, 0, 0, 12.93183365366488] 0.413096823046362
[1, 2, 0, 0, 18.621977596267108] 0.417341654803159
[1, 2, 0, 0, 8.597334143396612] 0.36233613543668
[1, 2, 0, 0, 15.56874401700323] 0.416908977884403
[1, 2, 0, 0, 13.140440283259334] 0.413667348246868
[1, 2, 0, 0, 7.572150584773867] 0.324975836165776
[1, 2, 0, 0, 4.156636036343726] 0.081946922354617
[1, 2, 0, 0, 0.12887057998213214] 1e+100
[1, 2, 0, 0, 10.794097285300044] 0.401085792419445
[1, 2, 0, 0, 5.613149598035754] 0.19545143126566
[1, 2, 0, 0, 10.550113630137062] 0.398602500924304
[1, 2, 0, 0, 12.494613440537792] 0.411652682635133
[1, 2, 0, 0, 6.528196191362747] 0.266920685585071
[1, 2, 0, 0, 16.121432640483224] 0.417144107200167
[1, 2, 0, 0, 7.286036607412685] 0.311316650125348
[1, 2, 0, 0, 5.434504408828021] 0.179296833004923
[1, 2, 0, 0, 1.810198378452812] 0.014439488802846
[1, 2, 0, 0, 2.704264449978211] 0.002155025832193
[1, 2, 0, 0, 18.78634650953099] 0.417327401794752
[1, 2, 0, 0, 16.370316139243258] 0.417217794895709
[1, 2, 0, 0, 12.137620816162887] 0.41017621551497
[1, 2, 0, 0, 4.011266468672798] 0.069332587850957
[1, 2, 0, 0, 8.621020212953376] 0.363013562871015
[1, 2, 0, 0, 15.260862383055017] 0.416725841155666
[1, 2, 0, 0, 10.373624374314804] 0.396595421458676
[1, 2, 0, 0, 5.2755716257583884] 0.164619361941633
[1, 2, 0, 0, 11.883223001794022] 0.408928079372515
[1, 2, 0, 0, 4.533478370263979] 0.111934959449001
[1, 2, 0, 0, 17.512275453596015] 0.417373934362206
[1, 2, 0, 0, 8.106091978109522] 0.346508836842995
[1, 2, 0, 0, 17.2362295419066] 0.417358438749488
[1, 2, 0, 0, 18.856078130074884] 0.417320733246665
[1, 2, 0, 0, 11.941219548247297] 0.409228407040168
[1, 2, 0, 0, 2.427168385184828] 0.007502143260368
[1, 2, 0, 0, 18.72256635858514] 0.417333153725511
[1, 2, 0, 0, 8.989933080905486] 0.372650022176826
[1, 2, 0, 0, 17.116245088253564] 0.417347878486985
[1, 2, 0, 0, 8.710144753191656] 0.365496843215853
[1, 2, 0, 0, 12.44718937113978] 0.411473273907759
[1, 2, 0, 0, 2.1625718657600412] 0.001582625203908
[1, 2, 0, 0, 16.20261455362583] 0.417170094179791
[1, 2, 0, 0, 5.575260787890166] 0.192072629535583
[1, 2, 0, 0, 11.775072368600117] 0.408341523746992
[1, 2, 0, 0, 5.756616783228232] 0.2079720693489
[1, 2, 0, 0, 12.144269133346508] 0.410206511184708
[1, 2, 0, 0, 9.824999314740605] 0.389036216401279
[1, 2, 0, 0, 19.920264273560203] 0.417187426162081
[1, 2, 0, 0, 4.113105588795005] 0.078207732848864
[1, 2, 0, 0, 12.879845013899976] 0.41294332932755
[1, 2, 0, 0, 10.06698355827245] 0.392635533018526
[1, 2, 0, 0, 15.019338034852062] 0.416550436021077
[1, 2, 0, 0, 8.121803740457594] 0.347070658138425
[1, 2, 0, 0, 18.666977325313244] 0.417337964266557
[1, 2, 0, 0, 19.58606388751164] 0.417234703690045
[1, 2, 0, 0, 8.650446562352464] 0.363844875649957
[1, 2, 0, 0, 18.741936712829038] 0.417331429582083
[1, 2, 0, 0, 2.50644826994443] 0.006444053735436
[1, 2, 0, 0, 17.086817209939248] 0.417344903160156
[1, 2, 0, 0, 7.45736056626421] 0.319684530606204
[1, 2, 0, 0, 12.544132191080454] 0.411834931113917
[1, 2, 0, 0, 5.973035089646954] 0.225964565724678
[1, 2, 0, 0, 5.490299595113823] 0.184399174769706
[1, 2, 0, 0, 13.731646871171769] 0.414950998274293
[1, 2, 0, 0, 3.5011468812703916] 0.042297461373925
[1, 2, 0, 0, 14.047406993370199] 0.415471016159745
[1, 2, 0, 0, 8.808339372432389] 0.368115724011601
[1, 2, 0, 0, 4.965932282449526] 0.141501954788097
[1, 2, 0, 0, 0.052981131921503444] 1e+100
[1, 2, 0, 0, 19.968562048936285] 0.417180245046249
[1, 2, 0, 0, 2.9924652772143445] 0.018071760233034
[1, 2, 0, 0, 12.450508680712442] 0.411485990510084
[1, 2, 0, 0, 14.010125211258801] 0.415414755803228
[1, 2, 0, 0, 0.9516080364245871] 0.060217824730114
[1, 2, 0, 0, 6.001605245798776] 0.228255663735105
[1, 2, 0, 0, 15.424565690883625] 0.416828460543885
[1, 2, 0, 0, 9.886158487225543] 0.389988418392275
[1, 2, 0, 0, 11.14348811509738] 0.404122227671745
[1, 2, 0, 0, 7.056840021901262] 0.299200104905578
[1, 2, 0, 0, 0.2808224047017793] 183.02121587918333
[1, 2, 0, 0, 16.336796493367657] 0.417208880971462
[1, 2, 0, 0, 18.082623163260592] 0.417373353685444
[1, 2, 0, 0, 15.986429300249199] 0.417096405328337
[1, 2, 0, 0, 9.496535123522829] 0.383385611627263
[1, 2, 0, 0, 12.50237577850136] 0.411681589191817
[1, 2, 0, 0, 16.963928805130674] 0.417330777767436
[1, 2, 0, 0, 4.84630929520018] 0.133695268563276
[1, 2, 0, 0, 9.593140065739458] 0.385145460209297
[1, 2, 0, 0, 4.605962664317076] 0.117198146214411
[1, 2, 0, 0, 19.96986093246105] 0.417180050646425
[1, 2, 0, 0, 10.54374121597995] 0.398533240810341
[1, 2, 0, 0, 15.597570545974182] 0.41692403105786
[1, 2, 0, 0, 5.362811190977526] 0.172687621376236
[1, 2, 0, 0, 7.292340559298413] 0.311634789272505
[1, 2, 0, 0, 16.453071886820965] 0.417238533054628
[1, 2, 0, 0, 14.631375114905188] 0.416199493136302
[1, 2, 0, 0, 7.48418382307203] 0.320943212053316
[1, 2, 0, 0, 11.888498794375007] 0.408955801692394
[1, 2, 0, 0, 8.51797348042396] 0.360011695944674
[1, 2, 0, 0, 3.2290619366775175] 0.029917211738409
[1, 2, 0, 0, 7.806617083165996] 0.335034453452373
[1, 2, 0, 0, 7.048552612425507] 0.298741536153792
[1, 2, 0, 0, 16.867291449313505] 0.417317633725764
[1, 2, 0, 0, 11.621223355205494] 0.407444210008533
[1, 2, 0, 0, 18.178529873366635] 0.417369663442999
[1, 2, 0, 0, 9.1093928726963] 0.37542519626984
[1, 2, 0, 0, 19.35890992825953] 0.417264408946437
[1, 2, 0, 0, 6.592572844772007] 0.271190960083615
[1, 2, 0, 0, 14.100248194545411] 0.415548546931948
[1, 2, 0, 0, 12.445649341619735] 0.41146736539716
[1, 2, 0, 0, 12.305908436658799] 0.41090932831481
[1, 2, 0, 0, 18.797508712017496] 0.417326336160043
[1, 2, 0, 0, 2.829286432284759] 0.009163336944411
[1, 2, 0, 0, 14.507115495228998] 0.416066556271965
[1, 2, 0, 0, 14.206754430955108] 0.415697235548565
[1, 2, 0, 0, 8.435906485630957] 0.357517377317828
[1, 2, 0, 0, 18.372833171929074] 0.406775743669863
[1, 2, 0, 0, 12.603683577547521] 0.412047395131803
[1, 2, 0, 0, 10.877879537620174] 0.401866680809338
[1, 2, 0, 0, 7.337394308254217] 0.313885486617339
[1, 2, 0, 0, 2.0354481233098976] 0.003686583809544
[1, 2, 0, 0, 11.84484842292257] 0.408723971553864
[1, 2, 0, 0, 18.246008348110827] 0.417366526208036
[1, 2, 0, 0, 0.9676334827131194] 0.058123073519682
[1, 2, 0, 0, 10.65730148519632] 0.399733193858633
[1, 2, 0, 0, 14.893426935840196] 0.416446485076364
[1, 2, 0, 0, 9.382312011292118] 0.381192564352735
[1, 2, 0, 0, 5.906097634275829] 0.220519059682002
[1, 2, 0, 0, 12.26719652374735] 0.410746802408278
[1, 2, 0, 0, 12.755589792750435] 0.412557825731855
[1, 2, 0, 0, 13.407853503306498] 0.414304021415253
[1, 2, 0, 0, 5.923241049322656] 0.221924043751303
[1, 2, 0, 0, 16.47622482695804] 0.417244019740928
[1, 2, 0, 0, 7.500395808314558] 0.321697337218213
[1, 2, 0, 0, 15.177564870793368] 0.416668660283874
[1, 2, 0, 0, 3.6873045819734496] 0.050372852635097
[1, 2, 0, 0, 7.8149310708351365] 0.33537328252452
[1, 2, 0, 0, 16.28308387702515] 0.417193929091082
[1, 2, 0, 0, 2.7428778055809278] 0.004299049977482
[1, 2, 0, 0, 17.241683447564114] 0.417358862529736
[1, 2, 0, 0, 14.535079746450272] 0.416097414709441
[1, 2, 0, 0, 1.1158574503017737] 0.049569846516103
[1, 2, 0, 0, 10.253101795977063] 0.395113965632195
[1, 2, 0, 0, 17.68806131622615] 0.417378071217656
[1, 2, 0, 0, 3.1842789314945796] 0.027766441838364
[1, 2, 0, 0, 1.6881832502328198] 0.020801720937667
[1, 2, 0, 0, 5.421413331821128] 0.178093748015007
[1, 2, 0, 0, 7.522527475670195] 0.322718818535088
[1, 2, 0, 0, 16.197296095080212] 0.417168451357141
[1, 2, 0, 0, 16.790950755708003] 0.417305914819873
[1, 2, 0, 0, 9.979123106941381] 0.391380079081794
[1, 2, 0, 0, 10.678218380866975] 0.399946331575994
[1, 2, 0, 0, 7.2918737599676025] 0.311611258694472
[1, 2, 0, 0, 9.111568817961635] 0.375474277140331
[1, 2, 0, 0, 3.0363457011834716] 0.02036390319544
[1, 2, 0, 0, 5.116144138387155] 0.151229625815389
[1, 2, 0, 0, 10.328424471265038] 0.39605074511686
[1, 2, 0, 0, 4.44525995291907] 0.105318493358989
[1, 2, 0, 0, 2.4047294385937357] 0.007495321107076
[1, 2, 0, 0, 16.06702684129216] 0.417125574255001
[1, 2, 0, 0, 8.373151116142177] 0.355546178957949
[1, 2, 0, 0, 16.56878871100529] 0.417264626478495
[1, 2, 0, 0, 0.610904708946507] 0.712013051143575
[1, 2, 0, 0, 19.266746015450558] 0.41727566560848
[1, 2, 0, 0, 12.24533759542223] 0.410653422843188
[1, 2, 0, 0, 10.379830959812839] 0.396669210377348
[1, 2, 0, 0, 3.419717075319646] 0.038694719877575
[1, 2, 0, 0, 11.175437625696166] 0.404372380650964
[1, 2, 0, 0, 10.343692967030087] 0.396236180209343
[1, 2, 0, 0, 0.033796789880433664] 1e+100
[1, 2, 0, 0, 1.5140460701375202] 0.030269386311779
[1, 2, 0, 0, 19.098237982337345] 0.417295324451998
[1, 2, 0, 0, 7.458391820521402] 0.319733175648687
[1, 2, 0, 0, 12.12187467655227] 0.410104011465018
[1, 2, 0, 0, 18.392794720135473] 0.417358249410638
[1, 2, 0, 0, 14.789868118091341] 0.416354045699182
[1, 2, 0, 0, 15.565496428279786] 0.416907260862204
[1, 2, 0, 0, 8.438279856421818] 0.357590831081262
[1, 2, 0, 0, 11.551697767220164] 0.407013123378793
[1, 2, 0, 0, 1.3953011671212256] 0.036806910466686
[1, 2, 0, 0, 12.45855152129793] 0.411516701665842
[1, 2, 0, 0, 10.7039424430092] 0.400205484379928
[1, 2, 0, 0, 19.955857597236264] 0.417182141969259
[1, 2, 0, 0, 14.704525284930945] 0.416272813029752
[1, 2, 0, 0, 16.887755993352258] 0.417320572014413
[1, 2, 0, 0, 2.9994295711078967] 0.018438617579499
[1, 2, 0, 0, 0.31516911695579575] 54.08664659050623
[1, 2, 0, 0, 8.29709424847798] 0.353081090122183
[1, 2, 0, 0, 1.407543334167074] 0.03613488591358
[1, 2, 0, 0, 9.50727263598204] 0.383585437572334
[1, 2, 0, 0, 12.30894477172769] 0.410921927936234
[1, 2, 0, 0, 0.47645328331227477] 1.849135621760736
[1, 2, 0, 0, 17.80945542585862] 0.417378564516404
[1, 2, 0, 0, 10.03493577539926] 0.392184137862611
[1, 2, 0, 0, 2.6350027588370217] 0.001488580719509
[1, 2, 0, 0, 9.837474468447178] 0.389232858267865
[1, 2, 0, 0, 4.694072483559748] 0.123402635985102
[1, 2, 0, 0, 6.401093768491865] 0.258202148178313
[1, 2, 0, 0, 4.491178767801404] 0.108792238521754
[1, 2, 0, 0, 3.7279987901961142] 0.052139907910768
[1, 2, 0, 0, 2.419849857123424] 0.007514076658979
[1, 2, 0, 0, 3.6003601701517596] 0.046614383113516
[1, 2, 0, 0, 14.923324930277374] 0.416471989270572
[1, 2, 0, 0, 16.524340226382243] 0.417254993087476
[1, 2, 0, 0, 1.8520682924270826] 0.01233355375894
[1, 2, 0, 0, 7.263511915879652] 0.310173405505266
[1, 2, 0, 0, 0.10296031768008307] 1e+100
[1, 2, 0, 0, 2.752641441018364] 0.00484694561263
[1, 2, 0, 0, 9.62974226689029] 0.385790308949959
[1, 2, 0, 0, 19.49853212458807] 0.417246389936154
[1, 2, 0, 0, 4.577720945101175] 0.115165318259522
[1, 2, 0, 0, 2.9208368581667177] 0.014231619621603
[1, 2, 0, 0, 14.609070826287205] 0.416176402770051
[1, 2, 0, 0, 4.425781617149596] 0.103824941814055
[1, 2, 0, 0, 5.389703434068178] 0.175172025875655
[1, 2, 0, 0, 13.231915533765955] 0.413896507042301
[1, 2, 0, 0, 8.543397504273855] 0.360765613801701
[1, 2, 0, 0, 6.925359520762704] 0.291751666161103
[1, 2, 0, 0, 4.963807833829465] 0.141364684848333
[1, 2, 0, 0, 10.196296462149093] 0.394382763319746
[1, 2, 0, 0, 17.10531924310108] 0.41734679336371
[1, 2, 0, 0, 7.092332363084825] 0.301147608680011
[1, 2, 0, 0, 19.098327000320264] 0.417295314492391
[1, 2, 0, 0, 8.406718125124442] 0.356607517796348
[1, 2, 0, 0, 1.8277267801888297] 0.013552545126784
[1, 2, 0, 0, 2.164934726904353] 0.001672415723462
[1, 2, 0, 0, 0.1496646101701793] 1e+100
[1, 2, 0, 0, 12.019070469513796] 0.409616591676455
[1, 2, 0, 0, 18.961793160774917] 0.417310086374661
[1, 2, 0, 0, 7.913220484880606] 0.33928946599283
[1, 2, 0, 0, 3.835204070167977] 0.056910700980308
[1, 2, 0, 0, 5.097598166579025] 0.15001085469689
[1, 2, 0, 0, 0.6559638384639555] 0.509487809979668
[1, 2, 0, 0, 13.380680458665266] 0.414243814432332
[1, 2, 0, 0, 18.260033989086924] 0.41736590851763
[1, 2, 0, 0, 17.48898243954894] 0.417373060417874
[1, 2, 0, 0, 9.045956646267868] 0.37397139964969
[1, 2, 0, 0, 3.788690126210499] 0.054809448992472
[1, 2, 0, 0, 1.9038063027287078] 0.009794122045179
[1, 2, 0, 0, 13.780482104011698] 0.415038255463967
[1, 2, 0, 0, 9.992488106759739] 0.391574692163021
[1, 2, 0, 0, 14.702100401018292] 0.416270438792003
[1, 2, 0, 0, 3.173823906207194] 0.02725870426346
[1, 2, 0, 0, 19.21448433303402] 0.417281931629802
[1, 2, 0, 0, 11.904785430706305] 0.409040870733145
[1, 2, 0, 0, 2.2737559238232286] 0.00530410845025
[1, 2, 0, 0, 4.5561514787504525] 0.113597532498609
[1, 2, 0, 0, 17.804129324484272] 0.417378570456764
[1, 2, 0, 0, 4.598534278481152] 0.116665611237324
[1, 2, 0, 0, 1.919512318337857] 0.009037767890726
[1, 2, 0, 0, 0.9396934143083358] 0.062155522992662
[1, 2, 0, 0, 1.1383899301473144] 0.048805861696288
[1, 2, 0, 0, 15.441361281032346] 0.416838301713413
[1, 2, 0, 0, 18.187863529537097] 0.417369274946236
[1, 2, 0, 0, 3.911415810948755] 0.060781863318355
[1, 2, 0, 0, 17.1237991514989] 0.417348616325417
[1, 2, 0, 0, 14.613520369587409] 0.416181035479172
[1, 2, 0, 0, 12.514644876528644] 0.411727020782076
[1, 2, 0, 0, 0.6535735305934476] 0.519152989939111
[1, 2, 0, 0, 11.909349086517993] 0.409064569940144
[1, 2, 0, 0, 4.509120395511507] 0.110131844646843
[1, 2, 0, 0, 12.991773832967606] 0.413267756030955
[1, 2, 0, 0, 4.21483369663918] 0.086868112936676
[1, 2, 0, 0, 17.69753023819012] 0.417378116747094
[1, 2, 0, 0, 19.003479053045435] 0.417305677966901
[1, 2, 0, 0, 6.199673957973786] 0.243590223250912
[1, 2, 0, 0, 11.820255594720779] 0.408590861630127
[1, 2, 0, 0, 14.47461917843707] 0.4160299353563
[1, 2, 0, 0, 0.17927371097196332] 1e+100
[1, 2, 0, 0, 11.008947907002398] 0.403020069349111
[1, 2, 0, 0, 16.25175337753045] 0.417184886536925
[1, 2, 0, 0, 17.192850984668972] 0.417354898207933
[1, 2, 0, 0, 7.487147648123955] 0.321081450570721
[1, 2, 0, 0, 11.008754784698935] 0.403018429183118
[1, 2, 0, 0, 19.354296499305953] 0.417264918699025
[1, 2, 0, 0, 15.810066135802165] 0.417025021950705
[1, 2, 0, 0, 11.688459161083912] 0.407845763011491
[1, 2, 0, 0, 12.774555672829326] 0.412618409469721
[1, 2, 0, 0, 13.583962786092235] 0.414671548919404
[1, 2, 0, 0, 14.800352479007195] 0.416363700959041
[1, 2, 0, 0, 2.094129704570571] 0.001159207720253
[1, 2, 0, 0, 9.570411295730366] 0.384739028751129
[1, 2, 0, 0, 13.597545427528562] 0.41469827196193
[1, 2, 0, 0, 2.0683282570673867] 0.002253071292886
[1, 2, 0, 0, 13.513074842122293] 0.414528212902583
[1, 2, 0, 0, 18.669565091677725] 0.41733774091838
[1, 2, 0, 0, 2.258536154186963] 0.004868130401085
[1, 2, 0, 0, 11.79904484608398] 0.408474590087545
[1, 2, 0, 0, 17.586768324508007] 0.41737598836623
[1, 2, 0, 0, 5.67273484171237] 0.200705736358554
[1, 2, 0, 0, 13.948173001904863] 0.415318368842708
[1, 2, 0, 0, 15.133691942222658] 0.416637191144153
[1, 2, 0, 0, 9.501725888906607] 0.383482345728233
[1, 2, 0, 0, 19.512036547172396] 0.417244611460613
[1, 2, 0, 0, 2.9727086776982414] 0.017024708218429
[1, 2, 0, 0, 8.461792221911486] 0.35831424822137
[1, 2, 0, 0, 0.098120226701357] 1e+100
[1, 2, 0, 0, 17.76483851669703] 0.41737856032707
[1, 2, 0, 0, 9.637783684048966] 0.385930399386628
[1, 2, 0, 0, 6.9248237474826935] 0.291720550773066
[1, 2, 0, 0, 19.59173384666492] 0.417233936309588
[1, 2, 0, 0, 4.916312772277727] 0.138285301405725
[1, 2, 0, 0, 13.068968969300387] 0.413479545209275
[1, 2, 0, 0, 6.4827369186222334] 0.263846474459211
[1, 2, 0, 0, 1.8443364338486878] 0.012719139444758
[1, 2, 0, 0, 1.6701071697499437] 0.021768184195179
[1, 2, 0, 0, 12.735473634396843] 0.412492680183374
[1, 2, 0, 0, 16.4560827960901] 0.417239254246697
[1, 2, 0, 0, 4.393175060806389] 0.101297630321107
[1, 2, 0, 0, 13.722462091191076] 0.414934572726643
[1, 2, 0, 0, 7.782958271348573] 0.334063712277426
[1, 2, 0, 0, 7.174327428473921] 0.305546105560945
[1, 2, 0, 0, 15.610780577392749] 0.41693081760592
[1, 2, 0, 0, 2.3910913275579793] 0.007429959243259
[1, 2, 0, 0, 3.3039707367239357] 0.033433475586667
[1, 2, 0, 0, 13.297544782942284] 0.414053418887411
[1, 2, 0, 0, 4.436754428871481] 0.104667791195025
[1, 2, 0, 0, 19.24741669021132] 0.417278009647731
[1, 2, 0, 0, 6.733084331138006] 0.280177728310932
[1, 2, 0, 0, 12.356590504531601] 0.411116837334662
[1, 2, 0, 0, 6.380470337356994] 0.256751168121071
[1, 2, 0, 0, 0.5661649450825323] 0.973362975872574
[1, 2, 0, 0, 18.118881932250297] 0.417372149725972
[1, 2, 0, 0, 8.657915208360528] 0.364054069057408
[1, 2, 0, 0, 16.27619912063796] 0.417191989622071
[1, 2, 0, 0, 16.08567461134412] 0.41713202963709
[1, 2, 0, 0, 19.337488933168473] 0.417267019912786
[1, 2, 0, 0, 12.888874666795491] 0.412970286397512
[1, 2, 0, 0, 3.3453887113703162] 0.035337932896417
[1, 2, 0, 0, 9.942620815852353] 0.390841508396616
[1, 2, 0, 0, 12.66990360465538] 0.412275328922377
[1, 2, 0, 0, 15.822718746413365] 0.417030504079339
[1, 2, 0, 0, 2.2308683436933308] 0.004007598541852
[1, 2, 0, 0, 15.385941481609663] 0.416805352765192
[1, 2, 0, 0, 12.234548084914632] 0.410606914177676
[1, 2, 0, 0, 2.569245230561752] 0.467657297585701
[1, 2, 0, 0, 11.001748050769663] 0.402958800261668
[1, 2, 0, 0, 15.654182218646726] 0.416952628115752
[1, 2, 0, 0, 0.9929040865539185] 0.055643052860936
[1, 2, 0, 0, 2.689887850206931] 0.001371392141637
[1, 2, 0, 0, 19.106198957321592] 0.417294454928073
[1, 2, 0, 0, 16.149378524731766] 0.417153274834212
[1, 2, 0, 0, 3.3228091905741675] 0.034302889471956
[1, 2, 0, 0, 18.04743118446857] 0.41737447670281
[1, 2, 0, 0, 15.596211017553472] 0.416923328646647
[1, 2, 0, 0, 8.693685102801433] 0.365045951439784
[1, 2, 0, 0, 15.255115136429847] 0.416722010308729
[1, 2, 0, 0, 16.902183287328864] 0.417322592945058
[1, 2, 0, 0, 0.11806353817308324] 1e+100
[1, 2, 0, 0, 17.762868727107083] 0.417378555699421
[1, 2, 0, 0, 14.464124941506483] 0.416017943203597
[1, 2, 0, 0, 4.69386801202806] 0.12338846635558
[1, 2, 0, 0, 9.804193412182592] 0.388705370193443
[1, 2, 0, 0, 10.73739122182607] 0.400537039803738
[1, 2, 0, 0, 10.229899794519781] 0.394817932842206
[1, 2, 0, 0, 11.488472026696183] 0.406606437632713
[1, 2, 0, 0, 0.9590781128700709] 0.059178581440677
[1, 2, 0, 0, 7.562453041383694] 0.324538363554766
[1, 2, 0, 0, 9.045412113965499] 0.373958726777943
[1, 2, 0, 0, 1.1403294359722627] 0.048739985270744
[1, 2, 0, 0, 1.6217869661163897] 0.024374760920393
[1, 2, 0, 0, 16.337919385558823] 0.417209184483799
[1, 2, 0, 0, 1.9468063719500472] 0.007740250808907
[1, 2, 0, 0, 13.565881842579081] 0.414635525501303
[1, 2, 0, 0, 11.313450415528886] 0.405404472775275
[1, 2, 0, 0, 12.122791817940307] 0.410108234757882
[1, 2, 0, 0, 6.327408241860095] 0.252970745060673
[1, 2, 0, 0, 19.852484817053096] 0.417197328840662
[1, 2, 0, 0, 2.555776033371675] 0.004943992361632
[1, 2, 0, 0, 15.76313788635791] 0.41700418192189
[1, 2, 0, 0, 5.574126413119251] 0.191971037341401
[1, 2, 0, 0, 4.274427512332418] 0.091802885302182
[1, 2, 0, 0, 16.54897045949574] 0.417260390200163
[1, 2, 0, 0, 11.064603052549915] 0.403485728623822
[1, 2, 0, 0, 19.274821870287745] 0.417274707941939
[1, 2, 0, 0, 3.9991856807481962] 0.068276728169813
[1, 2, 0, 0, 14.106052049140487] 0.415556906936148
[1, 2, 0, 0, 12.607030258541243] 0.412059122812439
[1, 2, 0, 0, 15.96453164211707] 0.417088116659563
[1, 2, 0, 0, 6.724728817964685] 0.279655974961494
[1, 2, 0, 0, 5.020945827098224] 0.145049158516536
[1, 2, 0, 0, 17.579880315925895] 0.417376001100806
[1, 2, 0, 0, 15.367538183132194] 0.416794106768122
[1, 2, 0, 0, 17.077881364233733] 0.41734397018165
[1, 2, 0, 0, 1.674830450642617] 0.021515150553771
[1, 2, 0, 0, 6.647754927096012] 0.274774490999662
[1, 2, 0, 0, 6.025366544881625] 0.230145967802216
[1, 2, 0, 0, 0.6416385629968002] 0.568997609405462
[1, 2, 0, 0, 19.928209633535616] 0.417186251014437
[1, 2, 0, 0, 14.482092728393187] 0.416038427388475
[1, 2, 0, 0, 16.3073948150882] 0.417200770917634
[1, 2, 0, 0, 2.017289341499602] 0.004495606887735
[1, 2, 0, 0, 14.59928854078209] 0.416166171387791
[1, 2, 0, 0, 8.890087437122627] 0.370205414018207
[1, 2, 0, 0, 6.2493726435314345] 0.247287204472528
[1, 2, 0, 0, 12.685539945295467] 0.41232790896169
[1, 2, 0, 0, 5.398595736671585] 0.175992324839865
[1, 2, 0, 0, 17.168917062192016] 0.417352814375345
[1, 2, 0, 0, 18.954543154744385] 0.41731083806352
[1, 2, 0, 0, 13.380398065576102] 0.414243183621962
[1, 2, 0, 0, 2.07690233804112] 0.001886381236695
[1, 2, 0, 0, 4.529796258235217] 0.111663526820145
[1, 2, 0, 0, 4.054345944059756] 0.073099971487938
[1, 2, 0, 0, 0.84001602953649] 0.172002456189313
[1, 2, 0, 0, 17.681839352063164] 0.417378041634204
[1, 2, 0, 0, 6.398141129872035] 0.257995033086721
[1, 2, 0, 0, 14.723324291567874] 0.416291092323651
[1, 2, 0, 0, 6.298092660585346] 0.250852954913712
[1, 2, 0, 0, 3.430184398539149] 0.039161787913188
[1, 2, 0, 0, 16.18706415057886] 0.417165267564044
[1, 2, 0, 0, 19.036164975928262] 0.417302170374836
[1, 2, 0, 0, 5.06778920924954] 0.148072378687368
[1, 2, 0, 0, 7.303795869488532] 0.312210870838277
[1, 2, 0, 0, 15.723228201282545] 0.416985819573932
[1, 2, 0, 0, 0.9927448640330039] 0.055656288311133
[1, 2, 0, 0, 18.270292650588573] 0.417365287991816
[1, 2, 0, 0, 13.120151525049103] 0.413614768555449
[1, 2, 0, 0, 13.02055187023715] 0.413347823135995
[1, 2, 0, 0, 1.053057662128618] 0.05197361703454
[1, 2, 0, 0, 9.414598477051994] 0.381825100962894
[1, 2, 0, 0, 8.986888871890367] 0.372577199039973
[1, 2, 0, 0, 12.686338858018312] 0.412330582740968
[1, 2, 0, 0, 11.442703389201853] 0.406303208333836
[1, 2, 0, 0, 19.992283174991524] 0.417176734555336
[1, 2, 0, 0, 1.0420825421547653] 0.052495436859615
[1, 2, 0, 0, 17.780409275479055] 0.417378580767478
[1, 2, 0, 0, 4.791247752418504] 0.13002786140373
[1, 2, 0, 0, 5.133598001747945] 0.15239245559072
[1, 2, 0, 0, 4.328181446126953] 0.096157511010385
[1, 2, 0, 0, 2.6274927424399674] 0.001857322867236
[1, 2, 0, 0, 17.047531062082562] 0.417340692761946
[1, 2, 0, 0, 17.234864821278933] 0.417358458125874
[1, 2, 0, 0, 10.239525766827134] 0.394941170771609
[1, 2, 0, 0, 1.7520039187153946] 0.017435512027001
[1, 2, 0, 0, 8.546817785987779] 0.360866367823472
[1, 2, 0, 0, 11.67373062585931] 0.407759073462798
[1, 2, 0, 0, 11.744072530922809] 0.408166810314737
[1, 2, 0, 0, 15.008655483315188] 0.416541963024785
[1, 2, 0, 0, 16.310743346686095] 0.417201700576905
[1, 2, 0, 0, 6.381656059101834] 0.256834870054189
[1, 2, 0, 0, 15.640829917748478] 0.416945997109245
[1, 2, 0, 0, 19.370512203696453] 0.417262867539381
[1, 2, 0, 0, 8.360346395731328] 0.355137050801812
[1, 2, 0, 0, 2.8241801584440163] 0.008876606145313
[1, 2, 0, 0, 2.1244013582223875] 8.4756438084e-05
[1, 2, 0, 0, 11.114056654475476] 0.403887942806685
[1, 2, 0, 0, 0.6830093598709497] 0.407232864570172
[1, 2, 0, 0, 15.93075052237565] 0.417075017441277
[1, 2, 0, 0, 9.16708559767319] 0.376709247451057
[1, 2, 0, 0, 14.538241664930096] 0.416100866753961
[1, 2, 0, 0, 15.292896438449636] 0.416746902248536
[1, 2, 0, 0, 3.810662795631603] 0.055793646524938
[1, 2, 0, 0, 18.043611942053055] 0.41737459832454
[1, 2, 0, 0, 19.595573780370433] 0.417233415884961
[1, 2, 0, 0, 9.161677421184063] 0.376590404697424
[1, 2, 0, 0, 1.5831230211887526] 0.026479974022755
[1, 2, 0, 0, 6.768448496949362] 0.28236850623358
[1, 2, 0, 0, 8.532451930052519] 0.360442114789483
[1, 2, 0, 0, 4.903645859201793] 0.137459867304325
[1, 2, 0, 0, 10.385210580404456] 0.396732973437796
[1, 2, 0, 0, 3.678859895140265] 0.050007348178549
[1, 2, 0, 0, 19.606392140421544] 0.417231935070678
[1, 2, 0, 0, 3.8216302415781933] 0.056290186286401
[1, 2, 0, 0, 1.3083205071553805] 0.041496544139055
[1, 2, 0, 0, 4.918885833089199] 0.138452734152617
[1, 2, 0, 0, 2.4244903390194317] 0.007508120468311
[1, 2, 0, 0, 12.789800526720885] 0.412666831479611
[1, 2, 0, 0, 15.239003906754027] 0.416711105015723
[1, 2, 0, 0, 11.342246329397074] 0.405610211989189
[1, 2, 0, 0, 15.692505217687865] 0.416971275919856
[1, 2, 0, 0, 18.825347962956904] 0.417323693993102
[1, 2, 0, 0, 18.43185370038706] 0.417355727796554
[1, 2, 0, 0, 14.744802766470343] 0.416311702506134
[1, 2, 0, 0, 19.88549149486924] 0.417192506010176
[1, 2, 0, 0, 16.975504015513977] 0.417332229612966
[1, 2, 0, 0, 9.579434202865436] 0.384900929011739
[1, 2, 0, 0, 16.80674098967795] 0.41730843834918
[1, 2, 0, 0, 15.514650070617407] 0.416879810643909
[1, 2, 0, 0, 16.70233267612373] 0.417290775370165
[1, 2, 0, 0, 8.276152654253217] 0.352387441333329
[1, 2, 0, 0, 14.878226292005225] 0.416433318603097
[1, 2, 0, 0, 16.42375686441766] 0.417231390211388
[1, 2, 0, 0, 19.701324450081287] 0.417218833260366
[1, 2, 0, 0, 12.449496853518731] 0.411482116736703
[1, 2, 0, 0, 10.118052978472502] 0.393339570810605
[1, 2, 0, 0, 14.169117647921754] 0.415645829848827
[1, 2, 0, 0, 4.015902045622914] 0.069738027379782
[1, 2, 0, 0, 17.451215465370197] 0.417371500518237
[1, 2, 0, 0, 9.199257289775844] 0.377409782811649
[1, 2, 0, 0, 10.973809892248203] 0.402718769531701
[1, 2, 0, 0, 7.545255737486123] 0.323758269503418
[1, 2, 0, 0, 14.556468776572855] 0.416120629252643
[1, 2, 0, 0, 7.665560966451017] 0.329101315550948
[1, 2, 0, 0, 19.01121089569107] 0.417304858433121
[1, 2, 0, 0, 12.670819644588569] 0.412278422050094
[1, 2, 0, 0, 10.578600597169846] 0.398909363701064
[1, 2, 0, 0, 17.82193654597109] 0.417378539804883
[1, 2, 0, 0, 15.610374710676037] 0.416930610132566
[1, 2, 0, 0, 7.718989469058464] 0.33139003213835
[1, 2, 0, 0, 5.720707589070814] 0.204880623496608
[1, 2, 0, 0, 17.499013383055743] 0.417373441376763
[1, 2, 0, 0, 9.59287455634241] 0.385140739106782
[1, 2, 0, 0, 10.111990270098318] 0.393256974905581
[1, 2, 0, 0, 13.035836538695499] 0.413389809068634
[1, 2, 0, 0, 0.19228265764580144] 52745668.6786698
[1, 2, 0, 0, 13.782900808369085] 0.415042499084512
[1, 2, 0, 0, 19.695619474420408] 0.417219629592829
[1, 2, 0, 0, 5.417237714350307] 0.177709592638115
[1, 2, 0, 0, 12.688428944406345] 0.412337571619584
[1, 2, 0, 0, 8.996569076211703] 0.37280840058127
[1, 2, 0, 0, 15.728207091632287] 0.416988142864284
[1, 2, 0, 0, 16.900347718532252] 0.417322338130892
[1, 2, 0, 0, 8.308946620852865] 0.353470802952846
[1, 2, 0, 0, 11.839217965367105] 0.408693656547729
[1, 2, 0, 0, 10.508571706966801] 0.398146708734477
[1, 2, 0, 0, 10.02413079608222] 0.392030279934773
[1, 2, 0, 0, 18.593539968958236] 0.417344090932853
[1, 2, 0, 0, 4.2234475098413204] 0.087588155865126
[1, 2, 0, 0, 5.0532789658932264] 0.147134134809999
[1, 2, 0, 0, 16.84322995514489] 0.41731407028202
[1, 2, 0, 0, 15.58083095159677] 0.416915330598177
[1, 2, 0, 0, 16.13080473408899] 0.41714720802266
[1, 2, 0, 0, 6.5446999012979585] 0.268024670256256
[1, 2, 0, 0, 8.765419606998046] 0.366985876278658
[1, 2, 0, 0, 6.854788561554854] 0.287599053270259
[1, 2, 0, 0, 18.059248705430996] 0.417374121614611
[1, 2, 0, 0, 14.171450033144206] 0.415649050446162
[1, 2, 0, 0, 16.31376304741103] 0.417202536325797
[1, 2, 0, 0, 10.621484457330002] 0.399362509678186
[1, 2, 0, 0, 11.800776144488388] 0.408484131917545
[1, 2, 0, 0, 13.863583229589478] 0.415180656461584
[1, 2, 0, 0, 15.637959560984733] 0.416944562522109
[1, 2, 0, 0, 17.171907747826122] 0.417353080136284
[1, 2, 0, 0, 15.14941835254313] 0.416648587916406
[1, 2, 0, 0, 4.669374963777457] 0.121683697693735
[1, 2, 0, 0, 12.515786286466298] 0.41173123176883
[1, 2, 0, 0, 19.185550688222612] 0.417285334560086
[1, 2, 0, 0, 11.670281859039836] 0.407738672602809
[1, 2, 0, 0, 15.352798161869552] 0.416784988476796
[1, 2, 0, 0, 7.943487876252391] 0.340462640760776
[1, 2, 0, 0, 10.375148690689688] 0.396613566044474
[1, 2, 0, 0, 17.949802077760204] 0.417376969744736
[1, 2, 0, 0, 15.306460107570913] 0.416755672725209
[1, 2, 0, 0, 14.03342878666316] 0.415450074045562
[1, 2, 0, 0, 19.615648487042858] 0.417230673278937
[1, 2, 0, 0, 7.089866365254669] 0.301013153466426
[1, 2, 0, 0, 9.526440541776172] 0.38393950424833
[1, 2, 0, 0, 11.632445115986318] 0.407512285205956
[1, 2, 0, 0, 16.420860998069543] 0.417230672612996
[1, 2, 0, 0, 3.9526372564363177] 0.064237810739287
[1, 2, 0, 0, 4.459333553280215] 0.106390160003374
[1, 2, 0, 0, 5.470366783490288] 0.182581454381065
[1, 2, 0, 0, 16.915526502094963] 0.417324425138503
[1, 2, 0, 0, 15.025032093135774] 0.416554923534912
[1, 2, 0, 0, 18.289975105518604] 0.417364247556443
[1, 2, 0, 0, 16.600095106956207] 0.417271127728273
[1, 2, 0, 0, 8.735492360223226] 0.366184462135591
[1, 2, 0, 0, 10.584753808168799] 0.398974970163396
[1, 2, 0, 0, 1.1479213797243615] 0.048480764292416
[1, 2, 0, 0, 11.057402261182858] 0.403426261043505
[1, 2, 0, 0, 13.631248681711616] 0.414763753507875
[1, 2, 0, 0, 18.71644767447615] 0.417333701795885
[1, 2, 0, 0, 5.106285927337435] 0.150580147714099
[1, 2, 0, 0, 14.86043006390129] 0.416417730757116
[1, 2, 0, 0, 13.206203093078507] 0.41383330377094
[1, 2, 0, 0, 0.42619148569094323] 2.752927550783464
[1, 2, 0, 0, 3.166400690724658] 0.026896847708919
[1, 2, 0, 0, 4.12420383311598] 0.079165244252618
[1, 2, 0, 0, 2.3700090923557537] 0.007243508114676
[1, 2, 0, 0, 8.913605930983328] 0.370791757362918
[1, 2, 0, 0, 2.193360661261521] 0.002722027329384
[1, 2, 0, 0, 12.881017776244438] 0.412946838746762
[1, 2, 0, 0, 8.153687395574508] 0.348198893533225
[1, 2, 0, 0, 16.207642607230362] 0.417171639729669
[1, 2, 0, 0, 16.86263221581946] 0.417316952920787
[1, 2, 0, 0, 18.30954211755113] 0.417363181681012
[1, 2, 0, 0, 5.341825452879778] 0.170746191832254
[1, 2, 0, 0, 11.94514156177666] 0.409248368851449
[1, 2, 0, 0, 0.7531405832862559] 0.257007162101242
[1, 2, 0, 0, 12.10229146505213] 0.410013308569754
[1, 2, 0, 0, 17.31521540924074] 0.417364018111363
[1, 2, 0, 0, 16.916757397820206] 0.41732459237948
[1, 2, 0, 0, 1.9787486070793192] 0.006250123933611
[1, 2, 0, 0, 4.432470870936651] 0.104339215866599
[1, 2, 0, 0, 1.2197416173361275] 0.045758755284214
[1, 2, 0, 0, 12.046335799337278] 0.409748604524652
[1, 2, 0, 0, 7.735703834173391] 0.332095587641204
[1, 2, 0, 0, 10.502847583554013] 0.398083393073464
[1, 2, 0, 0, 4.420467759045308] 0.103415392413313
[1, 2, 0, 0, 14.646680195313426] 0.41621514346011
[1, 2, 0, 0, 3.1845294239802224] 0.027778602939729
[1, 2, 0, 0, 17.371949672107338] 0.417367505668855
[1, 2, 0, 0, 19.409226929940953] 0.417257999134918
[1, 2, 0, 0, 13.151100269394336] 0.413694679609376
[1, 2, 0, 0, 16.09503974482643] 0.417135230829299
[1, 2, 0, 0, 15.719543139325623] 0.416984094008507
[1, 2, 0, 0, 18.43629954935801] 0.41735543825912
[1, 2, 0, 0, 13.111869172349834] 0.413593157176158
[1, 2, 0, 0, 14.199274922080686] 0.41568711948402
[1, 2, 0, 0, 19.402962999753036] 0.417258803109358
[1, 2, 0, 0, 8.255471364706855] 0.35169601212613
[1, 2, 0, 0, 18.502764799673223] 0.417350813182249
[1, 2, 0, 0, 5.768564091145382] 0.20899412564113
[1, 2, 0, 0, 18.731511781708605] 0.417332368184009
[1, 2, 0, 0, 12.898916530409778] 0.413000116684814
[1, 2, 0, 0, 0.3582578879342879] 5.092817508080501
[1, 2, 0, 0, 15.55592124213083] 0.416902173278739
[1, 2, 0, 0, 19.21564066854663] 0.417281791630399
[1, 2, 0, 0, 6.840487451057036] 0.286744154494657
[1, 2, 0, 0, 9.169297000033769] 0.37675775230554
[1, 2, 0, 0, 6.407984704469854] 0.258684706975057
[1, 2, 0, 0, 11.411011543900251] 0.406088635595438
[1, 2, 0, 0, 12.815471052345508] 0.412747003479089
[1, 2, 0, 0, 8.0766857738491] 0.345446873016382
[1, 2, 0, 0, 11.926924643370885] 0.409155280301274
[1, 2, 0, 0, 16.656919974788824] 0.417282343195261
[1, 2, 0, 0, 3.7223952252080195] 0.05189584266697
[1, 2, 0, 0, 15.9368727448425] 0.41707741982291
[1, 2, 0, 0, 5.459535970266471] 0.181591308761196
[1, 2, 0, 0, 13.786762569605841] 0.415049265548181
[1, 2, 0, 0, 11.75080675785236] 0.408205019282502
[1, 2, 0, 0, 18.070224309451145] 0.417373722325656
[1, 2, 0, 0, 13.215257410925664] 0.413855804841089
[1, 2, 0, 0, 16.591793347891844] 0.417269426318417
[1, 2, 0, 0, 6.073265106449481] 0.233914564954513
[1, 2, 0, 0, 18.80023968792688] 0.417326080347922
[1, 2, 0, 0, 5.89461887048982] 0.21957436449882
[1, 2, 0, 0, 7.950480775709623] 0.340731530781461
[1, 2, 0, 0, 2.8775937338122337] 0.011857172432894
[1, 2, 0, 0, 13.45937061895353] 0.414415517012021
[1, 2, 0, 0, 14.653384936214596] 0.416221946805193
[1, 2, 0, 0, 13.557766367792855] 0.414619239993934
[1, 2, 0, 0, 9.083476164386198] 0.374836626731523
[1, 2, 0, 0, 19.92954856956548] 0.417186052675396
[1, 2, 0, 0, 11.658946312994802] 0.407671343995149
[1, 2, 0, 0, 2.6644307941546597] 1.3951068072e-05
[1, 2, 0, 0, 3.84211337267661] 0.057229532162936
[1, 2, 0, 0, 12.467905277884173] 0.411552240647259
[1, 2, 0, 0, 9.873524220828582] 0.389794135024332
[1, 2, 0, 0, 5.820133875816649] 0.213367800654061
[1, 2, 0, 0, 17.032209824458878] 0.41733897391575
[1, 2, 0, 0, 6.6291271788471136] 0.273572722308455
[1, 2, 0, 0, 5.260689986733292] 0.163248338485403
[1, 2, 0, 0, 18.110525324958637] 0.417372394264052
[1, 2, 0, 0, 14.329093654612326] 0.415856268977627
[1, 2, 0, 0, 12.780950116994676] 0.412638695127757
[1, 2, 0, 0, 15.966538559404256] 0.417088882902783
[1, 2, 0, 0, 14.976240977022995] 0.416515857809264
[1, 2, 0, 0, 19.450077396818774] 0.417252840572719
[1, 2, 0, 0, 16.6778846618937] 0.417286293844153
[1, 2, 0, 0, 5.69584028966206] 0.202722834791076
[1, 2, 0, 0, 5.347440400988583] 0.171265806880007
[1, 2, 0, 0, 8.369029653237215] 0.355414750630942
[1, 2, 0, 0, 13.188195680068963] 0.413788513697597
[1, 2, 0, 0, 6.107318606462487] 0.236559640002005
[1, 2, 0, 0, 18.005608527829164] 0.417375691536977
[1, 2, 0, 0, 4.978704709408001] 0.142326600677418
[1, 2, 0, 0, 2.796680667346363] 0.471510365568872
[1, 2, 0, 0, 10.161334975747478] 0.393921688903049
[1, 2, 0, 0, 8.799225466920472] 0.367877708871008
[1, 2, 0, 0, 3.7298006940665185] 0.052218453407674
[1, 2, 0, 0, 4.23329671697368] 0.088408712311518
[1, 2, 0, 0, 15.312884653841639] 0.416759796753005
[1, 2, 0, 0, 0.0972858568034285] 1e+100
[1, 2, 0, 0, 18.159069656136033] 0.417370490780082
[1, 2, 0, 0, 14.10326961789864] 0.415552902841959
[1, 2, 0, 0, 0.5500192051576014] 1.088946254770942
[1, 2, 0, 0, 6.644250607942341] 0.274549021019453
[1, 2, 0, 0, 4.457379404471411] 0.106241729031848
[1, 2, 0, 0, 15.081064899552128] 0.416598112600118
[1, 2, 0, 0, 12.626380146433272] 0.41212649206143
[1, 2, 0, 0, 3.9311519165909403] 0.062410598995631
[1, 2, 0, 0, 11.820412337717567] 0.408591715772821
[1, 2, 0, 0, 15.809005733292466] 0.417024559883659
[1, 2, 0, 0, 12.34760610338758] 0.411080484251363
[1, 2, 0, 0, 6.4666786353391] 0.262748851599644
[1, 2, 0, 0, 13.960674683661766] 0.415338115073081
[1, 2, 0, 0, 10.26584918822235] 0.39527512164312
[1, 2, 0, 0, 0.4861170695217609] 1.720087799043865
[1, 2, 0, 0, 18.18244481211233] 0.417369492658388
[1, 2, 0, 0, 19.99389887209268] 0.417176491880648
[1, 2, 0, 0, 4.220260712477288] 0.08732202663169
[1, 2, 0, 0, 19.939329259822884] 0.417184601507467
[1, 2, 0, 0, 18.624751170634685] 0.417341468929411
[1, 2, 0, 0, 8.25057236673178] 0.351531288929044
[1, 2, 0, 0, 17.573736151563683] 0.417375846101799
[1, 2, 0, 0, 5.330353183770857] 0.169684407334744
[1, 2, 0, 0, 1.8026138973814598] 0.014825566655335
[1, 2, 0, 0, 2.986801892890172] 0.017772564142299
[1, 2, 0, 0, 3.4776888260178285] 0.041266402101606
[1, 2, 0, 0, 10.748492614448132] 0.400645778565864
[1, 2, 0, 0, 8.089225493821361] 0.345901400213411
[1, 2, 0, 0, 7.708281882550645] 0.330935434897368
[1, 2, 0, 0, 1.4783547310490408] 0.0322351444929
[1, 2, 0, 0, 14.948449079704798] 0.416493018192003
[1, 2, 0, 0, 6.558349639156278] 0.268932913521276
[1, 2, 0, 0, 10.737524189155028] 0.400538345751002
[1, 2, 0, 0, 12.704357708196028] 0.41239055660863
[1, 2, 0, 0, 7.62536401891907] 0.327345533612066
[1, 2, 0, 0, 8.536613731493784] 0.360565309498342
[1, 2, 0, 0, 6.185085016924596] 0.24249352497942
[1, 2, 0, 0, 16.965225885078667] 0.417330941738937
[1, 2, 0, 0, 0.7299524389763423] 0.286709628143206
[1, 2, 0, 0, 15.403679651129888] 0.416816047862113
[1, 2, 0, 0, 18.82902790211267] 0.417323348112727
[1, 2, 0, 0, 18.89920642680451] 0.417316436426776
[1, 2, 0, 0, 0.6601088611676831] 0.492964333361998
[1, 2, 0, 0, 5.899733002046618] 0.219995645668056
[1, 2, 0, 0, 1.0555233671422415] 0.05186245024987
[1, 2, 0, 0, 10.569315425887913] 0.398809803548171
[1, 2, 0, 0, 11.137280615741904] 0.404073121811564
[1, 2, 0, 0, 1.5699847151213775] 0.027198398623972
[1, 2, 0, 0, 0.5692744428797658] 0.952587151897783
[1, 2, 0, 0, 9.162029150355195] 0.376598143321711
[1, 2, 0, 0, 13.682003508036827] 0.4148599008806
[1, 2, 0, 0, 16.23624311373524] 0.417180292178995
[1, 2, 0, 0, 17.19621944941238] 0.417355183635378
[1, 2, 0, 0, 7.094282420629825] 0.301253842618032
[1, 2, 0, 0, 0.3498122395592418] 5.525194849104505
[1, 2, 0, 0, 18.676140642944087] 0.41733725051153
[1, 2, 0, 0, 3.233602605077428] 0.030133154736408
[1, 2, 0, 0, 4.41411493544416] 0.102924583435555
[1, 2, 0, 0, 12.258225419822002] 0.4107086058725
[1, 2, 0, 0, 8.967650491496366] 0.372114520738927
[1, 2, 0, 0, 9.136228779970894] 0.376026970225742
[1, 2, 0, 0, 17.82684365576777] 0.417378459239153
[1, 2, 0, 0, 15.956018388866877] 0.417084851427814
[1, 2, 0, 0, 11.685518664629829] 0.407828512022815
[1, 2, 0, 0, 2.000429868228417] 0.00525702283409
[1, 2, 0, 0, 16.36601474285873] 0.41721666786308
[1, 2, 0, 0, 1.0659182176351933] 0.05141479001903
[1, 2, 0, 0, 19.10485715526702] 0.417294603787941
[1, 2, 0, 0, 17.734883748690272] 0.417378437983389
[1, 2, 0, 0, 0.07152964852156218] 1e+100
[1, 2, 0, 0, 18.346063069231274] 0.406778251405307
[1, 2, 0, 0, 16.087094121444796] 0.417132516601161
[1, 2, 0, 0, 8.497338988837821] 0.359393311238818
[1, 2, 0, 0, 18.430439000969578] 0.417355826923922
[1, 2, 0, 0, 13.608371535402828] 0.414719477381332
[1, 2, 0, 0, 2.9562395068365466] 0.016144727818741
[1, 2, 0, 0, 10.358003152123164] 0.396408636573819
[1, 2, 0, 0, 18.571177194556967] 0.417345722570873
[1, 2, 0, 0, 19.59651087645559] 0.41723328879215
[1, 2, 0, 0, 6.654134306673781] 0.275184217107202
[1, 2, 0, 0, 11.848760700364757] 0.408744979971253
[1, 2, 0, 0, 4.078963024362285] 0.075246523805251
[1, 2, 0, 0, 12.101616937122701] 0.410010166687971
[1, 2, 0, 0, 14.508664296332022] 0.416068281328286
[1, 2, 0, 0, 2.977951198547879] 0.017303444703808
[1, 2, 0, 0, 9.408057606805809] 0.381697771374138
[1, 2, 0, 0, 19.933749774095595] 0.417185429818379
[1, 2, 0, 0, 10.427153720731708] 0.397223988890236
[1, 2, 0, 0, 17.06411992499183] 0.417342505009788
[1, 2, 0, 0, 4.414783250407018] 0.10297627718518
[1, 2, 0, 0, 15.542579223722083] 0.416895021383973
[1, 2, 0, 0, 8.477564712504606] 0.358795202654548
[1, 2, 0, 0, 8.29120732782096] 0.352886754061982
[1, 2, 0, 0, 15.919342493070726] 0.417070507092709
[1, 2, 0, 0, 5.509789456069871] 0.18617048084862
[1, 2, 0, 0, 8.5404024096918] 0.360677254685038
[1, 2, 0, 0, 8.879821483223685] 0.369947410639985
[1, 2, 0, 0, 0.3837231470801483] 4.000513759216544
[1, 2, 0, 0, 7.357831673027302] 0.31489322279048
[1, 2, 0, 0, 18.318713729285857] 0.417362671155254
[1, 2, 0, 0, 1.4762314332644078] 0.032352159623213
[1, 2, 0, 0, 5.137832121610195] 0.152678005176961
[1, 2, 0, 0, 15.737165310563196] 0.416992299579553
[1, 2, 0, 0, 12.643282967732581] 0.41218473303854
[1, 2, 0, 0, 9.537013416399024] 0.38413335977368
[1, 2, 0, 0, 0.9073260242724346] 0.070221084676316
[1, 2, 0, 0, 2.740692950434276] 0.004176688249791
[1, 2, 0, 0, 13.57285907583492] 0.414649486319456
[1, 2, 0, 0, 7.8608354981539925] 0.33722270089713
[1, 2, 0, 0, 5.72312393358261] 0.20508956095343
[1, 2, 0, 0, 9.180999002585308] 0.377013557150591
[1, 2, 0, 0, 0.8937310952453004] 0.07588421635641
[1, 2, 0, 0, 0.22857115246218696] 1975.1892182386598
[1, 2, 0, 0, 17.66493139959826] 0.41737769020154
[1, 2, 0, 0, 12.637128247587771] 0.412163591071921
[1, 2, 0, 0, 3.6343117971771766] 0.048081996928344
[1, 2, 0, 0, 18.483902097768784] 0.417352180356917
[1, 2, 0, 0, 18.19065123230372] 0.417369150043245
[1, 2, 0, 0, 8.67380311840099] 0.364496673171999
[1, 2, 0, 0, 2.987896816128135] 0.017830469015492
[1, 2, 0, 0, 2.151218769786065] 0.001146206896589
[1, 2, 0, 0, 2.0007927568841444] 0.005240532089723
[1, 2, 0, 0, 2.2433706030809386] 0.004406687139334
[1, 2, 0, 0, 2.6609616486097565] 0.00016733904603
[1, 2, 0, 0, 17.93135547289229] 0.417377288546208
[1, 2, 0, 0, 19.821636094879914] 0.417201780333685
[1, 2, 0, 0, 1.8939604197330917] 0.010271749570346
[1, 2, 0, 0, 2.289930836081686] 0.005734528753017
[1, 2, 0, 0, 8.743719131691712] 0.366405886655059
[1, 2, 0, 0, 18.320851307660007] 0.41736254499134
[1, 2, 0, 0, 5.262599512130195] 0.163424054592358
[1, 2, 0, 0, 12.311573970681666] 0.410932704103294
[1, 2, 0, 0, 14.72862743090878] 0.416296208243223
[1, 2, 0, 0, 4.274159590506727] 0.091780948457262
[1, 2, 0, 0, 2.5973976484102734] 0.003259032786745
[1, 2, 0, 0, 13.761889261711932] 0.415005383976649
[1, 2, 0, 0, 13.894746255236512] 0.415232225033481
[1, 2, 0, 0, 0.783594039763924] 0.229437835208584
[1, 2, 0, 0, 17.560177211224392] 0.417375465450926
[1, 2, 0, 0, 18.33669841384583] 0.417361653642834
[1, 2, 0, 0, 18.526429044151044] 0.417349122719705
[1, 2, 0, 0, 8.366849473725061] 0.355345128449197
[1, 2, 0, 0, 6.660870016118121] 0.275615811801425
[1, 2, 0, 0, 9.30615719786485] 0.379660035459739
[1, 2, 0, 0, 4.296980571906133] 0.093641252779582
[1, 2, 0, 0, 1.5257417098952408] 0.029626022130405
[1, 2, 0, 0, 6.786262188966292] 0.283461357731439
[1, 2, 0, 0, 15.78823584387876] 0.417015427425499
[1, 2, 0, 0, 3.490612655839118] 0.041835060067221
[1, 2, 0, 0, 2.63923182728121] 0.001278050337846
[1, 2, 0, 0, 2.055974380982406] 0.002786726515354
[1, 2, 0, 0, 0.754978170787175] 0.255097452974216
[1, 2, 0, 0, 10.935957649343091] 0.402387825912454
[1, 2, 0, 0, 2.3907835015699197] 0.007427959324173
[1, 2, 0, 0, 3.695778448056335] 0.050739938400697
[1, 2, 0, 0, 19.992841889247217] 0.417176650681546
[1, 2, 0, 0, 13.456913520391094] 0.4144102278582
[1, 2, 0, 0, 13.09077084381986] 0.413537628177587
[1, 2, 0, 0, 0.3106802467193259] 7.770190662985421
[1, 2, 0, 0, 7.050144762073498] 0.298829747750243
[1, 2, 0, 0, 6.45513267791074] 0.261955894120302
[1, 2, 0, 0, 11.43334012596133] 0.406240212698254
[1, 2, 0, 0, 0.8298416582475165] 0.187017617950102
[1, 2, 0, 0, 10.194573220339226] 0.394360253812834
[1, 2, 0, 0, 7.067334716189377] 0.299778725167382
[1, 2, 0, 0, 18.939669234708838] 0.41731245571753
[1, 2, 0, 0, 16.43901687759973] 0.417235135934286
[1, 2, 0, 0, 0.0031713536957989064] 1e+100
[1, 2, 0, 0, 5.176792513178894] 0.155665018284354
[1, 2, 0, 0, 15.413201601936857] 0.416821730920152
[1, 2, 0, 0, 13.20164358202933] 0.413822101288385
[1, 2, 0, 0, 19.474063785680308] 0.417249692350373
[1, 2, 0, 0, 19.80449638618349] 0.417204240201212
[1, 2, 0, 0, 4.202286064028186] 0.085815273882173
[1, 2, 0, 0, 17.799229323074258] 0.417378574982918
[1, 2, 0, 0, 8.595132616535786] 0.362272793532037
[1, 2, 0, 0, 13.58996416223607] 0.41468333768998
[1, 2, 0, 0, 0.1896227215257129] 159807032776428.0
[1, 2, 0, 0, 5.526972107026349] 0.187726823918786
[1, 2, 0, 0, 5.222218142774915] 0.159727569940626
[1, 2, 0, 0, 8.689499848748223] 0.364930748280154
[1, 2, 0, 0, 7.821204211999044] 0.335628149701601
[1, 2, 0, 0, 3.348717339016316] 0.035489877751263
[1, 2, 0, 0, 17.20414369688685] 0.417355850233728
[1, 2, 0, 0, 15.643649625236959] 0.416947403236554
[1, 2, 0, 0, 1.4537760670363165] 0.03358976831412
[1, 2, 0, 0, 15.310280446931115] 0.416758127397019
[1, 2, 0, 0, 2.211510010662059] 0.003359567079429
[1, 2, 0, 0, 1.6008842098194642] 0.02551107865624
[1, 2, 0, 0, 14.963030104183108] 0.416505053962924
[1, 2, 0, 0, 8.44284109780136] 0.357731775127821
[1, 2, 0, 0, 1.3936083391157217] 0.036899730877635
[1, 2, 0, 0, 16.545125005851556] 0.417259557259301
[1, 2, 0, 0, 10.104336842733945] 0.393152302698432
[1, 2, 0, 0, 8.886661375640564] 0.370119450186711
[1, 2, 0, 0, 10.734610725933933] 0.400509705550864
[1, 2, 0, 0, 15.832765031976137] 0.417034816095134
[1, 2, 0, 0, 2.279419473227584] 0.005458819111503
[1, 2, 0, 0, 13.229313226185255] 0.413890163170601
[1, 2, 0, 0, 4.806476114630362] 0.131047851751244
[1, 2, 0, 0, 3.982798798991418] 0.066847710877394
[1, 2, 0, 0, 15.95301295571835] 0.417083692944296
[1, 2, 0, 0, 17.41250935763005] 0.417369638885339
[1, 2, 0, 0, 1.9069333790017406] 0.009642977177342
[1, 2, 0, 0, 17.722807107109798] 0.41737835698772
[1, 2, 0, 0, 18.583594650526937] 0.417344759932451
[1, 2, 0, 0, 17.88510898170671] 0.417377943708688
[1, 2, 0, 0, 15.890436229759308] 0.417058879917387
[1, 2, 0, 0, 10.405337344992107] 0.396969938852764
[1, 2, 0, 0, 2.670848331788511] 0.000351882109905
[1, 2, 0, 0, 19.58843754675283] 0.417234382590362
[1, 2, 0, 0, 15.107593879931887] 0.416617992144881
[1, 2, 0, 0, 15.371996686682055] 0.416796845367225
[1, 2, 0, 0, 0.8397116301357488] 0.172551056334159
[1, 2, 0, 0, 15.298415836767234] 0.416750481644786
[1, 2, 0, 0, 6.854189326407942] 0.287563322837998
[1, 2, 0, 0, 12.531580719845705] 0.411789224348118
[1, 2, 0, 0, 14.474235261220848] 0.416029498033149
[1, 2, 0, 0, 12.613881381777972] 0.412083061261771
[1, 2, 0, 0, 12.3271962759226] 0.410997091990273
[1, 2, 0, 0, 4.740654658793197] 0.126604854294949
[1, 2, 0, 0, 4.271195023047558] 0.09153806382854
[1, 2, 0, 0, 11.667462385190221] 0.407721965390797
[1, 2, 0, 0, 1.627096067405427] 0.02408690852818
[1, 2, 0, 0, 4.394195702702836] 0.1013772578012
[1, 2, 0, 0, 11.230225288927421] 0.404791397389394
[1, 2, 0, 0, 13.287706830359227] 0.414030342448316
[1, 2, 0, 0, 6.708921696741578] 0.278664572066557
[1, 2, 0, 0, 18.277756715613933] 0.417364901251503
[1, 2, 0, 0, 11.129321349133265] 0.40400991468595
[1, 2, 0, 0, 9.338094497247758] 0.380309745818425
[1, 2, 0, 0, 11.618164615816205] 0.407425594614062
[1, 2, 0, 0, 7.697684549455022] 0.33048350900092
[1, 2, 0, 0, 12.12816166812938] 0.410132917595683
[1, 2, 0, 0, 9.214802776064419] 0.377744369835591
[1, 2, 0, 0, 2.42009222873961] 0.007513903641975
[1, 2, 0, 0, 4.224763767947031] 0.087697986808312
[1, 2, 0, 0, 15.993205527926843] 0.41709893834527
[1, 2, 0, 0, 6.257310151014746] 0.247872078642966
[1, 2, 0, 0, 13.714480588315537] 0.414919897687254
[1, 2, 0, 0, 13.574899345704845] 0.414653555923259
[1, 2, 0, 0, 3.4548759493879655] 0.04025867434063
[1, 2, 0, 0, 14.73455387201236] 0.416301904366628
[1, 2, 0, 0, 8.029260087750105] 0.343705187978338
[1, 2, 0, 0, 14.078150006212212] 0.415516436548588
[1, 2, 0, 0, 3.637886311453431] 0.048236424310799
[1, 2, 0, 0, 6.512503961996499] 0.26586503459424
[1, 2, 0, 0, 4.886461267052664] 0.13633667952979
[1, 2, 0, 0, 10.736924246970085] 0.400532439404162
[1, 2, 0, 0, 19.345779402150598] 0.417265973144876
[1, 2, 0, 0, 17.208841011266447] 0.417356239081716
[1, 2, 0, 0, 2.638747998286013] 0.001302237506698
[1, 2, 0, 0, 5.587507768218374] 0.193167863327678
[1, 2, 0, 0, 5.0466916538536495] 0.146708880878307
[1, 2, 0, 0, 19.06176306751957] 0.41729937260124
[1, 2, 0, 0, 9.065961540432745] 0.374434675106707
[1, 2, 0, 0, 18.126780564292588] 0.417371775825061
[1, 2, 0, 0, 18.38944194975021] 0.417358457526164
[1, 2, 0, 0, 7.8500796795485295] 0.336792598200221
[1, 2, 0, 0, 10.390146719569941] 0.396791321798316
[1, 2, 0, 0, 1.952586655823314] 0.007468287836018
[1, 2, 0, 0, 10.382299894610474] 0.396698496297187
[1, 2, 0, 0, 9.824976348619384] 0.389035853241606
[1, 2, 0, 0, 3.991156536810081] 0.067575939880065
[1, 2, 0, 0, 4.64178048902629] 0.119744818051897
[1, 2, 0, 0, 12.396676847775858] 0.411276806961413
[1, 2, 0, 0, 4.615530546340727] 0.117881823445367
[1, 2, 0, 0, 13.509217564926182] 0.414520242177214
[1, 2, 0, 0, 7.1424793159128335] 0.303854236905725
[1, 2, 0, 0, 2.771158328709915] 0.005889290366674
[1, 2, 0, 0, 2.822068808938838] 0.008757985744088
[1, 2, 0, 0, 10.213951567320619] 0.394612342407299
[1, 2, 0, 0, 15.559714715967969] 0.416904193360054
[1, 2, 0, 0, 0.20631331356208538] 1e+100
[1, 2, 0, 0, 12.47809436455235] 0.411590738219991
[1, 2, 0, 0, 10.037013751775717] 0.392213632053324
[1, 2, 0, 0, 14.543120253327261] 0.416106178958151
[1, 2, 0, 0, 2.5663718057394047] 0.004547509574948
[1, 2, 0, 0, 0.35441057021629696] 5.285398959424022
[1, 2, 0, 0, 6.837696257983719] 0.286576772246334
[1, 2, 0, 0, 7.268026267249656] 0.310403347686567
[1, 2, 0, 0, 6.340986536121029] 0.253944685375851
[1, 2, 0, 0, 16.680428868999893] 0.41728676648451
[1, 2, 0, 0, 3.516819086541678] 0.042983606370051
[1, 2, 0, 0, 5.851519362034365] 0.215999109628199
[1, 2, 0, 0, 17.668231748987083] 0.417377750761213
[1, 2, 0, 0, 8.960646088099725] 0.371945004172929
[1, 2, 0, 0, 5.188915395846674] 0.156732193246223
[1, 2, 0, 0, 15.639082674610458] 0.416945124232609
[1, 2, 0, 0, 10.998338662829264] 0.402929701765755
[1, 2, 0, 0, 1.973906708843003] 0.006473974799775
[1, 2, 0, 0, 19.91149557675165] 0.417188719252677
[1, 2, 0, 0, 11.337370719337994] 0.40557560386362
[1, 2, 0, 0, 17.859475488095594] 0.417378218507074
[1, 2, 0, 0, 2.461276712400917] 0.007258007278164
[1, 2, 0, 0, 3.2989331852503767] 0.033199863190906
[1, 2, 0, 0, 0.915637878925537] 0.067604539506098
[1, 2, 0, 0, 2.417142216212149] 0.00751498030046
[1, 2, 0, 0, 15.888568408534205] 0.417058118737799
[1, 2, 0, 0, 12.45839093070255] 0.411516089850534
[1, 2, 0, 0, 2.8612487539867293] 0.010949979902516
[1, 2, 0, 0, 12.991627733614582] 0.413267346411199
[1, 2, 0, 0, 18.047749275673297] 0.417374466049198
[1, 2, 0, 0, 11.861482259660347] 0.408812978492759
[1, 2, 0, 0, 17.655522863285707] 0.417377550357802
[1, 2, 0, 0, 12.610370843888251] 0.412070806821873
[1, 2, 0, 0, 7.350113201446026] 0.314513601810877
[1, 2, 0, 0, 9.644261267282923] 0.38604282969345
[1, 2, 0, 0, 18.710183613801096] 0.41733426897859
[1, 2, 0, 0, 0.013698564053310491] 1e+100
[1, 2, 0, 0, 13.55677594538024] 0.414617342027282
[1, 2, 0, 0, 9.850136079727701] 0.389431167412588
[1, 2, 0, 0, 2.2173514912300285] 0.003558775916876
